Cluster_0224	OG0002867	2,2,4,3,3,3,2,4,3,2,2,6,2
Cluster_0224	OG0000315	8,5,8,4,2,5,8,16,7,7,8,27,7
Cluster_0254	OG0000045	24,12,17,15,2,24,22,45,16,16,33,98,25
Cluster_0191	OG0000048	25,20,21,13,1,25,29,51,12,23,26,64,15
Cluster_0259	OG0000773	2,4,9,6,2,4,6,11,2,5,4,18,4
Cluster_0291	OG0001322	3,2,7,3,2,2,2,4,1,2,3,26,2
Cluster_0306	OG0011706	1,1,1,1,1,1,1,2,2,1,1,3,1
Cluster_0427	OG0007179	1,1,3,2,1,1,1,2,1,1,1,10,1
Cluster_0441	OG0000032	29,16,44,22,4,23,15,34,21,21,17,163,27
Cluster_0442	OG0002673	2,1,3,4,3,3,3,5,3,4,2,5,1
Cluster_0443	OG0000066	10,13,14,17,14,16,18,40,17,21,19,60,8
Cluster_0462	OG0004717	2,2,3,2,2,2,1,4,2,2,8,1
Cluster_0464	OG0000681	4,4,15,6,3,5,3,8,5,3,3,16,4
Cluster_0469	OG0003203	5,1,3,2,1,2,3,5,2,2,1,8,3
Cluster_0475	OG0001303	4,3,7,3,3,3,3,6,4,3,2,9,3
Cluster_0481	OG0022343	NA
Cluster_0491	OG0001344	3,3,3,4,3,3,4,8,1,4,4,12,3
Cluster_0502	OG0005915	1,1,2,2,1,2,2,4,3,2,2,3
Cluster_0503	OG0000482	9,7,10,10,1,9,2,12,4,3,3,18,4
Cluster_0515	OG0025804	NA
Cluster_0519	OG0008202	1,1,3,1,1,2,4,1,1,4,2,1
Cluster_0180	OG0002342	2,2,4,2,2,3,2,4,2,2,2,16,1
Cluster_0182	OG0010539	2,1,1,1,3,5,2,2,3
Cluster_0188	OG0000890	6,5,4,8,1,6,4,5,2,4,3,15,7
Cluster_0192	OG0000066	10,13,14,17,14,16,18,40,17,21,19,60,8
Cluster_0193	OG0000615	6,5,7,1,3,6,1,5,6,3,3,30,10
Cluster_0199	OG0000004	1,9,58,1,18,105,52,1,97,5,163,15
Cluster_0201	OG0007264	2,3,2,3,1,3,2,1,1,6,2
Cluster_0203	OG0000438	13,7,14,4,2,5,5,3,3,2,31,12
Cluster_0204	OG0003430	2,1,1,3,3,5,1,3,2,2,1,10,1
Cluster_0220	OG0001408	4,2,4,4,4,4,2,7,4,4,1,13,3
Cluster_0228	OG0005890	1,1,1,1,1,1,2,2,3,1,2,4,1
Cluster_0233	OG0000894	6,3,3,7,1,11,2,11,2,3,2,12,5
Cluster_0239	OG0008196	1,1,1,3,1,1,2,4,1,2,1,4,1
Cluster_0247	OG0003981	2,1,12,4,1,2,1,5,2,1,2,1
Cluster_0252	OG0013551	1,3,1,1,1,1,2,2,1,1,3
Cluster_0257	OG0019481	NA
Cluster_0262	OG0009630	1,6,1,1,1,1,2,2,1,1,4,1
Cluster_0265	OG0010780	1,1,2,3,1,1,1,3,1,1,1,2,1
Cluster_0266	OG0006698	1,1,2,4,1,3,1,2,1,1,1,9
Cluster_0273	OG0011660	1,1,1,1,1,1,1,4,1,1,1,3,1
Cluster_0280	OG0006337	1,1,4,3,1,3,1,2,2,1,1,7,1
Cluster_0287	OG0001582	2,3,4,3,3,4,3,6,4,3,3,11,3
Cluster_0292	OG0004378	1,2,1,1,1,2,2,5,1,2,3,10,1
Cluster_0294	OG0004553	2,1,4,2,4,1,1,6,1,1,6,3
Cluster_0298	OG0007613	1,2,3,1,1,1,1,2,2,1,9,1
Cluster_0299	OG0009424	1,1,1,1,2,1,2,4,2,2,3,1
Cluster_0301	OG0001956	2,2,5,2,2,4,2,6,4,2,2,5,3
Cluster_0305	OG0005072	1,1,8,2,1,1,1,4,1,1,1,8,1
Cluster_0313	OG0000218	10,9,6,8,2,2,4,13,1,7,8,71,9
Cluster_0316	OG0001138	5,4,4,3,1,4,3,6,5,3,3,14,5
Cluster_0321	OG0000893	7,4,14,1,2,1,2,3,2,3,2,24,5
Cluster_0327	OG0012154	1,1,1,1,2,6,1,3,2
Cluster_0330	OG0001102	3,2,3,5,3,4,4,7,4,3,3,15,4
Cluster_0332	OG0006196	1,2,2,2,1,1,2,2,1,1,1,7,1
Cluster_0334	OG0000512	7,3,3,5,3,3,6,11,6,5,6,19,1
Cluster_0339	OG0000004	1,9,58,1,18,105,52,1,97,5,163,15
Cluster_0349	OG0000480	3,3,10,2,2,2,4,7,3,6,4,49,2
Cluster_0359	OG0000996	10,3,5,1,4,1,2,3,2,6,5,20,6
Cluster_0366	OG0000770	3,2,8,5,5,6,4,8,3,4,4,20,3
Cluster_0368	OG0000004	1,9,58,1,18,105,52,1,97,5,163,15
Cluster_0382	OG0000279	7,5,8,11,4,7,8,13,7,9,7,38,5
Cluster_0389	OG0001142	4,4,3,4,4,4,3,5,3,3,3,15,3
Cluster_0394	OG0002345	2,2,6,3,2,3,2,4,4,2,2,10,2
Cluster_0398	OG0017708	1,1,2,1,1
Cluster_0404	OG0000112	8,11,10,17,12,14,11,28,11,11,11,47,9
Cluster_0412	OG0016280	1,1,1,1,1,1,1,2
Cluster_0418	OG0002744	2,2,4,1,2,4,2,5,3,2,2,10,2
Cluster_0430	OG0006186	2,1,2,1,1,2,1,4,1,1,1,7,2
Cluster_0435	OG0018692	NA
Cluster_0439	OG0008833	1,1,4,1,1,1,1,3,1,1,1,4,1
Cluster_0542	OG0008125	1,2,2,1,1,2,1,2,1,1,2,5,1
Cluster_0736	OG0001670	1,3,4,2,5,3,3,5,1,2,3,13,1
Cluster_0754	OG0013821	1,1,1,1,1,1,2,1,1,5,1
Cluster_0794	OG0006287	1,2,1,1,1,2,2,2,1,3,9,1
Cluster_0816	OG0001088	2,3,4,4,3,7,5,8,4,4,4,14,2
Cluster_0821	OG0000244	10,4,3,5,5,5,11,23,3,11,10,24,9
Cluster_0525	OG0010209	1,1,2,2,1,1,1,2,1,1,1,5,1
Cluster_0567	OG0000678	4,4,3,5,3,6,5,11,2,5,7,19,2
Cluster_0576	OG0001067	5,2,10,2,1,3,3,8,2,3,7,14,2
Cluster_0578	OG0015836	1,2,3,2,2,1
Cluster_0583	OG0000925	1,3,3,4,3,4,5,10,4,4,5,14,3
Cluster_0599	OG0000526	6,5,4,6,3,6,6,8,1,8,8,21,8
Cluster_0621	OG0002038	9,7,1,2,1,5,8,4,2,2,2
Cluster_0691	OG0002719	3,3,2,4,2,3,2,4,3,2,2,8,3
Cluster_0718	OG0010783	1,1,2,1,1,1,2,2,3,2,2,1
Cluster_0728	OG0000349	7,7,6,8,5,5,8,12,8,9,25,7
Cluster_0747	OG0002583	4,2,1,7,8,6,7
Cluster_0751	OG0014856	1,1,1,1,2,1,2,2,3,1
Cluster_0762	OG0007005	3,2,1,1,1,1,3,4,3,2,3,1
Cluster_0766	OG0001862	2,2,3,2,2,4,3,6,4,3,2,11,2
Cluster_0768	OG0000953	2,2,9,2,2,3,7,8,3,8,6,8,3
Cluster_0776	OG0007167	2,1,1,2,1,1,1,2,1,1,1,8,2
Cluster_0790	OG0000004	1,9,58,1,18,105,52,1,97,5,163,15
Cluster_0791	OG0000450	2,7,4,5,3,8,12,12,9,9,9,6,3
Cluster_0792	OG0000590	8,4,7,5,2,6,5,9,3,6,6,17,7
Cluster_0800	OG0000190	11,8,12,8,8,11,11,20,10,10,10,22,11
Cluster_0812	OG0012403	1,1,1,2,1,1,1,2,1,1,1,4,1
Cluster_0813	OG0005468	1,1,4,2,1,2,1,4,3,1,1,5,2
Cluster_0528	OG0003508	4,1,2,1,1,1,1,3,1,2,1,14,4
Cluster_0529	OG0000004	1,9,58,1,18,105,52,1,97,5,163,15
Cluster_0547	OG0000712	4,3,8,4,3,3,3,9,5,5,5,20,4
Cluster_0561	OG0007403	1,1,1,3,1,2,1,3,2,1,1,4,1
Cluster_0571	OG0003124	3,3,1,1,2,9,4,1,13,3
Cluster_0572	OG0007779	1,1,2,1,2,4,2,2,2,6
Cluster_0577	OG0006811	3,1,1,3,5,2,2
Cluster_0579	OG0000168	8,9,23,11,4,11,10,18,4,9,9,44,9
Cluster_0595	OG0004504	1,1,7,1,1,2,1,3,2,1,1,7,1
Cluster_0601	OG0000060	19,21,49,39,4,19,7,13,10,7,6,107,18
Cluster_0602	OG0005553	1,1,1,1,2,1,2,4,2,2,6,2
Cluster_0603	OG0000054	24,15,23,14,2,20,18,42,8,22,15,103,16
Cluster_0613	OG0007279	1,8,1,1,1,3,2,1,1,5,1
Cluster_0619	OG0005759	1,1,3,4,1,2,2,3,1,1,1,4,1
Cluster_0623	OG0001235	2,2,5,3,3,6,3,7,4,3,3,14
Cluster_0624	OG0001431	1,2,3,5,15,4,8,1,1,9,9
Cluster_0625	OG0008469	1,1,2,1,1,1,2,2,1,1,6,1
Cluster_0631	OG0000118	21,16,10,6,6,7,10,18,7,10,9,77,8
Cluster_0646	OG0001592	1,1,13,1,1,2,3,9,3,3,2,15,1
Cluster_0648	OG0000225	8,3,10,5,1,5,8,12,5,6,6,62,7
Cluster_0649	OG0025796	NA
Cluster_0655	OG0010135	1,1,2,1,1,1,1,2,1,1,1,5,1
Cluster_0660	OG0002016	3,3,4,1,2,4,1,4,3,18,4
Cluster_0668	OG0007659	1,2,3,1,1,1,2,2,2,1,2,4,1
Cluster_0674	OG0000004	1,9,58,1,18,105,52,1,97,5,163,15
Cluster_0676	OG0000268	5,12,7,8,2,10,8,16,7,9,7,31,3
Cluster_0677	OG0001111	3,2,8,3,5,2,2,7,5,2,2,15,4
Cluster_0679	OG0001246	2,3,4,4,3,4,4,8,3,4,4,11,3
Cluster_0680	OG0005726	4,1,3,2,11,1,3,3
Cluster_0686	OG0001425	2,13,1,8,4,10,1,6,4,6,1
Cluster_0700	OG0006895	1,1,2,1,1,2,1,3,3,1,1,7,1
Cluster_0705	OG0000555	4,5,9,5,3,4,6,10,8,5,5,17,3
Cluster_0710	OG0000002	175,110,251,140,15,88,91,346,74,97,80,869,131
Cluster_0711	OG0000135	8,12,10,8,3,8,12,36,8,17,13,35,6
Cluster_0713	OG0004223	2,1,2,1,1,7,2,15,2
Cluster_1060	OG0015533	1,1,1,1,2,2,1,1,3
Cluster_1008	OG0001076	3,3,9,4,4,4,3,8,3,3,3,13,4
Cluster_1057	OG0009092	1,1,3,1,3,1,1,3,1,1,1,1,1
Cluster_1064	OG0004960	1,1,2,4,1,2,1,3,2,1,1,9,1
Cluster_0845	OG0001641	3,2,3,4,11,4,10,1,3,5,2,4
Cluster_0851	OG0007695	1,1,4,1,1,2,1,3,2,1,2,4,1
Cluster_1006	OG0000160	16,14,14,6,6,6,21,20,1,5,13,48,14
Cluster_1011	OG0000491	6,6,5,6,3,7,6,13,1,6,5,19,4
Cluster_1016	OG0000072	19,14,18,17,6,12,14,30,9,15,18,76,16
Cluster_1019	OG0001878	2,2,6,1,1,3,2,4,3,2,2,15,2
Cluster_1021	OG0004122	1,11,1,1,2,1,6,1,1,7,2
Cluster_1025	OG0004681	1,1,2,2,2,5,1,3,2,1,1,8,1
Cluster_1033	OG0001992	1,1,6,5,1,3,1,5,2,1,1,18,3
Cluster_1037	OG0000063	13,13,20,18,16,20,19,38,14,20,20,54,16
Cluster_1040	OG0005973	1,1,2,1,1,2,1,3,2,1,2,3,1
Cluster_1041	OG0001710	3,5,3,5,3,5,7,2,3,12,2
Cluster_1042	OG0014739	1,1,5,3,1,2,1
Cluster_1043	OG0002941	1,1,14,3,1,1,1,5,2,1,1,9,1
Cluster_1046	OG0005467	2,1,2,1,1,1,1,5,1,1,1,11,2
Cluster_1052	OG0007547	1,1,1,1,1,2,1,5,1,2,1,6,1
Cluster_1056	OG0008809	1,2,3,2,3,2,1,2,1,1,1,2,1
Cluster_1059	OG0011971	1,2,1,1,1,4,1,1,5,1
Cluster_1068	OG0005337	1,1,3,2,1,2,2,4,3,3,2,2,1
Cluster_0822	OG0000004	1,9,58,1,18,105,52,1,97,5,163,15
Cluster_1068	OG0005337	1,1,3,2,1,2,2,4,3,3,2,2,1
Cluster_0822	OG0000004	1,9,58,1,18,105,52,1,97,5,163,15
Cluster_0827	OG0001654	4,3,1,1,3,1,3,6,2,3,22,2
Cluster_0830	OG0001931	2,1,6,2,2,2,4,9,4,2,2,7,2
Cluster_0831	OG0001606	3,3,4,1,2,4,2,4,3,3,2,16,2
Cluster_0856	OG0002050	5,3,2,2,3,2,3,4,3,2,14,4
Cluster_0860	OG0003781	2,2,4,4,1,3,2,4,2,2,3,5,1
Cluster_0863	OG0005135	1,3,2,1,1,3,4,1,4,2,6,2
Cluster_0865	OG0001499	6,2,12,2,2,1,2,3,1,2,2,15,5
Cluster_0868	OG0003474	2,2,4,5,2,2,2,4,2,2,8,2
Cluster_0871	OG0000124	8,7,16,2,11,9,9,25,17,12,10,50,8
Cluster_0874	OG0000755	5,4,4,3,6,6,7,7,4,4,20,3
Cluster_0875	OG0006308	1,2,2,1,2,1,2,4,1,2,2,4,1
Cluster_0879	OG0000786	10,1,4,2,3,1,4,7,2,5,4,23,4
Cluster_0893	OG0012109	1,1,3,1,1,1,1,2,1,1,1,2,1
Cluster_0897	OG0002072	2,2,7,7,3,2,2,3,2,2,3,10,2
Cluster_0900	OG0005082	1,3,1,1,1,4,6,1,3,3,5,1
Cluster_0907	OG0000253	11,4,9,8,2,5,8,12,4,7,6,51,10
Cluster_0910	OG0009868	1,1,2,2,1,1,1,3,1,1,1,4,1
Cluster_0924	OG0003289	3,2,2,3,1,2,2,4,3,2,2,8,2
Cluster_0930	OG0015255	1,1,1,1,1,2,1,1,4
Cluster_0934	OG0001372	5,3,7,4,2,3,3,6,3,3,2,14,1
Cluster_0935	OG0002370	1,2,1,1,1,2,5,9,2,6,4,5,2
Cluster_0937	OG0021673	1,1
Cluster_0943	OG0006161	1,1,1,2,1,1,1,4,2,1,1,7,1
Cluster_0946	OG0000155	12,14,21,15,5,6,9,17,8,10,8,36,9
Cluster_0947	OG0001644	3,2,4,7,3,2,3,7,4,3,4,8,1
Cluster_0953	OG0000004	1,9,58,1,18,105,52,1,97,5,163,15
Cluster_0954	OG0001908	4,2,1,3,3,2,3,6,2,3,3,11,2
Cluster_0955	OG0001321	5,2,5,3,2,4,4,7,2,4,4,11,4
Cluster_0957	OG0002446	1,1,8,3,2,2,2,4,4,2,2,10,1
Cluster_0958	OG0001215	2,2,7,7,3,2,1,4,6,2,3,8,3
Cluster_0959	OG0008788	1,1,2,2,1,2,1,2,3,1,1,4,1
Cluster_0963	OG0008810	2,1,3,1,1,1,1,2,1,1,1,6,1
Cluster_0970	OG0019489	1
Cluster_0973	OG0003049	1,1,5,1,1,1,1,3,2,1,1,10,1
Cluster_0975	OG0008773	1,1,1,1,1,1,1,5,2,1,1,4,1
Cluster_0977	OG0001715	1,4,6,3,1,3,5,7,2,3,4,9,2
Cluster_0978	OG0004363	1,3,2,2,1,2,2,4,5,2,2,3,1
Cluster_0980	OG0000395	6,4,7,8,2,5,4,11,9,6,5,29,6
Cluster_0982	OG0005020	3,1,4,1,1,1,1,2,3,1,2,8,2
Cluster_0992	OG0000036	25,16,74,40,10,12,21,39,24,21,27,72,23
Cluster_0997	OG0005697	1,1,3,4,2,2,5,2,2,2,3,1
Cluster_1000	OG0025761	1
Cluster_1095	OG0003317	1,4,2,3,9,1,2,6,4,1
Cluster_1226	OG0007169	2,3,3,1,3,1,2,7,3
Cluster_1237	OG0003492	3,1,6,14,4,8
Cluster_1253	OG0000282	10,8,8,3,2,6,7,16,3,9,8,40,9
Cluster_1254	OG0009189	1,1,1,1,1,1,2,6,2,2,3
Cluster_1076	OG0000001	201,117,250,155,18,131,130,340,126,157,118,674,173
Cluster_1083	OG0000979	7,5,3,3,3,4,3,8,2,3,4,18,4
Cluster_1116	OG0010353	1,1,1,1,11,2
Cluster_1204	OG0025479	NA
Cluster_1220	OG0000001	201,117,250,155,18,131,130,340,126,157,118,674,173
Cluster_1236	OG0003193	2,2,4,2,2,2,2,5,2,2,2,9,2
Cluster_1240	OG0006163	1,3,3,5,1,2,3,4,2
Cluster_1241	OG0013283	1,1,1,1,1,2,1,2,1,1,1,3,1
Cluster_1244	OG0011999	1,2,2,2,1,1,2,1,1,1,4,1
Cluster_1245	OG0015332	1,1,1,1,1,2,1,1,3,1
Cluster_1247	OG0002307	1,2,3,2,2,2,2,4,2,2,6,1
Cluster_1267	OG0001038	2,3,4,6,2,2,3,7,4,3,4,18,3
Cluster_1268	OG0002549	2,2,7,2,4,2,2,4,3,2,3,8,2
Cluster_1274	OG0002646	1,3,1,2,3,2,3,9,4,3,2,6,3
Cluster_1277	OG0003793	1,2,2,3,4,5,1,3,3,2,1,3,1
Cluster_1284	OG0000004	1,9,58,1,18,105,52,1,97,5,163,15
Cluster_1286	OG0000297	6,5,28,7,4,5,7,13,7,7,8,15,6
Cluster_1287	OG0001744	3,2,3,1,3,2,4,15,2,3,4,7,2
Cluster_1288	OG0002773	2,1,8,4,1,2,1,3,2,1,1,14,2
Cluster_1070	OG0006202	1,1,1,1,1,1,2,1,1,1,7,2
Cluster_1072	OG0022296	2
Cluster_1082	OG0010261	1,5,2,1,1,1,1,2,3
Cluster_1085	OG0001920	3,1,3,1,3,1,1,2,2,1,1,26,2
Cluster_1088	OG0002292	3,1,6,6,1,1,3,4,1,2,2,14,3
Cluster_1103	OG0000562	5,5,4,10,3,4,5,9,4,5,4,21,5
Cluster_1117	OG0011803	2,2,2,3,1,1,2,4
Cluster_1124	OG0016164	1,1,1,2,1,2,3
Cluster_1127	OG0005682	1,1,11,3,1,2,1,3,1,1,3,1
Cluster_1132	OG0000235	4,8,6,7,5,10,10,23,14,10,10,24,3
Cluster_1136	OG0005205	2,1,1,2,1,1,1,2,4,2,1,7,1
Cluster_1140	OG0005413	4,1,1,2,17,2
Cluster_1144	OG0000402	2,5,4,6,68,2,15,2
Cluster_1146	OG0009200	1,1,2,1,2,2,2,2,1,2,1,1
Cluster_1148	OG0000168	8,9,23,11,4,11,10,18,4,9,9,44,9
Cluster_1149	OG0004308	1,1,3,1,1,3,3,6,1,3,2,5,1
Cluster_1150	OG0002360	2,2,6,2,2,1,2,6,1,2,4,8,2
Cluster_1151	OG0014679	1,2,4,2
Cluster_1160	OG0019523	1,2
Cluster_1186	OG0008413	1,1,1,1,1,1,2,4,1,2,2,6
Cluster_1202	OG0002927	1,1,5,6,3,1,1,7,2,1,1,11
Cluster_1208	OG0000767	4,2,25,5,4,6,2,9,4,2,2,8,1
Cluster_1209	OG0003051	3,3,3,1,2,3,6,3,3,8,2
Cluster_1212	OG0003245	1,1,11,1,1,3,1,3,3,1,1,7,1
Cluster_1214	OG0010311	1,4,2,1,1,1,2,1,1,5,1
Cluster_1217	OG0011140	1,1,1,1,1,2,2,1,1,6,1
Cluster_1219	OG0011844	1,1,4,1,2,1,1,2,1,1,1,3
Cluster_1354	OG0012868	2,1,1,1,2,5,2,2,1,1
Cluster_1438	OG0017272	1
Cluster_1443	OG0000330	18,3,9,2,1,3,3,10,4,3,3,50,10
Cluster_1448	OG0008255	1,1,1,2,1,3,1,2,2,1,1,5,1
Cluster_1466	OG0000112	8,11,10,17,12,14,11,28,11,11,11,47,9
Cluster_1468	OG0001972	3,3,2,3,2,3,3,4,2,3,3,7,3
Cluster_1485	OG0008090	1,1,1,3,1,1,1,2,2,1,1,3,1
Cluster_1498	OG0000138	9,9,14,7,4,9,13,33,8,15,10,45,6
Cluster_1501	OG0004101	1,2,3,2,2,1,4,4,2,2,9,2
Cluster_1513	OG0000279	7,5,8,11,4,7,8,13,7,9,7,38,5
Cluster_1318	OG0003072	3,2,2,1,2,1,3,1,1,1,12,3
Cluster_1329	OG0008976	1,3,1,1,1,1,3,3,1,1,3
Cluster_1395	OG0005353	1,2,6,1,1,2,2,5,1,2,2,2,1
Cluster_1398	OG0005087	2,3,1,1,3,2,5,5,2,2,2,2
Cluster_1419	OG0016964	1,1,1,2,1,1,1
Cluster_1444	OG0000179	30,14,2,3,4,5,11,31,2,11,13,25,13
Cluster_1445	OG0001015	5,2,6,2,1,3,3,5,6,6,4,15,7
Cluster_1452	OG0002854	1,1,3,6,2,4,1,2,3,1,1,12,1
Cluster_1454	OG0007765	1,2,2,1,1,1,2,2,1,1,9,1
Cluster_1461	OG0007158	1,1,1,1,1,1,1,3,5,1,1,4,1
Cluster_1470	OG0010157	1,1,2,1,1,1,1,2,1,1,1,7,1
Cluster_1471	OG0025045	NA
Cluster_1478	OG0007742	1,1,2,2,2,2,4,1,3,2,3
Cluster_1483	OG0000170	5,9,11,10,3,10,9,21,12,10,11,35,7
Cluster_1484	OG0005712	2,2,2,2,2,1,2,2,2,2,6,1
Cluster_1497	OG0017266	1,3,1,1
Cluster_1502	OG0003412	2,2,7,3,1,3,1,2,2,1,2,9,2
Cluster_1504	OG0000407	17,5,6,4,1,3,6,9,1,4,41,12
Cluster_1507	OG0000000	5,254,962,7,1,30,46,226,12,69,14,1077,10
Cluster_1508	OG0008284	1,1,3,2,1,1,1,4,1,1,1,3,1
Cluster_1520	OG0008019	1,1,2,2,2,2,2,3,2,2,1,4
Cluster_1530	OG0002508	2,2,8,2,2,2,2,4,4,2,2,6,2
Cluster_1297	OG0004263	1,1,1,1,1,1,1,2,2,1,2,5,2
Cluster_1302	OG0006104	1,1,2,2,1,1,1,2,2,1,1,7,2
Cluster_1305	OG0007894	1,1,4,1,2,1,1,3,3,2,1,4
Cluster_1328	OG0004390	1,2,1,3,1,2,4,4,1,4,3,3
Cluster_1331	OG0003591	2,3,2,2,2,2,1,2,2,2,2,11,1
Cluster_1334	OG0002019	1,2,3,2,2,5,2,5,4,2,2,14,2
Cluster_1336	OG0000297	6,5,28,7,4,5,7,13,7,7,8,15,6
Cluster_1346	OG0000343	10,2,28,2,4,1,7,5,5,4,40,11
Cluster_1348	OG0000450	2,7,4,5,3,8,12,12,9,9,9,6,3
Cluster_1357	OG0012915	4,2,2,1,2,1,2,1,2
Cluster_1359	OG0004089	1,2,3,2,1,2,2,3,3,1,3,7,1
Cluster_1362	OG0001432	1,1,20,10,3,3,1,6,1,1,1,8,2
Cluster_1366	OG0001896	1,2,6,2,3,2,4,8,3,3,3,9,1
Cluster_1369	OG0000249	11,21,2,3,10,1,13,4,7,54,7
Cluster_1370	OG0008671	1,1,1,1,1,3,1,4,1,1,1,7,1
Cluster_1376	OG0000591	9,1,7,1,4,3,3,14,2,6,4,29,6
Cluster_1378	OG0002406	2,2,3,2,3,3,4,5,2,3,3,6,2
Cluster_1384	OG0001927	1,1,14,1,2,2,4,2,2,2,15,1
Cluster_1389	OG0000604	6,3,7,3,2,3,7,19,2,5,5,16,4
Cluster_1390	OG0000045	24,12,17,15,2,24,22,45,16,16,33,98,25
Cluster_1401	OG0009436	1,1,3,1,2,2,3,1,2,2,3,1
Cluster_1402	OG0003822	2,2,5,1,1,2,3,5,1,2,2,9,1
Cluster_1403	OG0001398	1,4,3,4,3,3,7,9,2,6,5,8
Cluster_1405	OG0004180	1,2,2,2,2,2,2,7,1,2,2,6,2
Cluster_1412	OG0001898	2,1,4,3,1,1,2,7,1,2,1,23,2
Cluster_1429	OG0000625	10,3,6,4,2,6,6,9,4,5,3,19,6
Cluster_1431	OG0001365	4,3,16,2,3,3,5,3,2,3,11,1
Cluster_1432	OG0003291	2,1,6,1,1,2,2,5,2,2,2,8,2
Cluster_1668	OG0002844	2,1,2,2,2,4,9,3,4,4,6
Cluster_1704	OG0002333	1,1,15,1,4,2,1,4,4,1,1,9,1
Cluster_1719	OG0002403	2,3,1,6,4,2,3,9,4,5,3,1
Cluster_1604	OG0006236	1,1,2,2,1,2,1,3,1,1,1,5,1
Cluster_1667	OG0000004	1,9,58,1,18,105,52,1,97,5,163,15
Cluster_1673	OG0018154	1,1,1,1
Cluster_1679	OG0025412	1
Cluster_1681	OG0000705	2,3,10,5,3,6,4,9,5,4,4,16,3
Cluster_1688	OG0003841	2,2,1,2,4,3,2,2,15,2
Cluster_1698	OG0002524	6,1,3,3,6,3,5,11,3
Cluster_1702	OG0000601	13,4,4,2,2,2,6,6,4,4,31,3
Cluster_1707	OG0000083	12,7,63,11,12,12,7,28,21,7,7,47,12
Cluster_1718	OG0000015	2,38,3,17,21,182,7,5,3,115,10
Cluster_1720	OG0000007	62,44,150,57,9,49,54,165,48,42,39,222,59
Cluster_1725	OG0004471	1,1,8,1,2,2,1,2,2,2,1,7,1
Cluster_1732	OG0000004	1,9,58,1,18,105,52,1,97,5,163,15
Cluster_1739	OG0000435	5,4,6,3,2,4,8,16,4,6,6,20,6
Cluster_1741	OG0007158	1,1,1,1,1,1,1,3,5,1,1,4,1
Cluster_1748	OG0006855	2,1,2,1,1,2,1,2,2,1,1,6,2
Cluster_1536	OG0000005	109,49,79,53,4,69,66,147,24,86,71,369,93
Cluster_1537	OG0010401	1,1,2,1,1,1,1,2,2,1,1,3
Cluster_1541	OG0003966	1,4,4,2,3,3,2,7,2,1,4,1
Cluster_1544	OG0008886	1,1,6,2,1,1,1,1,1,1,1,3,1
Cluster_1548	OG0000001	201,117,250,155,18,131,130,340,126,157,118,674,173
Cluster_1551	OG0000732	4,4,3,3,2,4,4,8,5,4,4,22,5
Cluster_1553	OG0001257	2,3,3,3,3,3,5,7,5,4,4,10,2
Cluster_1561	OG0000235	4,8,6,7,5,10,10,23,14,10,10,24,3
Cluster_1562	OG0005322	1,1,1,3,2,2,2,3,4,2,2,3,1
Cluster_1583	OG0000621	6,1,2,5,3,8,4,7,2,7,5,26,8
Cluster_1591	OG0003476	2,2,3,1,2,4,8,3,3,4,6,1
Cluster_1592	OG0000936	3,3,2,5,3,6,6,8,1,3,6,12,4
Cluster_1593	OG0000117	10,8,20,13,8,15,10,19,17,9,9,49,9
Cluster_1594	OG0005148	1,1,4,3,1,1,1,5,3,1,1,7,1
Cluster_1601	OG0013089	1,1,1,2,1,1,1,7,1
Cluster_1613	OG0022310	1,1
Cluster_1624	OG0003075	1,3,2,3,2,4,2,3,5,2,2,9,2
Cluster_1628	OG0000503	9,1,1,5,2,5,9,17,2,5,4,25,8
Cluster_1629	OG0026016	1
Cluster_1631	OG0013590	1,1,1,1,1,1,2,1,1,6,1
Cluster_1636	OG0009574	1,1,2,3,7,2,2,3
Cluster_1637	OG0000745	2,2,26,14,2,1,2,7,2,2,2,7,3
Cluster_1638	OG0005401	1,10,2,1,1,1,2,1,1,1,9,1
Cluster_1639	OG0001086	5,4,16,2,1,4,2,4,5,2,2,17,2
Cluster_1640	OG0000348	6,6,5,6,5,7,5,9,11,6,6,30,6
Cluster_1643	OG0000813	6,4,6,4,2,5,5,7,3,7,4,14,2
Cluster_1654	OG0000542	5,4,4,7,3,6,6,12,1,6,6,22,5
Cluster_1656	OG0005131	2,1,8,1,1,5,1,1,8,2
Cluster_1657	OG0004668	1,2,2,5,1,1,1,5,1,3,1,7,1
Cluster_1661	OG0000949	6,3,4,2,2,3,3,8,4,5,4,14,7
Cluster_1796	OG0007492	1,2,3,1,1,1,1,2,2,1,2,3,1
Cluster_1807	OG0003721	1,1,2,4,3,2,2,5,1,4,4,5,1
Cluster_1887	OG0004198	1,1,7,2,1,1,1,2,1,1,1,8,1
Cluster_1889	OG0002455	2,2,2,2,3,2,3,4,1,2,3,9,2
Cluster_1890	OG0005553	1,1,1,1,2,1,2,4,2,2,6,2
Cluster_1894	OG0000224	9,6,14,6,6,7,9,19,6,10,8,35,5
Cluster_1897	OG0002562	1,1,2,3,1,1,1,3,2,3,1,7,1
Cluster_1898	OG0000019	35,41,31,33,29,33,87,27,34,35,100,33
Cluster_1913	OG0005562	2,1,2,2,1,1,1,3,4,1,1,8,2
Cluster_1917	OG0006196	1,2,2,2,1,1,2,2,1,1,1,7,1
Cluster_1922	OG0007907	1,1,4,1,3,1,1,2,1,1,1,4,1
Cluster_1926	OG0001690	1,2,13,4,3,2,2,5,2,3,2,9,2
Cluster_1931	OG0004568	1,1,3,1,4,1,2,5,1,1,10,1
Cluster_1937	OG0004269	1,2,4,3,1,3,1,2,6,2,1,5,1
Cluster_1942	OG0000006	25,100,113,5,8,32,21,210,1,24,39,421,56
Cluster_1944	OG0006652	1,1,7,2,1,1,2,5,1,1,3,1
Cluster_1950	OG0002969	2,1,5,1,3,1,2,5,2,3,2,9,2
Cluster_1750	OG0005015	2,2,1,1,2,1,2,4,2,2,4,5,1
Cluster_1752	OG0005411	1,2,2,1,2,2,4,1,3,3,6,1
Cluster_1754	OG0008175	1,1,2,1,1,2,1,3,2,2,1,4,2
Cluster_1761	OG0003674	2,2,3,2,2,2,6,5,2,2,4,1
Cluster_1772	OG0001390	3,3,6,3,1,5,3,10,1,3,2,12,4
Cluster_1774	OG0005241	1,1,4,1,1,2,1,4,4,1,1,6,2
Cluster_1775	OG0002857	1,3,1,2,2,3,8,3,2,3,6,1
Cluster_1791	OG0000784	5,4,3,8,2,4,4,8,4,5,5,16,4
Cluster_1793	OG0000937	5,5,1,5,1,2,4,10,1,6,6,13,5
Cluster_1795	OG0005709	1,1,1,1,2,4,8,1,4,2,3,1
Cluster_1799	OG0004294	1,3,3,2,1,2,2,5,1,2,2,9,1
Cluster_1804	OG0012238	1,1,1,1,1,1,1,2,1,1,5,1
Cluster_1815	OG0004461	2,2,3,2,2,1,2,4,1,2,2,7,2
Cluster_1816	OG0006643	2,2,4,2,1,2,2,2,1,1,2,6
Cluster_1818	OG0001934	1,1,7,1,3,1,2,4,1,1,2,14,1
Cluster_1819	OG0004676	1,1,4,2,2,2,2,5,3,3,2,3,1
Cluster_1823	OG0012771	1,1,2,1,1,1,2,1,1,1,4,1
Cluster_1828	OG0018216	1,1,1,1,1,1
Cluster_1829	OG0007997	1,1,1,1,1,1,1,3,1,4,2,3
Cluster_1840	OG0010608	1,1,2,1,1,1,1,5,1,1,1,3,1
Cluster_1845	OG0001192	11,6,4,2,3,4,11,2,6,12,2
Cluster_1846	OG0000019	35,41,31,33,29,33,87,27,34,35,100,33
Cluster_1853	OG0000305	8,6,16,7,6,11,4,12,7,6,6,24,6
Cluster_1854	OG0000836	1,9,1,3,2,5,7,15,1,3,5,14,4
Cluster_1863	OG0001163	9,2,1,5,4,3,8,3,1,21,7
Cluster_1866	OG0020612	NA
Cluster_1868	OG0004366	1,1,5,1,1,1,1,2,2,1,1,4,1
Cluster_1872	OG0001347	3,2,2,2,2,3,3,8,4,2,2,20,1
Cluster_1879	OG0000066	10,13,14,17,14,16,18,40,17,21,19,60,8
Cluster_2079	OG0007348	1,1,3,1,2,1,1,3,2,1,1,7
Cluster_2083	OG0004829	1,1,2,1,1,2,1,2,2,1,1,13,1
Cluster_2084	OG0007518	1,1,1,2,1,1,1,3,1,1,1,8,1
Cluster_2085	OG0001878	2,2,6,1,1,3,2,4,3,2,2,15,2
Cluster_2108	OG0000491	6,6,5,6,3,7,6,13,1,6,5,19,4
Cluster_2010	OG0000135	8,12,10,8,3,8,12,36,8,17,13,35,6
Cluster_2027	OG0008020	1,1,2,2,1,1,3,2,1,1,4,1
Cluster_2064	OG0000151	7,11,17,11,2,13,9,21,2,9,11,33,4
Cluster_2068	OG0000696	6,4,11,4,3,4,4,10,4,5,4,15,5
Cluster_2086	OG0001356	3,2,3,5,1,6,3,7,3,2,2,10,2
Cluster_2088	OG0009371	2,1,1,2,1,1,1,3,1,1,1,4,2
Cluster_2089	OG0013037	1,1,1,1,1,1,1,2,1,1,4
Cluster_2090	OG0009577	1,2,2,1,1,1,3,1,1,1,3,2
Cluster_2091	OG0000155	12,14,21,15,5,6,9,17,8,10,8,36,9
Cluster_2102	OG0006219	1,2,1,1,2,1,2,6,2,2,2,2,1
Cluster_2105	OG0000950	3,2,12,2,3,5,2,7,4,2,2,17,2
Cluster_2111	OG0000936	3,3,2,5,3,6,6,8,1,3,6,12,4
Cluster_2117	OG0005529	1,2,2,1,2,3,5,2,3,4,3
Cluster_2118	OG0002604	1,2,7,2,2,2,1,4,2,2,2,10,2
Cluster_1958	OG0012245	1,1,1,1,1,1,1,1,1,1,7,1
Cluster_1963	OG0003283	2,2,3,1,2,1,3,5,3,4,3,7,1
Cluster_1964	OG0000346	5,6,10,13,3,7,7,15,4,8,8,15,4
Cluster_1971	OG0002010	2,3,2,3,2,3,3,6,4,3,3,10,2
Cluster_1972	OG0000503	9,1,1,5,2,5,9,17,2,5,4,25,8
Cluster_2001	OG0002377	3,2,3,2,1,3,2,5,3,2,2,14,1
Cluster_2003	OG0001536	2,2,7,2,3,3,3,7,4,2,2,8,2
Cluster_2004	OG0007153	1,1,2,1,1,1,1,2,1,1,1,8,1
Cluster_2009	OG0000238	8,11,3,8,4,9,13,31,3,13,12,19,4
Cluster_2011	OG0001699	2,2,10,7,2,5,2,4,4,2,2,6,2
Cluster_2016	OG0002035	1,3,1,3,6,3,4,6,2,4,3,8,1
Cluster_2028	OG0000408	1,6,7,7,5,6,5,16,6,7,9,16,1
Cluster_2030	OG0000321	4,5,6,5,3,11,8,16,7,8,8,24,5
Cluster_2036	OG0001540	2,3,1,3,1,3,5,9,3,6,4,9,2
Cluster_2040	OG0012146	1,1,1,1,1,2,1,2,1,1,1,4,1
Cluster_2042	OG0004202	1,1,4,1,3,4,1,2,1,1,1,11,1
Cluster_2049	OG0010566	1,1,1,1,1,2,1,3,1,1,1,3,1
Cluster_2275	OG0001293	3,2,8,3,1,2,3,9,4,4,2,16,4
Cluster_2285	OG0000004	1,9,58,1,18,105,52,1,97,5,163,15
Cluster_2155	OG0000001	201,117,250,155,18,131,130,340,126,157,118,674,173
Cluster_2180	OG0000139	31,6,17,6,2,7,4,8,2,5,7,85,15
Cluster_2232	OG0005912	1,1,5,3,1,2,1,2,2,1,1,6,1
Cluster_2237	OG0004617	4,1,1,3,1,1,1,2,2,1,1,12,2
Cluster_2240	OG0002346	2,2,3,2,2,3,2,5,3,2,2,11,3
Cluster_2243	OG0001932	1,1,4,8,3,11,2,3,2,1
Cluster_2244	OG0001696	5,2,1,2,2,2,2,3,3,2,2,19,8
Cluster_2247	OG0009951	1,1,4,1,2,1,1,2,1,1,1,4,1
Cluster_2254	OG0005394	1,5,2,2,1,2,4,2,2,7,1
Cluster_2259	OG0003956	3,1,4,2,1,1,1,2,3,2,2,9,2
Cluster_2263	OG0000162	18,10,9,4,2,6,9,13,4,7,8,61,18
Cluster_2264	OG0004572	1,1,1,7,3,4,2,4,2,5,2
Cluster_2266	OG0003764	2,2,4,2,2,2,2,3,3,2,2,6,1
Cluster_2270	OG0002095	3,1,3,1,3,1,4,5,3,4,13,2
Cluster_2274	OG0001050	2,3,4,3,3,3,3,8,6,3,3,18,3
Cluster_2279	OG0000940	3,4,17,4,2,3,2,5,4,2,2,22,1
Cluster_2282	OG0005093	2,10,1,1,2,2,2,1,1,1,7,1
Cluster_2287	OG0000030	50,27,34,21,4,23,37,61,13,14,20,108,20
Cluster_2291	OG0003067	2,1,1,1,1,1,3,3,1,2,2,8,2
Cluster_2128	OG0006066	1,6,3,1,1,1,2,2,1,1,5
Cluster_2129	OG0001004	3,3,7,6,2,4,4,8,3,4,3,15,3
Cluster_2130	OG0000004	1,9,58,1,18,105,52,1,97,5,163,15
Cluster_2145	OG0025036	1
Cluster_2153	OG0025887	1
Cluster_2156	OG0001416	3,2,8,4,2,4,2,4,4,2,2,13,3
Cluster_2172	OG0000121	13,8,14,11,1,13,13,19,4,11,15,62,14
Cluster_2187	OG0000066	10,13,14,17,14,16,18,40,17,21,19,60,8
Cluster_2191	OG0000109	3,4,7,1,6,2,1
Cluster_2195	OG0012709	1,3,1,1,1,2,1,1,1,3,1
Cluster_2196	OG0002665	1,2,7,2,2,2,2,6,2,2,11,1
Cluster_2199	OG0001424	3,3,4,8,3,3,3,4,5,3,3,10,3
Cluster_2215	OG0000972	6,5,10,2,1,5,3,9,3,2,2,17,5
Cluster_2217	OG0006113	2,1,3,1,2,1,2,5,2,2,2,2
Cluster_2218	OG0003945	1,2,7,1,2,1,1,4,1,1,2,9,2
Cluster_2222	OG0002024	1,1,13,3,4,1,1,6,6,1,2,7,1
Cluster_0161	OG0000308	7,5,10,1,6,13,10,12,5,8,7,28,6
Cluster_0112	OG0000004	1,9,58,1,18,105,52,1,97,5,163,15
Cluster_0113	OG0003230	1,1,2,2,2,4,5,3,4,3,6,1
Cluster_0112	OG0000004	1,9,58,1,18,105,52,1,97,5,163,15
Cluster_0121	OG0008178	1,1,2,1,1,1,1,4,1,2,2,5,1
Cluster_0137	OG0000193	12,5,15,6,6,4,11,25,3,17,9,48,3
Cluster_0087	OG0025700	1
Cluster_0088	OG0002306	1,1,2,1,2,2,1,4,2,1,1,3,1
Cluster_0100	OG0012160	1,1,2,1,1,1,3,1,1,1,3,1
Cluster_0114	OG0005086	2,5,1,2,1,2,5,2,2,2,3
Cluster_0127	OG0003655	1,1,7,1,1,2,1,3,3,1,1,12,1
Cluster_0128	OG0002435	2,5,7,2,2,5,3,6,2,3,6,1
Cluster_0144	OG0020666	NA
Cluster_0146	OG0012120	1,1,1,1,1,1,3,1,2,3,1
Cluster_0155	OG0000173	9,5,13,10,7,15,11,19,6,11,7,40,16
Cluster_0163	OG0009175	1,1,2,1,1,1,2,3,1,2,2,4
Cluster_0170	OG0000945	3,4,4,1,2,4,3,8,5,5,5,20,3
Cluster_0173	OG0000014	41,16,79,45,12,42,29,75,19,27,27,177,37
Cluster_0176	OG0002180	1,2,13,7,1,2,2,3,1,2,1,10,1
Cluster_0001	OG0008319	1,6,1,1,1,1,3,1,1,1,3,1
Cluster_0004	OG0005524	1,1,6,2,1,2,1,4,2,1,1,6,1
Cluster_0006	OG0000004	1,9,58,1,18,105,52,1,97,5,163,15
Cluster_0008	OG0016636	4,2,1
Cluster_0011	OG0000450	2,7,4,5,3,8,12,12,9,9,9,6,3
Cluster_0013	OG0000559	4,4,9,6,3,3,6,9,6,6,6,20,5
Cluster_0021	OG0000953	2,2,9,2,2,3,7,8,3,8,6,8,3
Cluster_0026	OG0000885	3,3,4,3,3,4,3,7,4,3,3,23,3
Cluster_0027	OG0000034	26,25,44,28,2,30,20,51,22,26,22,84,25
Cluster_0037	OG0002583	4,2,1,7,8,6,7
Cluster_0041	OG0018748	NA
Cluster_0049	OG0003316	1,1,4,4,2,1,1,4,5,1,1,11,2
Cluster_0050	OG0004391	4,1,1,1,1,3,7,2,2,4,3
Cluster_0057	OG0000126	16,5,11,4,3,3,5,9,6,5,6,110,15
Cluster_0062	OG0006668	2,1,1,1,1,4,1,1,1,4,2
Cluster_0067	OG0000657	6,1,4,2,2,3,5,13,4,8,5,20,7
Cluster_0068	OG0005315	1,1,3,2,1,2,1,3,1,1,1,8,1
Cluster_0071	OG0001305	2,3,3,3,3,4,3,7,7,3,3,6,2
Cluster_0078	OG0011409	1,1,5,1,1,1,2,1,1,3,1
Cluster_0080	OG0014985	1,2,1,1,1,1,3,1,1,1
Cluster_2310	OG0000004	1,9,58,1,18,105,52,1,97,5,163,15
Cluster_2298	OG0006202	1,1,1,1,1,1,2,1,1,1,7,2
