Cluster_0275	OG0000141	7,9,17,21,9,14,10,22,9,11,12,26,8
Cluster_0333	OG0001103	2,2,14,3,1,4,1,3,7,2,2,10,1
Cluster_0518	OG0005115	2,2,1,2,3,2,2,4,2,2,6,1
Cluster_0715	OG0000049	14,20,6,49,45,5,129,21
Cluster_0717	OG0002210	3,2,2,4,2,3,2,6,4,2,2,9,3
Cluster_0725	OG0005964	1,1,6,2,1,1,1,2,3,1,1,6,1
Cluster_0752	OG0015369	1,1,1,1,1,2,1,1,3,1
Cluster_0767	OG0001866	1,2,1,2,1,4,2,5,4,2,2,18,2
Cluster_0779	OG0013888	1,1,1,1,1,1,1,2,1,1,3,1
Cluster_0784	OG0001345	2,5,6,4,3,4,3,7,3,3,5,11,2
Cluster_0801	OG0016281	1,1,1,1,2,1,1,1,1
Cluster_0807	OG0005532	1,1,3,1,2,2,1,2,2,1,1,12,1
Cluster_0808	OG0000585	10,4,11,5,1,4,3,5,3,3,4,25,7
Cluster_0260	OG0013528	1,1,1,1,1,4,2,1,1,3
Cluster_0271	OG0000001	201,117,250,155,18,131,130,340,126,157,118,674,173
Cluster_0266	OG0012723	1,3,2,1,1,1,2,2,1,1,2,1
Cluster_0293	OG0007477	1,1,7,1,1,1,1,2,2,1,1,4,1
Cluster_0295	OG0005469	1,1,4,2,1,1,1,2,2,1,1,9,1
Cluster_0342	OG0002369	2,2,3,3,2,3,2,4,4,2,2,11,2
Cluster_0375	OG0007419	1,1,4,1,1,1,1,2,1,1,1,6
Cluster_0383	OG0007839	1,1,2,1,1,1,1,3,1,1,1,5,1
Cluster_0404	OG0000773	2,4,9,6,2,4,6,11,2,5,4,18,4
Cluster_0419	OG0003905	1,4,2,1,1,1,6,4,4,1,9,1
Cluster_0568	OG0023131	1,1
Cluster_0582	OG0007200	1,1,4,2,1,1,1,3,1,1,2,6,1
Cluster_0584	OG0004091	1,1,2,1,1,1,1,2,2,1,1,19,1
Cluster_0605	OG0010065	1,1,2,1,1,1,2,1,1,9,1
Cluster_0644	OG0001018	3,4,5,4,2,5,4,10,2,4,4,12,1
Cluster_0653	OG0008058	3,1,2,1,1,1,3,1,1,1,8,1
Cluster_0662	OG0008628	1,1,4,1,1,1,1,2,2,2,1,5,1
Cluster_0666	OG0003063	1,2,2,2,2,3,2,5,4,2,2,6,1
Cluster_0676	OG0000032	29,16,44,22,4,23,15,34,21,21,17,163,27
Cluster_0679	OG0000066	10,13,14,17,14,16,18,40,17,21,19,60,8
Cluster_0681	OG0011200	1,1,1,1,1,2,1,2,2,1,1,4,1
Cluster_0686	OG0009087	1,1,4,1,1,1,1,2,2,1,1,4
Cluster_0688	OG0007182	1,1,7,4,1,1,1,2,2,1,1,3,1
Cluster_0693	OG0001161	2,3,6,4,2,5,2,4,5,2,3,14,2
Cluster_0703	OG0002140	2,2,12,1,2,5,2,4,2,2,2,8,2
Cluster_0707	OG0000810	4,3,9,3,3,5,5,8,2,4,4,16,4
Cluster_0708	OG0000007	62,44,150,57,9,49,54,165,48,42,39,222,59
Cluster_0709	OG0008072	1,1,2,1,1,1,1,2,2,1,1,6,1
Cluster_0712	OG0003117	1,1,1,5,2,1,2,6,3,2,2,5,1
Cluster_0716	OG0004717	2,2,3,2,2,2,1,4,2,2,8,1
Cluster_0721	OG0002647	2,2,3,2,3,1,2,5,4,2,2,9,2
Cluster_0722	OG0006032	1,2,2,2,2,2,2,3,2,2,2,4,1
Cluster_0726	OG0019061	1,1
Cluster_0728	OG0003801	1,1,3,1,1,1,1,2,4,1,1,13,1
Cluster_0731	OG0009699	1,1,1,1,1,1,1,2,2,1,1,8
Cluster_0732	OG0018836	1,1,1
Cluster_0736	OG0008089	1,1,3,1,2,1,1,2,1,1,1,6,1
Cluster_0738	OG0010872	1,1,1,2,1,2,1,1,1,1,5,1
Cluster_0739	OG0001303	4,3,7,3,3,3,3,6,4,3,2,9,3
Cluster_0744	OG0007911	1,1,1,2,1,2,1,3,3,1,1,3,1
Cluster_0753	OG0005711	2,1,2,3,2,2,4,2,2,2,4
Cluster_0757	OG0013372	1,1,2,1,1,1,3,1,1,1,3,1
Cluster_0758	OG0000816	5,2,11,1,4,2,1,5,1,5,10,20,4
Cluster_0760	OG0002055	2,2,2,3,3,1,3,8,3,3,3,8,3
Cluster_0761	OG0000004	1,9,58,1,18,105,52,1,97,5,163,15
Cluster_0770	OG0008201	1,1,3,1,1,1,1,2,2,1,1,3,1
Cluster_0777	OG0001751	2,2,8,4,1,1,2,5,1,1,1,22,2
Cluster_0782	OG0001020	6,3,3,8,3,10,1,7,3,20,5
Cluster_0783	OG0010504	1,1,1,1,1,1,1,3,2,1,1,3,1
Cluster_0795	OG0002247	4,2,2,2,2,2,2,5,5,2,2,7,3
Cluster_0797	OG0007315	1,1,2,1,2,1,1,3,2,1,1,6,1
Cluster_0799	OG0000045	24,12,17,15,2,24,22,45,16,16,33,98,25
Cluster_0800	OG0008565	1,1,3,1,3,1,1,2,2,1,1,4,1
Cluster_0811	OG0007926	1,1,2,1,1,3,1,3,3,1,1,3,1
Cluster_0261	OG0011574	1,1,1,1,1,1,1,2,1,3,5,1
Cluster_0270	OG0002342	2,2,4,2,2,3,2,4,2,2,2,16,1
Cluster_0273	OG0010041	1,1,1,1,1,13,2
Cluster_0278	OG0003063	1,2,2,2,2,3,2,5,4,2,2,6,1
Cluster_0284	OG0000890	6,5,4,8,1,6,4,5,2,4,3,15,7
Cluster_0287	OG0001165	3,2,7,6,2,5,2,9,5,3,3,11,2
Cluster_0291	OG0006904	1,1,1,1,3,1,1,2,2,1,1,3,1
Cluster_0292	OG0000066	10,13,14,17,14,16,18,40,17,21,19,60,8
Cluster_0296	OG0006714	1,1,5,1,1,1,1,1,1,1,8,1
Cluster_0300	OG0009521	2,1,4,1,1,1,1,3,1,1,1,4
Cluster_0303	OG0000006	25,100,113,5,8,32,21,210,1,24,39,421,56
Cluster_0304	OG0004359	1,1,2,3,1,2,1,3,2,1,1,6,1
Cluster_0309	OG0000944	2,3,4,8,2,7,4,10,5,4,4,11,2
Cluster_0310	OG0000626	4,4,13,6,3,6,4,3,2,4,4,18,4
Cluster_0314	OG0000572	5,4,8,2,1,7,3,6,4,6,5,27,7
Cluster_0317	OG0006133	1,1,9,2,2,1,1,2,1,1,1,5
Cluster_0321	OG0016375	1
Cluster_0322	OG0008422	1,1,5,2,1,1,1,2,2,1,1,2,2
Cluster_0323	OG0015312	NA
Cluster_0326	OG0001078	2,4,3,4,3,6,4,7,6,4,4,15,1
Cluster_0338	OG0001082	4,3,9,6,2,4,3,6,7,3,3,10,3
Cluster_0348	OG0016232	4,1,2,3,1
Cluster_0351	OG0022379	1
Cluster_0356	OG0000038	40,15,85,19,5,22,4,24,7,20,17,134,34
Cluster_0357	OG0000791	3,3,10,5,3,4,3,6,5,3,3,19,3
Cluster_0362	OG0002541	1,2,6,1,1,4,2,4,4,2,2,9,2
Cluster_0363	OG0004332	2,2,2,1,3,2,5,2,2,2,9,1
Cluster_0372	OG0009001	1,1,5,2,1,1,1,1,1,1,1,4,1
Cluster_0373	OG0000894	6,3,3,7,1,11,2,11,2,3,2,12,5
Cluster_0382	OG0003752	4,3,4,1,1,1,2,6,1,5,2,5,1
Cluster_0392	OG0001707	1,2,7,2,2,3,2,4,3,2,2,20,2
Cluster_0393	OG0000439	13,4,21,8,2,2,3,4,2,2,3,27,11
Cluster_0394	OG0003981	2,1,12,4,1,2,1,5,2,1,2,1
Cluster_0395	OG0017286	1,2,2
Cluster_0396	OG0000003	112,56,130,91,24,81,68,195,50,71,61,368,76
Cluster_0401	OG0007374	1,1,4,1,1,1,1,2,2,1,1,8,1
Cluster_0411	OG0005017	1,1,1,4,3,2,2,2,3,2,1,6,1
Cluster_0412	OG0008121	1,1,7,1,2,2,1,2,1,1,3,1
Cluster_0413	OG0001709	2,2,14,2,2,2,2,4,2,2,2,12,2
Cluster_0420	OG0025985	NA
Cluster_0422	OG0009622	1,1,1,1,1,1,2,1,2,5,1
Cluster_0424	OG0007856	1,1,3,1,1,1,1,2,1,1,1,4,1
Cluster_0427	OG0009013	1,1,2,1,1,4,1,2,1,1,1,5,1
Cluster_0430	OG0002125	1,1,1,1,1,3,1,6
Cluster_0429	OG0002923	2,2,3,2,2,3,2,4,4,2,3,6,2
Cluster_0431	OG0002662	2,2,3,4,1,2,2,4,4,2,2,8,2
Cluster_0433	OG0012028	1,1,1,1,1,1,1,2,1,1,1,3,1
Cluster_0437	OG0002030	1,3,2,7,2,9,2,5,5,2,2,4,1
Cluster_0438	OG0009522	1,1,1,1,1,1,1,4,3,1,1,4,2
Cluster_0439	OG0001404	3,4,4,3,3,4,3,6,5,3,3,9,3
Cluster_0441	OG0000497	12,4,4,4,6,3,5,7,4,5,5,22,7
Cluster_0442	OG0001552	3,2,3,5,2,3,2,3,5,2,2,17,2
Cluster_0444	OG0025196	NA
Cluster_0446	OG0001416	3,2,8,4,2,4,2,4,4,2,2,13,3
Cluster_0452	OG0004378	1,2,1,1,1,2,2,5,1,2,3,10,1
Cluster_0456	OG0004553	2,1,4,2,4,1,1,6,1,1,6,3
Cluster_0464	OG0000029	23,20,30,26,8,27,23,45,25,20,23,123,28
Cluster_0466	OG0001956	2,2,5,2,2,4,2,6,4,2,2,5,3
Cluster_0469	OG0000068	10,18,10,11,19,8,17,70,1,35,46,40,12
Cluster_0473	OG0001382	3,2,4,3,3,5,3,6,3,3,3,13,4
Cluster_0476	OG0006126	1,1,8,1,1,1,1,2,2,1,1,6,1
Cluster_0481	OG0000218	10,9,6,8,2,2,4,13,1,7,8,71,9
Cluster_0485	OG0001367	3,3,4,4,4,1,7,5,4,3,13,3
Cluster_0489	OG0001138	5,4,4,3,1,4,3,6,5,3,3,14,5
Cluster_0493	OG0008082	1,1,5,1,1,1,1,4,1,1,1,4,1
Cluster_0495	OG0005064	2,1,4,1,1,1,6,1,1,1,9,1
Cluster_0496	OG0000893	7,4,14,1,2,1,2,3,2,3,2,24,5
Cluster_0498	OG0002631	2,2,4,2,2,2,4,4,2,2,9,2
Cluster_0500	OG0008561	1,1,1,1,1,2,1,4,1,1,1,3,1
Cluster_0506	OG0004488	1,2,4,2,2,2,2,4,3,2,2,4,2
Cluster_0507	OG0010436	1,1,1,1,1,2,2,2,1,2,1,3,1
Cluster_0508	OG0001153	1,2,9,3,1,4,2,4,2,2,2,29,2
Cluster_0509	OG0000389	9,1,14,3,2,5,4,19,4,4,2,29,9
Cluster_0510	OG0001102	3,2,3,5,3,4,4,7,4,3,3,15,4
Cluster_0511	OG0004885	2,1,2,3,2,3,1,4,3,1,1,3,3
Cluster_0512	OG0001819	2,3,3,6,1,2,3,7,5,3,3,9,1
Cluster_0522	OG0008186	1,1,1,8,1,1,1,2,2,1,1,3,1
Cluster_0527	OG0000471	7,7,16,6,4,3,4,10,2,5,5,22,5
Cluster_0529	OG0011637	1,1,2,2,1,1,1,2,2,1,1,2,1
Cluster_0530	OG0012699	1,2,1,2,1,2,2,1,1,3,1
Cluster_0539	OG0000154	18,12,8,15,7,13,13,30,2,7,12,38,10
Cluster_0545	OG0001082	4,3,9,6,2,4,3,6,7,3,3,10,3
Cluster_0546	OG0001156	2,2,15,4,6,3,2,9,4,2,2,8,3
Cluster_0548	OG0010556	1,1,2,1,1,1,1,2,2,1,1,3,1
Cluster_0554	OG0008554	1,1,1,1,1,1,1,2,1,1,1,8,1
Cluster_0556	OG0001215	2,2,7,7,3,2,1,4,6,2,3,8,3
Cluster_0559	OG0000996	10,3,5,1,4,1,2,3,2,6,5,20,6
Cluster_0567	OG0008002	1,1,2,1,1,1,1,2,2,1,1,7,1
Cluster_0570	OG0000806	4,5,9,5,1,6,3,7,5,3,5,13,5
Cluster_0572	OG0004555	1,2,5,1,1,2,1,2,1,1,1,12,2
Cluster_0578	OG0011970	1,2,1,1,3,1,5,1,1,2,1
Cluster_0585	OG0025945	NA
Cluster_0591	OG0000279	7,5,8,11,4,7,8,13,7,9,7,38,5
Cluster_0593	OG0009287	1,1,1,1,1,1,1,2,2,1,1,3,1
Cluster_0594	OG0007980	1,1,5,1,1,1,1,2,2,2,1,3,1
Cluster_0595	OG0005605	1,1,10,2,1,1,2,2,1,1,7,1
Cluster_0598	OG0019662	NA
Cluster_0600	OG0012738	1,2,1,1,2,1,3,1,1,1,3,1
Cluster_0606	OG0001548	2,3,4,5,2,6,2,6,5,2,2,10,3
Cluster_0607	OG0022209	1
Cluster_0609	OG0001142	4,4,3,4,4,4,3,5,3,3,3,15,3
Cluster_0616	OG0005162	1,1,7,3,1,3,1,2,2,1,1,7,1
Cluster_0617	OG0003902	1,14,3,1,1,1,3,1,1,1,8,1
Cluster_0618	OG0000112	8,11,10,17,12,14,11,28,11,11,11,47,9
Cluster_0620	OG0000377	10,6,6,4,4,5,5,17,5,4,6,40,4
Cluster_0631	OG0000555	4,5,9,5,3,4,6,10,8,5,5,17,3
Cluster_0632	OG0002862	3,1,9,1,1,1,1,3,6,1,1,11,2
Cluster_0637	OG0000010	56,31,76,28,8,16,20,103,16,36,20,244,42
Cluster_0645	OG0008182	1,2,2,3,2,3
Cluster_0650	OG0010442	1,1,1,1,1,4,1,2,2,1,1,1,1
Cluster_0651	OG0000568	6,6,5,3,4,6,5,6,4,5,5,26,4
Cluster_0660	OG0013407	1,1,1,1,2,1,2,2,1,1,1,1
Cluster_0670	OG0016650	1,1,1,4,1,1
Cluster_0673	OG0008833	1,1,4,1,1,1,1,3,1,1,1,4,1
Cluster_0854	OG0005252	1,3,5,2,1,1,3,3,1,3,1,5,1
Cluster_0885	OG0015192	1,1,1,1,1,2,1,1,1,3,1
Cluster_1134	OG0008551	1,1,4,1,1,2,1,2,1,1,2,4
Cluster_1149	OG0009720	1,1,2,2,1,1,1,2,1,1,1,5,1
Cluster_1160	OG0000713	4,3,7,2,1,2,2,8,2,2,5,37,2
Cluster_1168	OG0011392	1,1,1,1,1,1,1,2,2,1,1,3,1
Cluster_1212	OG0002784	2,2,4,4,3,2,2,4,2,2,2,8,2
Cluster_1225	OG0007961	1,1,5,1,1,1,1,2,2,1,1,4,1
Cluster_1226	OG0006993	1,1,5,1,1,1,1,2,1,1,1,6,1
Cluster_1245	OG0000255	25,20,5,1,2,3,6,16,3,7,6,42,7
Cluster_1259	OG0000038	40,15,85,19,5,22,4,24,7,20,17,134,34
Cluster_0814	OG0000012	98,22,24,12,3,14,26,71,4,40,36,236,66
Cluster_0827	OG0011354	1,1,1,2,1,2,1,2,1,1,1,4,1
Cluster_0842	OG0000750	11,2,12,1,1,2,5,1,2,1,40,1
Cluster_0849	OG0001507	10,2,2,2,2,3,7,2,3,10,7
Cluster_0864	OG0000678	4,4,3,5,3,6,5,11,2,5,7,19,2
Cluster_0866	OG0000314	14,5,6,3,3,3,4,12,3,6,5,45,12
Cluster_0870	OG0010787	1,1,2,3,1,1,1,2,2,1,1,3,1
Cluster_0893	OG0005062	2,2,2,2,2,3,2,3,2,1,2,5,2
Cluster_0913	OG0004391	4,1,1,1,1,3,7,2,2,4,3
Cluster_0923	OG0002038	9,7,1,2,1,5,8,4,2,2,2
Cluster_0940	OG0000604	6,3,7,3,2,3,7,19,2,5,5,16,4
Cluster_1002	OG0002719	3,3,2,4,2,3,2,4,3,2,2,8,3
Cluster_1015	OG0007957	1,1,1,1,1,2,3,2,1,1,1,6,1
Cluster_1031	OG0002993	8,1,2,7,1
Cluster_1122	OG0012229	1,1,1,1,1,1,1,2,2,1,1,2,1
Cluster_1124	OG0000185	7,8,20,12,3,12,7,14,10,6,7,38,8
Cluster_1133	OG0002406	2,2,3,2,3,3,4,5,2,3,3,6,2
Cluster_1136	OG0006237	1,1,1,6,1,2,1,2,2,1,1,3,1
Cluster_1146	OG0001914	2,2,9,5,1,3,2,2,2,2,1,16,2
Cluster_1151	OG0000005	109,49,79,53,4,69,66,147,24,86,71,369,93
Cluster_1157	OG0000204	14,8,5,10,8,10,11,22,3,10,9,28,8
Cluster_1158	OG0002583	4,2,1,7,8,6,7
Cluster_1161	OG0007136	1,1,4,2,1,2,1,4,1,1,1,4,1
Cluster_1163	OG0003896	1,1,2,1,2,1,2,2,1,1,21,1
Cluster_1167	OG0009433	1,1,1,1,1,1,1,2,1,1,1,8,1
Cluster_1171	OG0020561	NA
Cluster_1172	OG0008501	1,1,1,1,1,2,1,2,1,1,1,4,1
Cluster_1174	OG0022282	1
Cluster_1176	OG0001862	2,2,3,2,2,4,3,6,4,3,2,11,2
Cluster_1181	OG0000492	7,5,8,7,4,6,5,10,4,5,5,19,7
Cluster_1180	OG0000953	2,2,9,2,2,3,7,8,3,8,6,8,3
Cluster_1181	OG0000492	7,5,8,7,4,6,5,10,4,5,5,19,7
Cluster_1182	OG0002369	2,2,3,3,2,3,2,4,4,2,2,11,2
Cluster_1190	OG0022269	1
Cluster_1192	OG0006194	2,1,4,1,2,1,1,4,1,1,1,5,3
Cluster_1210	OG0000590	8,4,7,5,2,6,5,9,3,6,6,17,7
Cluster_1214	OG0000004	1,9,58,1,18,105,52,1,97,5,163,15
Cluster_1216	OG0014833	1,1,1,1,1,1,1,3,1,1,3
Cluster_1218	OG0008087	1,1,4,3,1,3,1,1,1,6,1
Cluster_1222	OG0003643	3,2,3,1,1,1,2,1,1,20,2
Cluster_1223	OG0000004	1,9,58,1,18,105,52,1,97,5,163,15
Cluster_1224	OG0011554	1,1,2,1,1,1,1,2,1,1,1,4,1
Cluster_1229	OG0000190	11,8,12,8,8,11,11,20,10,10,10,22,11
Cluster_1230	OG0001683	2,2,3,3,2,3,3,8,2,3,2,17,2
Cluster_1234	OG0001659	1,2,5,2,2,2,2,7,5,2,2,16,2
Cluster_1240	OG0002232	2,2,2,2,2,2,3,3,2,2,9,1
Cluster_1241	OG0014900	1,1,1,1,3,1,1,1,3,1
Cluster_1248	OG0020674	NA
Cluster_1249	OG0004241	2,1,3,2,1,2,2,3,2,1,2,8,2
Cluster_1261	OG0000883	2,3,2,2
Cluster_0816	OG0007152	1,1,6,2,1,1,1,2,1,1,3,1
Cluster_0817	OG0000539	11,8,7,3,3,2,3,10,1,4,4,27,8
Cluster_0818	OG0014723	1,3,1,1,2,1,1,1
Cluster_0829	OG0000639	5,1,9,2,3,3,3,31,2,4,2,14,3
Cluster_0838	OG0003787	1,1,4,1,2,1,2,4,1,2,2,13,1
Cluster_0846	OG0001968	2,2,8,1,2,3,2,4,2,2,15,2
Cluster_0855	OG0004716	2,3,2,2,1,3,1,2,3,1,2,9,1
Cluster_0863	OG0000004	1,9,58,1,18,105,52,1,97,5,163,15
Cluster_0865	OG0006494	1,1,8,5,1,1,1,2,1,1,1,3,1
Cluster_0867	OG0004252	1,1,7,4,1,3,1,5,3,1,1,5,1
Cluster_0868	OG0000409	5,5,7,8,4,6,4,11,8,5,5,29,5
Cluster_0876	OG0000002	175,110,251,140,15,88,91,346,74,97,80,869,131
Cluster_0878	OG0009524	1,1,2,1,1,1,1,2,1,1,1,5,1
Cluster_0879	OG0001905	2,2,2,2,2,2,2,4,3,2,2,19,3
Cluster_0884	OG0019456	NA
Cluster_0894	OG0011212	1,1,1,1,1,1,1,2,3,2,1,3,1
Cluster_0890	OG0005242	1,2,3,1,1,2,2,5,1,1,1,9,1
Cluster_0891	OG0002717	1,1,4,8,2,2,2,6,2,1,3,3,1
Cluster_0892	OG0009470	1,1,1,3,2,1,1,3,1,1,1,5,1
Cluster_0897	OG0005614	1,1,1,1,2,3,2,11,2,1,1,3,1
Cluster_0899	OG0000168	8,9,23,11,4,11,10,18,4,9,9,44,9
Cluster_0904	OG0002191	2,2,6,4,2,3,3,4,2,2,8,2
Cluster_0906	OG0000952	2,1,7,3,4,7,2,12,6,4,2,13,2
Cluster_0907	OG0000131	11,10,29,9,8,10,10,22,10,12,11,36,9
Cluster_0908	OG0005056	1,1,1,1,1,4,1,4,3,1,1,5,1
Cluster_0909	OG0004289	2,1,6,1,2,2,1,5,2,1,1,8,2
Cluster_0912	OG0001428	2,2,7,3,3,2,2,4,4,2,2,19,2
Cluster_0916	OG0012907	1,2,1,1,2,1,2,2,1,3,1
Cluster_0917	OG0000009	71,41,53,36,15,42,45,97,30,59,26,141,38
Cluster_0918	OG0006776	1,1,1,1,1,1,2,2,1,1,11,1
Cluster_0931	OG0000060	19,21,49,39,4,19,7,13,10,7,6,107,18
Cluster_0936	OG0022898	1
Cluster_0938	OG0007183	1,1,2,1,1,3,1,2,1,1,9,1
Cluster_0945	OG0016075	1,1,1,1,1,1,1,3
Cluster_0960	OG0007457	1,1,5,2,1,2,1,3,2,1,1,5,1
Cluster_0963	OG0006940	2,2,1,1,1,1,1,3,2,2,1,7
Cluster_0965	OG0003636	1,2,4,2,2,2,2,4,3,2,6,2
Cluster_0968	OG0006667	1,1,8,1,1,2,1,2,2,1,1,3,1
Cluster_0969	OG0004123	2,1,3,2,3,2,4,3,2,2,6,2
Cluster_0972	OG0022217	NA
Cluster_0976	OG0000029	23,20,30,26,8,27,23,45,25,20,23,123,28
Cluster_0977	OG0000353	6,5,13,1,2,6,5,9,4,8,5,41,8
Cluster_0978	OG0008962	1,4,1,1,2,1,2,1,1,1,7,1
Cluster_0980	OG0019543	1
Cluster_0981	OG0002586	1,2,3,3,1,2,2,5,3,2,2,12,1
Cluster_0983	OG0009148	1,1,3,2,1,1,3,1,1,1,4,1
Cluster_0984	OG0000663	3,3,1,3,2,4,6,16,4,9,7,16,4
Cluster_0989	OG0025803	NA
Cluster_0990	OG0000116	9,9,20,1,11,12,10,22,1,10,10,67,8
Cluster_0995	OG0013021	1,1,1,1,1,1,1,2,1,1,1,4,1
Cluster_0998	OG0006540	1,1,3,2,1,2,1,5,2,1,1,5
Cluster_0999	OG0006660	1,1,4,3,1,1,1,3,1,1,1,5,2
Cluster_1000	OG0006676	1,1,12,1,2,1,1,3,1,1,2
Cluster_1001	OG0013861	1,1,1,1,1,1,2,1,1,1,3,1
Cluster_1003	OG0020875	2,1
Cluster_1004	OG0005776	2,1,6,1,1,1,1,3,3,1,1,5,2
Cluster_1011	OG0008423	1,1,3,1,1,2,1,2,1,1,1,6,1
Cluster_1013	OG0011061	1,2,1,1,1,1,3,2,1,1,2,1
Cluster_1019	OG0011151	1,4,1,1,1,1,2,1,1,1,3,1
Cluster_1023	OG0008660	1,1,2,1,2,1,1,2,2,2,1,4,1
Cluster_1025	OG0007090	1,1,2,1,1,1,2,1,1,2,1
Cluster_1027	OG0010189	1,1,3,1,1,1,2,1,1,1,4,1
Cluster_1029	OG0002016	3,3,4,1,2,4,1,4,3,18,4
Cluster_1032	OG0000007	62,44,150,57,9,49,54,165,48,42,39,222,59
Cluster_1034	OG0009887	2,3,1,1,2,4,1,1,5,1
Cluster_1035	OG0012178	1,1,2,1,1,1,2,2,1,1,4,1
Cluster_1041	OG0003624	1,2,3,1,2,3,2,6,1,2,2,10,1
Cluster_1042	OG0011712	1,1,3,2,1,1,1,2,2,1,1,2,1
Cluster_1043	OG0006580	1,1,3,1,1,4,1,2,2,1,1,6,1
Cluster_1044	OG0027680	1
Cluster_1052	OG0000004	1,9,58,1,18,105,52,1,97,5,163,15
Cluster_1054	OG0000268	5,12,7,8,2,10,8,16,7,9,7,31,3
Cluster_1055	OG0001111	3,2,8,3,5,2,2,7,5,2,2,15,4
Cluster_1058	OG0012697	1,1,1,1,1,1,2,1,1,1,3,1
Cluster_1059	OG0003297	1,1,3,6,2,2,1,4,2,2,1,9,1
Cluster_1062	OG0005726	4,1,3,2,11,1,3,3
Cluster_1064	OG0017326	NA
Cluster_1065	OG0019475	NA
Cluster_1067	OG0017635	NA
Cluster_1072	OG0010682	1,1,2,1,1,1,1,3,1,1,1,3,1
Cluster_1073	OG0001385	2,3,5,3,3,4,3,6,5,3,3,9,3
Cluster_1075	OG0003616	3,3,1,4,9,2,5,7,3
Cluster_1076	OG0001425	2,13,1,8,4,10,1,6,4,6,1
Cluster_1085	OG0025365	NA
Cluster_1086	OG0010278	1,5,2,5,5,3
Cluster_1089	OG0022284	1
Cluster_1104	OG0000555	4,5,9,5,3,4,6,10,8,5,5,17,3
Cluster_1111	OG0013083	1,1,2,1,1,1,2,1,1,1,2,1
Cluster_1113	OG0004246	1,1,1,1,1,2,1,2,2,2,1,16,1
Cluster_1114	OG0000135	8,12,10,8,3,8,12,36,8,17,13,35,6
Cluster_1115	OG0017710	1,1,1,2,1
Cluster_1116	OG0000002	175,110,251,140,15,88,91,346,74,97,80,869,131
Cluster_1449	OG0003924	1,1,7,1,1,2,2,4,2,2,2,7,1
Cluster_1494	OG0000245	5,6,9,7,4,10,7,12,8,5,5,47,6
Cluster_1552	OG0001002	2,2,6,4,2,3,1,4,3,2,2,34,3
Cluster_1574	OG0019612	1
Cluster_1588	OG0001355	6,2,12,2,3,3,3,6,2,3,2,13,1
Cluster_1597	OG0006029	1,1,5,2,1,1,4,2,1,1,7
Cluster_1599	OG0019061	1,1
Cluster_1604	OG0005929	3,1,4,1,1,1,2,3,3,2,2,5,1
Cluster_1623	OG0009685	1,1,3,1,1,1,2,2,1,1,5,1
Cluster_1624	OG0025806	NA
Cluster_1669	OG0015161	1,1,2,2,4,1,1
Cluster_1672	OG0004534	1,1,11,1,1,1,1,3,1,1,1,7
Cluster_1682	OG0021208	1,1
Cluster_1292	OG0004499	2,1,6,2,1,2,1,3,4,1,1,8,1
Cluster_1305	OG0006835	1,2,1,1,1,2,5,1,2,3,5,1
Cluster_1408	OG0000131	11,10,29,9,8,10,10,22,10,12,11,36,9
Cluster_1455	OG0006529	2,1,2,1,1,1,1,3,2,1,1,6,2
Cluster_1493	OG0001343	5,3,4,3,2,2,4,6,1,4,3,18,2
Cluster_1516	OG0006792	1,1,1,1,1,1,1,2,1,1,1,12,1
Cluster_1526	OG0014187	1,2,1,1,1,1,1,1,1,1,3
Cluster_1539	OG0010578	2,1,2,1,1,1,1,2,1,1,1,4,1
Cluster_1560	OG0002948	1,2,1,4,2,2,2,4,4,2,2,4,1
Cluster_1590	OG0022123	NA
Cluster_1591	OG0000435	5,4,6,3,2,4,8,16,4,6,6,20,6
Cluster_1593	OG0019484	1
Cluster_1595	OG0002728	1,1,11,2,3,1,1,5,5,1,1,6,1
Cluster_1605	OG0001878	2,2,6,1,1,3,2,4,3,2,2,15,2
Cluster_1608	OG0007757	1,2,1,1,1,1,2,1,1,1,7,1
Cluster_1612	OG0004122	1,11,1,1,2,1,6,1,1,7,2
Cluster_1614	OG0006916	1,1,4,5,1,3,1,2,1,1,4,1
Cluster_1615	OG0022170	NA
Cluster_1619	OG0007417	1,1,1,1,1,2,2,2,1,5,1
Cluster_1621	OG0000004	1,9,58,1,18,105,52,1,97,5,163,15
Cluster_1628	OG0000001	201,117,250,155,18,131,130,340,126,157,118,674,173
Cluster_1635	OG0001992	1,1,6,5,1,3,1,5,2,1,1,18,3
Cluster_1636	OG0005175	3,1,3,1,2,1,2,2,1,2,9,2
Cluster_1638	OG0002214	2,1,7,1,1,3,1,2,2,1,1,22,2
Cluster_1644	OG0000063	13,13,20,18,16,20,19,38,14,20,20,54,16
Cluster_1646	OG0003059	1,2,2,2,2,2,4,4,4,4,3,6,1
Cluster_1650	OG0009832	1,1,2,1,1,1,1,2,1,1,1,5,2
Cluster_1652	OG0009082	1,1,1,1,1,1,1,4,2,1,1,5,1
Cluster_1653	OG0001710	3,5,3,5,3,5,7,2,3,12,2
Cluster_1656	OG0001046	3,4,6,6,3,6,4,6,4,4,3,10,3
Cluster_1660	OG0012882	1,1,1,1,1,1,1,2,1,1,1,2,1
Cluster_1661	OG0009811	1,1,2,3,2,2,1,3,1,1,1,3
Cluster_1663	OG0000007	62,44,150,57,9,49,54,165,48,42,39,222,59
Cluster_1668	OG0006586	2,1,1,1,1,1,1,5,1,1,1,7,2
Cluster_1674	OG0000548	5,4,4,4,5,3,3,8,7,3,3,34,4
Cluster_1683	OG0007314	1,3,2,1,1,1,2,6,1,1,1,5
Cluster_1694	OG0004279	1,1,13,1,2,1,1,2,1,1,3,5,1
Cluster_1262	OG0004346	1,1,11,2,1,3,1,2,2,1,1,5,1
Cluster_1265	OG0009191	1,1,3,1,1,1,1,4,2,1,1,4,1
Cluster_1267	OG0006710	1,1,2,1,1,2,1,3,1,2,2,4,1
Cluster_1269	OG0000574	5,5,4,3,5,7,5,10,5,6,5,17,5
Cluster_1270	OG0002793	3,1,2,1,4,1,2,5,2,2,3,10,3
Cluster_1273	OG0001605	3,3,5,3,1,2,2,5,2,3,1,19,4
Cluster_1274	OG0008893	1,1,2,1,1,1,1,2,2,1,1,7,1
Cluster_1277	OG0008205	1,1,2,1,1,1,1,3,2,1,2,2,1
Cluster_1285	OG0017248	1,1
Cluster_1288	OG0025686	NA
Cluster_1289	OG0000004	1,9,58,1,18,105,52,1,97,5,163,15
Cluster_1295	OG0000076	12,17,1,42,10,2,11,1
Cluster_1300	OG0006737	1,1,4,2,2,1,3,2,1,4,3,1
Cluster_1302	OG0005722	1,2,2,1,2,9,2,5
Cluster_1306	OG0010804	1,1,4,1,1,1,1,1,1,4,1
Cluster_1307	OG0025819	NA
Cluster_1313	OG0011185	1,1,3,1,1,2,1,3,1,1,3,1
Cluster_1316	OG0016422	1,1,1,1,1,2,1,1,1
Cluster_1321	OG0003585	2,2,2,2,2,2,2,4,3,2,2,6,2
Cluster_1322	OG0010137	1,1,3,1,1,1,2,2,1,1,6,1
Cluster_1326	OG0000873	4,2,6,3,2,3,2,4,3,2,2,36,2
Cluster_1327	OG0001773	2,2,4,8,2,3,2,5,3,2,2,15,1
Cluster_1330	OG0000006	25,100,113,5,8,32,21,210,1,24,39,421,56
Cluster_1336	OG0007401	1,2,4,1,1,2,1,2,1,1,1,6,1
Cluster_1339	OG0002050	5,3,2,2,3,2,3,4,3,2,14,4
Cluster_1350	OG0001499	6,2,12,2,2,1,2,3,1,2,2,15,5
Cluster_1351	OG0000578	6,5,7,8,2,8,5,9,4,7,6,12,5
Cluster_1356	OG0004207	2,2,5,3,1,1,2,4,2,1,2,7,2
Cluster_1359	OG0000741	1,1,1,1,1,2,1,1,1,3
Cluster_1360	OG0008138	1,1,3,3,1,1,1,2,1,1,1,5,1
Cluster_1361	OG0000786	10,1,4,2,3,1,4,7,2,5,4,23,4
Cluster_1362	OG0005551	1,1,5,1,1,1,1,2,2,1,1,12,1
Cluster_1369	OG0021211	NA
Cluster_1370	OG0006542	1,1,2,1,1,1,4,2,2,1,1,3,1
Cluster_1375	OG0000052	35,16,10,25,6,28,14,34,1,21,20,119,23
Cluster_1376	OG0006383	1,1,4,1,1,1,1,3,1,1,1,4,1
Cluster_1377	OG0000883	2,3,2,2
Cluster_1378	OG0010486	1,1,3,1,1,1,2,2,2,1,2,1
Cluster_1380	OG0006328	1,1,5,4,1,2,2,2,1,1,1,4,1
Cluster_1382	OG0007501	1,1,1,3,1,1,2,2,2,1,1,8,1
Cluster_1384	OG0005756	1,1,4,3,1,1,1,2,2,1,1,8,1
Cluster_1390	OG0014749	1,2,1,1,1,1,2,1,1,1,2,1
Cluster_1391	OG0006597	1,1,3,1,1,1,2,3,1,1,11,1
Cluster_1393	OG0004036	1,1,3,4,2,2,2,5,4,2,2,5,1
Cluster_1396	OG0009236	2,1,2,2,1,2,1,2,1,1,1,4,1
Cluster_1398	OG0005082	1,3,1,1,1,4,6,1,3,3,5,1
Cluster_1401	OG0019061	1,1
Cluster_1405	OG0002482	3,1,11,1,1,3,1,4,2,1,1,14,1
Cluster_1406	OG0004852	1,1,11,1,1,2,1,4,1,1,1,6,1
Cluster_1414	OG0008912	1,1,3,1,1,1,1,2,1,1,1,8,1
Cluster_1415	OG0000253	11,4,9,8,2,5,8,12,4,7,6,51,10
Cluster_1418	OG0009631	1,1,1,1,1,1,2,2,1,1,4,3
Cluster_1419	OG0000004	1,9,58,1,18,105,52,1,97,5,163,15
Cluster_1420	OG0009879	1,1,2,1,1,1,1,2,2,1,1,4,1
Cluster_1422	OG0005514	2,2,3,1,1,3,1,2,2,2,1,8,2
Cluster_1424	OG0002154	2,2,6,5,1,2,2,4,4,2,2,9,2
Cluster_1434	OG0006654	1,2,1,3,1,4,1,2,3,1,1,5,2
Cluster_1459	OG0008226	1,1,2,1,1,1,1,4,2,1,1,4,1
Cluster_1460	OG0007309	1,1,1,1,1,4,1,2,2,1,1,8,1
Cluster_1461	OG0010000	1,1,2,1,1,1,1,3,1,1,6,1
Cluster_1462	OG0002279	1,1,6,4,2,2,1,2,2,1,1,20
Cluster_1464	OG0001065	3,2,4,5,1,1,2,4,3,2,2,28,1
Cluster_1470	OG0009007	1,1,3,1,1,1,1,2,1,1,7
Cluster_1476	OG0007152	1,1,6,2,1,1,1,2,1,1,3,1
Cluster_1478	OG0013830	1,1,1,1,2,1,2,1,1,4,1
Cluster_1479	OG0010366	1,4,1,1,1,1,2,2,1,1,3,1
Cluster_1480	OG0000531	3,3,7,4,3,6,10,17,6,8,7,14,2
Cluster_1482	OG0010087	1,1,4,1,2,1,2,1,1,1,3,1
Cluster_1484	OG0011184	1,1,1,1,1,1,1,3,1,1,1,3,1
Cluster_1485	OG0000001	201,117,250,155,18,131,130,340,126,157,118,674,173
Cluster_1486	OG0003096	1,2,6,4,1,2,1,4,4,1,1,12,2
Cluster_1491	OG0009600	1,1,1,2,2,1,3,1,1,3,4
Cluster_1492	OG0008821	1,1,2,2,2,2,1,2,1,1,1,4,1
Cluster_1497	OG0010418	1,1,1,1,2,1,2,2,1,1,5,1
Cluster_1499	OG0000155	12,14,21,15,5,6,9,17,8,10,8,36,9
Cluster_1500	OG0001644	3,2,4,7,3,2,3,7,4,3,4,8,1
Cluster_1501	OG0000000	5,254,962,7,1,30,46,226,12,69,14,1077,10
Cluster_1505	OG0002252	2,1,23,2,1,1,1,3,1,1,1,3,2
Cluster_1507	OG0001321	5,2,5,3,2,4,4,7,2,4,4,11,4
Cluster_1509	OG0022225	NA
Cluster_1511	OG0001215	2,2,7,7,3,2,1,4,6,2,3,8,3
Cluster_1518	OG0007007	1,1,2,1,1,3,1,3,2,1,1,6,1
Cluster_1528	OG0005619	3,1,1,1,1,1,1,2,3,1,1,7,4
Cluster_1531	OG0015627	1,1,2,1,1,2,1,2,1
Cluster_1533	OG0007382	2,1,1,1,1,2,1,3,3,1,1,4,1
Cluster_1534	OG0009740	1,1,1,1,2,2,1,2,2,2,3,1
Cluster_1537	OG0014011	1,1,1,1,1,1,1,2,1,1,1,3,1
Cluster_1543	OG0001715	1,4,6,3,1,3,5,7,2,3,4,9,2
Cluster_1548	OG0004363	1,3,2,2,1,2,2,4,5,2,2,3,1
Cluster_1555	OG0005020	3,1,4,1,1,1,1,2,3,1,2,8,2
Cluster_1556	OG0000049	14,20,6,49,45,5,129,21
Cluster_1558	OG0006017	2,1,3,1,2,2,3,1,3,2,7,1
Cluster_1562	OG0000648	3,3,9,6,2,5,4,6,6,4,3,26,3
Cluster_1563	OG0000036	25,16,74,40,10,12,21,39,24,21,27,72,23
Cluster_1566	OG0005155	1,1,1,1,1,2,1,3,3,2,1,10,1
Cluster_1567	OG0025705	NA
Cluster_1570	OG0014897	1,2,1,1,1,2,1,1,1
Cluster_1579	OG0002578	1,2,7,1,3,2,3,4,2,2,2,4,1
Cluster_1581	OG0001199	3,3,2,4,4,4,4,7,3,4,4,10,3
Cluster_1583	OG0025167	NA
Cluster_1793	OG0009398	1,1,2,1,1,2,1,3,5,1,1,3
Cluster_2014	OG0000981	4,5,8,2,3,3,6,1,4,5,20,4
Cluster_2023	OG0009089	2,1,1,3,1,1,1,2,1,1,1,3,1
Cluster_1697	OG0013245	1,1,1,1,1,1,3,1,1,1,2,1
Cluster_1706	OG0001111	3,2,8,3,5,2,2,7,5,2,2,15,4
Cluster_1708	OG0000979	7,5,3,3,3,4,3,8,2,3,4,18,4
Cluster_1709	OG0000748	5,3,20,9,2,4,2,4,2,2,2,19,4
Cluster_1712	OG0000598	4,6,7,7,5,5,5,11,5,5,12,4
Cluster_1730	OG0004691	2,4,2,2,1,1,2,1,1,1,14,1
Cluster_1775	OG0010200	1,1,1,2,1,1,1,2,2,1,1,5
Cluster_1821	OG0010221	1,1,2,1,1,2,1,3,2,1,1,4,1
Cluster_1892	OG0011253	2,1,1,1,1,1,2,2,1,4
Cluster_1900	OG0019552	NA
Cluster_1901	OG0006324	1,1,11,1,1,1,2,4,2,1,3,1
Cluster_1973	OG0015553	1,1,1,1,1,2,2,1,1
Cluster_1979	OG0018183	1,2
Cluster_1980	OG0006163	1,3,3,5,1,2,3,4,2
Cluster_1997	OG0009002	1,1,5,2,1,1,1,2,1,1,1,4,1
Cluster_2003	OG0008533	1,1,2,2,1,1,1,2,1,1,8,1
Cluster_2015	OG0002549	2,2,7,2,4,2,2,4,3,2,3,8,2
Cluster_2016	OG0000376	1,59,16,1
Cluster_2017	OG0006790	1,1,1,2,1,2,2,4,2,2,5,1
Cluster_2018	OG0003635	2,3,3,2,2,2,2,4,4,2,2,4,2
Cluster_2024	OG0009026	1,1,5,1,1,1,3,1,1,1,3,2
Cluster_2027	OG0002646	1,3,1,2,3,2,3,9,4,3,2,6,3
Cluster_2031	OG0005202	1,1,12,1,1,1,1,3,1,1,1,6
Cluster_2032	OG0005848	1,1,3,1,2,1,1,2,2,2,1,5
Cluster_2035	OG0011264	1,1,3,2,1,1,1,2,1,1,1,3,1
Cluster_2039	OG0000004	1,9,58,1,18,105,52,1,97,5,163,15
Cluster_2042	OG0000297	6,5,28,7,4,5,7,13,7,7,8,15,6
Cluster_2044	OG0003072	3,2,2,1,2,1,3,1,1,1,12,3
Cluster_2048	OG0001691	2,3,4,7,2,3,3,4,3,3,3,10,3
Cluster_2049	OG0003674	2,2,3,2,2,2,6,5,2,2,4,1
Cluster_2055	OG0000248	13,5,8,8,2,8,6,33,3,9,12,27,10
Cluster_2056	OG0000915	3,3,11,4,3,2,4,9,4,4,3,16,3
Cluster_2060	OG0010792	1,1,3,1,1,1,4,1,1,1,3,1
Cluster_2063	OG0002300	1,1,8,4,1,1,1,2,1,1,1,18,1
Cluster_1696	OG0004642	3,1,4,1,2,2,2,2,4,1,1,6,1
Cluster_1700	OG0009056	1,1,2,1,1,2,1,2,1,1,1,3,1
Cluster_1703	OG0007745	1,4,3,1,1,1,3,1,1,1,4,1
Cluster_1718	OG0014776	1
Cluster_1721	OG0003109	1,1,3,3,1,1,1,3,2,1,1,22,1
Cluster_1739	OG0007918	1,1,5,1,1,1,1,3,2,1,1,4,1
Cluster_1747	OG0000008	70,25,98,9,8,20,18,150,11,38,26,474,63
Cluster_1753	OG0017326	NA
Cluster_1754	OG0001226	3,2,4,5,2,3,4,8,4,4,3,14,3
Cluster_1755	OG0000076	12,17,1,42,10,2,11,1
Cluster_1765	OG0002250	2,2,11,3,2,2,2,4,2,2,2,9
Cluster_1767	OG0004805	2,5,2,2,1,1,2,2,1,1,10,1
Cluster_1770	OG0003546	2,2,2,2,2,3,2,4,2,2,2,6,2
Cluster_1773	OG0025122	NA
Cluster_1774	OG0010288	1,2,3,1,2,1,2,2,1,1,2,1
Cluster_1779	OG0024943	NA
Cluster_1783	OG0000606	5,4,9,5,4,6,5,9,7,5,5,13,5
Cluster_1784	OG0012918	1,1,1,1,1,1,1,3,1,1,1,2
Cluster_1786	OG0002483	2,2,11,4,2,4,2,4,4,2,2,3,1
Cluster_1788	OG0007256	1,1,2,2,2,2,3,3,2,2,4,1
Cluster_1791	OG0011483	1,1,1,2,1,1,1,2,2,1,1,1,1
Cluster_1794	OG0006099	2,2,1,2,1,3,2,1,2,2,2,4,2
Cluster_1796	OG0015124	1,1,1,1,1,2,1,1,4,1
Cluster_1799	OG0000327	7,7,6,7,2,5,6,11,9,7,7,33,4
Cluster_1801	OG0010882	1,1,3,1,1,1,1,2,2,1,1,3
Cluster_1804	OG0002165	2,2,8,8,2,3,2,4,2,2,2,5,2
Cluster_1805	OG0009749	1,1,2,1,1,1,1,2,2,1,1,6,1
Cluster_1809	OG0003291	2,1,6,1,1,2,2,5,2,2,2,8,2
Cluster_1814	OG0001581	3,2,2,2,3,5,4,6,1,3,3,10,3
Cluster_1822	OG0010936	2,1,1,1,1,1,1,4,1,1,1,4
Cluster_1823	OG0000235	4,8,6,7,5,10,10,23,14,10,10,24,3
Cluster_1825	OG0005205	2,1,1,2,1,1,1,2,4,2,1,7,1
Cluster_1826	OG0003118	1,1,6,3,1,2,1,5,5,1,1,12,1
Cluster_1837	OG0000351	8,6,10,4,2,3,3,9,9,5,7,40,7
Cluster_1839	OG0002243	3,3,2,2,6,8,1,4,5,7,2
Cluster_1841	OG0000168	8,9,23,11,4,11,10,18,4,9,9,44,9
Cluster_1842	OG0004308	1,1,3,1,1,3,3,6,1,3,2,5,1
Cluster_1843	OG0006281	1,1,3,2,2,2,2,4,2,2,4,1
Cluster_1849	OG0003677	2,3,3,2,2,1,3,5,2,2,2,5,1
Cluster_1851	OG0001006	4,3,18,4,2,3,2,7,3,2,3,10,4
Cluster_1852	OG0001059	3,4,3,4,3,4,1,8,6,4,4,17,2
Cluster_1858	OG0002971	1,1,4,12,2,1,1,6,1,1,1,6,4
Cluster_1859	OG0006363	1,1,2,1,1,1,1,2,3,1,1,5,1
Cluster_1865	OG0000036	25,16,74,40,10,12,21,39,24,21,27,72,23
Cluster_1868	OG0001777	3,3,3,4,3,4,3,6,1,3,3,11,2
Cluster_1870	OG0014486	1,1,1,1,2,2,1,3,1
Cluster_1875	OG0000694	6,3,7,5,4,8,4,7,4,5,3,14,5
Cluster_1878	OG0007585	1,1,1,1,1,1,1,2,2,1,1,8,1
Cluster_1881	OG0000105	16,7,7,20,11,14,9,28,9,15,19,39,9
Cluster_1887	OG0004730	1,3,1,2,2,2,2,4,2,2,2,5,1
Cluster_1890	OG0001905	2,2,2,2,2,2,2,4,3,2,2,19,3
Cluster_1899	OG0000059	20,15,31,23,1,16,16,39,12,18,17,76,12
Cluster_1908	OG0004261	1,2,2,2,1,2,4,2,2,2,7,2
Cluster_1909	OG0004841	2,2,2,2,2,2,2,3,2,2,2,5,2
Cluster_1911	OG0005940	1,1,2,4,1,2,1,3,4,1,1,4,1
Cluster_1912	OG0011748	1,4,1,1,1,2,2,1,1,4
Cluster_1914	OG0002910	2,2,3,2,1,4,2,4,4,2,2,11,1
Cluster_1915	OG0006104	1,1,2,2,1,1,1,2,2,1,1,7,2
Cluster_1934	OG0001044	8,4,3,4,4,4,3,6,3,4,16,3
Cluster_1933	OG0002399	3,3,4,2,2,3,1,2,2,2,2,13,3
Cluster_1937	OG0003406	2,2,2,4,1,3,2,4,3,2,2,8,2
Cluster_1940	OG0009258	1,1,6,1,1,1,3,1,1,1,4,1
Cluster_1942	OG0003629	2,1,11,1,2,2,1,4,2,1,1,7,3
Cluster_1943	OG0004263	1,1,1,1,1,1,1,2,2,1,2,5,2
Cluster_1957	OG0012884	1,1,1,1,1,1,1,3,1,1,1,3,1
Cluster_1959	OG0002316	1,2,3,2,2,2,2,7,4,2,2,13,1
Cluster_1965	OG0007720	1,1,1,1,1,1,1,2,1,1,5,1
Cluster_2469	OG0004980	3,4,1,1,1,3,1,2,1,1,1,10,3
Cluster_2095	OG0025380	NA
Cluster_2194	OG0016720	1,1,1,1,2,1,1,1
Cluster_2197	OG0013050	1,1,2,1,1,1,1,2,1,1,1,3,1
Cluster_2292	OG0008331	1,1,2,1,2,1,2,2,1,1,6,1
Cluster_2300	OG0002764	2,2,4,2,2,3,2,3,3,2,2,10,2
Cluster_2313	OG0007934	1,1,1,1,1,2,4,1,2,2,5,1
Cluster_2329	OG0001719	2,2,3,3,1,4,3,10,2,3,5,13,1
Cluster_2348	OG0007416	1,1,2,1,1,2,4,1,1,2,6,1
Cluster_2357	OG0009057	1,1,4,2,1,1,1,2,1,1,1,3,1
Cluster_2359	OG0000112	8,11,10,17,12,14,11,28,11,11,11,47,9
Cluster_2372	OG0011645	1,1,2,1,1,1,1,2,1,1,1,4,2
Cluster_2375	OG0008963	2,2,1,1,4,2,3,2,1,3,1
Cluster_2391	OG0000516	5,5,3,7,5,7,6,12,4,6,5,15,4
Cluster_2406	OG0001548	2,3,4,5,2,6,2,6,5,2,2,10,3
Cluster_2408	OG0000272	8,5,8,4,2,7,8,13,6,10,9,32,7
Cluster_2412	OG0000138	9,9,14,7,4,9,13,33,8,15,10,45,6
Cluster_2418	OG0004040	1,1,4,3,1,1,3,3,5,2,4,1
Cluster_2429	OG0000279	7,5,8,11,4,7,8,13,7,9,7,38,5
Cluster_2455	OG0008822	1,1,3,1,1,1,1,2,2,1,1,5,1
Cluster_2467	OG0001074	2,4,5,3,3,2,4,7,4,4,3,15,2
Cluster_2470	OG0006106	1,1,1,1,1,2,1,2,3,1,1,3
Cluster_2077	OG0009768	1,1,2,1,2,1,1,4,1,1,1,3,1
Cluster_2082	OG0004555	1,2,5,1,1,2,1,2,1,1,1,12,2
Cluster_2088	OG0013453	1,1,1,1,1,1,2,1,2,1,3
Cluster_2089	OG0000029	23,20,30,26,8,27,23,45,25,20,23,123,28
Cluster_2105	OG0003072	3,2,2,1,2,1,3,1,1,1,12,3
Cluster_2111	OG0008307	1
Cluster_2116	OG0000735	3,3,4,7,4,4,4,8,5,4,4,19,4
Cluster_2123	OG0008976	1,3,1,1,1,1,3,3,1,1,3
Cluster_2189	OG0001447	2,3,7,5,3,4,3,6,3,3,11,3
Cluster_2227	OG0005087	2,3,1,1,3,2,5,5,2,2,2,2
Cluster_2231	OG0000105	16,7,7,20,11,14,9,28,9,15,19,39,9
Cluster_2242	OG0000225	8,3,10,5,1,5,8,12,5,6,6,62,7
Cluster_2253	OG0016964	1,1,1,2,1,1,1
Cluster_2289	OG0000029	23,20,30,26,8,27,23,45,25,20,23,123,28
Cluster_2299	OG0001956	2,2,5,2,2,4,2,6,4,2,2,5,3
Cluster_2301	OG0000044	41,16,57,17,16,14,33,16,19,15,108,26
Cluster_2302	OG0007712	1,1,5,2,1,1,1,3,1,1,1,5,1
Cluster_2307	OG0000179	30,14,2,3,4,5,11,31,2,11,13,25,13
Cluster_2309	OG0001015	5,2,6,2,1,3,3,5,6,6,4,15,7
Cluster_2308	OG0004129	1,8,6,1,2,1,3,1,1,1,7,2
Cluster_2309	OG0001015	5,2,6,2,1,3,3,5,6,6,4,15,7
Cluster_2324	OG0000076	12,17,1,42,10,2,11,1
Cluster_2325	OG0003208	2,2,2,4,3,1,2,4,4,2,4,4,1
Cluster_2328	OG0006596	1,1,1,2,2,1,1,2,1,1,1,3,1
Cluster_2331	OG0003139	1,1,2,2,5,2,3,4,2,2,12,1
Cluster_2332	OG0004885	2,1,2,3,2,3,1,4,3,1,1,3,3
Cluster_2333	OG0007757	1,2,1,1,1,1,2,1,1,1,7,1
Cluster_2334	OG0025109	NA
Cluster_2335	OG0007719	1,1,5,1,1,1,1,2,1,2,1,6,1
Cluster_2338	OG0004833	1,1,2,3,1,2,1,4,2,1,1,8,1
Cluster_2341	OG0000626	4,4,13,6,3,6,4,3,2,4,4,18,4
Cluster_2342	OG0021215	NA
Cluster_2346	OG0009289	1,1,2,1,2,1,1,2,2,1,6,1
Cluster_2347	OG0010498	1,1,1,1,1,1,2,3,1,2,2,3,1
Cluster_2355	OG0006672	1,2,4,1,1,1,1,5,3,1,1,4
Cluster_2364	OG0008594	1,1,3,1,1,1,1,4,1,1,6,1
Cluster_2370	OG0005499	1,1,6,2,1,2,1,2,2,1,1,8,1
Cluster_2371	OG0006977	1,1,4,1,1,2,1,2,1,2,1,6,2
Cluster_2376	OG0007742	1,1,2,2,2,2,4,1,3,2,3
Cluster_2380	OG0000105	16,7,7,20,11,14,9,28,9,15,19,39,9
Cluster_2384	OG0013895	1,1,2,1,1,1,2,1,1,1,3,1
Cluster_2387	OG0000170	5,9,11,10,3,10,9,21,12,10,11,35,7
Cluster_2388	OG0005712	2,2,2,2,2,1,2,2,2,2,6,1
Cluster_2393	OG0012444	1,1,2,1,1,1,2,2,1,1,4,1
Cluster_2415	OG0006804	1,1,3,1,1,2,1,2,2,1,1,10,1
Cluster_2416	OG0000029	23,20,30,26,8,27,23,45,25,20,23,123,28
Cluster_2432	OG0004492	1,1,5,1,2,2,2,4,1,1,1,12,1
Cluster_2434	OG0004067	1,1,7,2,1,2,1,7,3,1,1,7,1
Cluster_2439	OG0006473	1,1,5,6,3,1,2,1,1,1,4
Cluster_2447	OG0003313	2,1,6,1,1,1,1,5,3,1,1,9,3
Cluster_2449	OG0005807	1,1,2,4,1,4,1,3,4,1,1,3,1
Cluster_2450	OG0004924	2,2,1,2,1,2,2,5,1,2,2,5,1
Cluster_2453	OG0000004	1,9,58,1,18,105,52,1,97,5,163,15
Cluster_2454	OG0017293	1,1,2,1,1
Cluster_2461	OG0004810	2,2,2,2,2,2,3,2,2,6,1
Cluster_2464	OG0001697	2,2,3,4,2,3,2,5,4,2,2,15,2
Cluster_2465	OG0013455	1,1,1,1,1,3,1,1,1,4,1
Cluster_2070	OG0003172	2,2,5,2,2,1,3,4,3,2,2,6,2
Cluster_2073	OG0005939	2,2,3,1,2,1,1,2,1,1,1,8,2
Cluster_2076	OG0006104	1,1,2,2,1,1,1,2,2,1,1,7,2
Cluster_2078	OG0007894	1,1,4,1,2,1,1,3,3,2,1,4
Cluster_2080	OG0002927	1,1,5,6,3,1,1,7,2,1,1,11
Cluster_2085	OG0000650	4,4,12,12,4,3,4,9,5,4,4,11,3
Cluster_2090	OG0001976	3,3,1,2,7,4,2,4,2,2,2,8,3
Cluster_2102	OG0000062	10,12,38,27,13,16,15,37,21,13,12,64,11
Cluster_2106	OG0005291	1,1,3,10,3,1,1,2,1,1,1,4,1
Cluster_2107	OG0002293	2,2,3,2,2,4,2,5,6,2,2,11,2
Cluster_2114	OG0002204	5,4,1,2,2,1,4,6,2,4,2,8,2
Cluster_2115	OG0000004	1,9,58,1,18,105,52,1,97,5,163,15
Cluster_2117	OG0010902	2,1,3,1,2,1,1,2,1,1,1,3,1
Cluster_2121	OG0006284	1,2,2,1,1,1,1,2,2,1,1,9,1
Cluster_2127	OG0000188	14,9,13,5,8,25,27,1,13,5,34,5
Cluster_2129	OG0004390	1,2,1,3,1,2,4,4,1,4,3,3
Cluster_2131	OG0004651	1,1,12,4,1,1,1,3,1,1,1,3,1
Cluster_2143	OG0017687	1,3,1
Cluster_2145	OG0000117	10,8,20,13,8,15,10,19,17,9,9,49,9
Cluster_2148	OG0022262	NA
Cluster_2149	OG0002777	1,2,1,2,3,3,2,4,2,2,2,7,2
Cluster_2150	OG0009056	1,1,2,1,1,2,1,2,1,1,1,3,1
Cluster_2151	OG0002332	1,2,7,1,3,2,2,7,3,2,2,9,2
Cluster_2153	OG0014218	1,1,1,1,1,1,3,1,1,1,3
Cluster_2154	OG0009474	2,1,1,1,1,2,1,2,2,1,1,7
Cluster_2157	OG0005359	1,2,4,2,2,2,2,4,1,2,2,3,2
Cluster_2159	OG0003890	1,2,5,2,2,2,2,4,2,2,3,6,2
Cluster_2160	OG0016227	1,1,1,2,1,2,1,1,1
Cluster_2162	OG0000419	4,5,13,7,3,6,5,11,10,5,5,19,5
Cluster_2170	OG0000564	4,6,8,5,4,5,5,10,8,4,5,13,4
Cluster_2173	OG0004273	1,1,2,3,2,1,2,6,2,2,2,7,1
Cluster_2174	OG0001938	2,3,5,2,2,3,2,5,3,2,2,14,2
Cluster_2177	OG0006201	3,1,1,1,1,1,2,1,2,2,8,3
Cluster_2178	OG0009974	1,1,1,1,2,1,1,3,1,1,1,6,1
Cluster_2183	OG0001896	1,2,6,2,3,2,4,8,3,3,3,9,1
Cluster_2186	OG0001980	2,2,6,1,2,2,2,4,2,2,2,15,2
Cluster_2187	OG0000249	11,21,2,3,10,1,13,4,7,54,7
Cluster_2193	OG0000967	4,3,4,2,4,3,3,8,7,3,3,15,3
Cluster_2199	OG0007874	1,1,2,1,1,1,2,4,2,2,1,3,2
Cluster_2200	OG0002406	2,2,3,2,3,3,4,5,2,3,3,6,2
Cluster_2201	OG0009969	1,1,2,2,2,1,2,1,1,2,3,1
Cluster_2202	OG0006314	1,2,1,1,1,1,2,4,1,2,2,4,1
Cluster_2204	OG0001382	3,2,4,3,3,5,3,6,3,3,3,13,4
Cluster_2207	OG0008898	1,1,2,1,1,2,1,2,1,1,1,4,1
Cluster_2210	OG0001927	1,1,14,1,2,2,4,2,2,2,15,1
Cluster_2213	OG0000711	4,4,6,3,4,2,7,11,1,6,6,16,6
Cluster_2215	OG0001477	2,3,7,4,1,1,4,2,2,2,2,22,2
Cluster_2216	OG0002568	2,2,5,2,2,3,2,5,4,2,1,9,2
Cluster_2217	OG0000521	4,4,4,5,8,6,7,16,4,7,7,10,4
Cluster_2218	OG0008826	1,2,1,1,1,1,2,2,1,2,1,6,2
Cluster_2220	OG0002232	2,2,2,2,2,2,3,3,2,2,9,1
Cluster_2241	OG0001398	1,4,3,4,3,3,7,9,2,6,5,8
Cluster_2248	OG0017286	1,2,2
Cluster_2250	OG0003563	2,2,3,2,2,3,2,2,3,2,2,7,2
Cluster_2255	OG0008846	1,1,3,1,1,3,1,4,1,1,3,2
Cluster_2262	OG0002398	1,2,3,4,3,3,3,5,2,2,12,1
Cluster_2264	OG0004817	2,2,2,2,2,2,2,1,2,2,8
Cluster_2265	OG0000030	50,27,34,21,4,23,37,61,13,14,20,108,20
Cluster_2266	OG0005205	2,1,1,2,1,1,1,2,4,2,1,7,1
Cluster_2270	OG0003828	2,2,2,3,2,2,4,1,2,2,8,3
Cluster_2271	OG0000235	4,8,6,7,5,10,10,23,14,10,10,24,3
Cluster_2273	OG0000004	1,9,58,1,18,105,52,1,97,5,163,15
Cluster_2277	OG0002494	2,2,5,2,2,2,2,5,3,2,2,7,1
Cluster_2280	OG0000625	10,3,6,4,2,6,6,9,4,5,3,19,6
Cluster_2287	OG0000004	1,9,58,1,18,105,52,1,97,5,163,15
Cluster_2288	OG0010957	1,1,2,2,1,1,1,2,1,1,1,3,1
Cluster_2291	OG0003517	1,2,1,2,3,1,1,4,1,1,3,12,4
Cluster_2494	OG0000005	109,49,79,53,4,69,66,147,24,86,71,369,93
Cluster_2692	OG0002270	2,2,1,4,2,3,3,6,4,2,2,8,2
Cluster_2724	OG0000092	13,5,15,20,4,20,7,28,5,12,9,92,11
Cluster_2513	OG0000001	201,117,250,155,18,131,130,340,126,157,118,674,173
Cluster_2652	OG0010195	1,1,2,1,1,1,3,2,1,1,4,1
Cluster_2654	OG0002057	2,3,4,3,2,5,2,5,5,3,2,5,2
Cluster_2655	OG0007657	2,1,3,1,1,2,6,1,1,1,4,1
Cluster_2657	OG0025509	NA
Cluster_2658	OG0011819	1,1,5,1,1,1,1,2,1,1,1,3
Cluster_2659	OG0007471	1,2,1,2,1,2,1,2,2,1,7,1
Cluster_2665	OG0014253	2,2,1,2,1,2,2,1,1
Cluster_2674	OG0007212	1,1,1,2,1,2,1,2,2,1,1,8
Cluster_2675	OG0003841	2,2,1,2,4,3,2,2,15,2
Cluster_2678	OG0000371	11,6,11,5,3,3,4,5,2,3,9,35,15
Cluster_2682	OG0000601	13,4,4,2,2,2,6,6,4,4,31,3
Cluster_2689	OG0003873	2,2,3,2,1,3,2,4,3,2,2,7,3
Cluster_2694	OG0014776	1
Cluster_2695	OG0000083	12,7,63,11,12,12,7,28,21,7,7,47,12
Cluster_2699	OG0002118	2,1,4,2,1,1,1,5,3,1,1,24,3
Cluster_2710	OG0006191	1,1,6,1,1,2,2,3,1,1,2,4,1
Cluster_2711	OG0007079	1,1,3,1,1,1,1,2,1,1,3,4,1
Cluster_2717	OG0004058	3,1,6,5,1,1,1,2,1,2,1,6,2
Cluster_2727	OG0011347	1,1,1,1,2,1,2,3,1,1,4,1
Cluster_2730	OG0005501	1,1,5,1,1,1,1,4,1,1,1,8,1
Cluster_2732	OG0005878	1,1,2,1,2,2,3,4,2,2,1,5
Cluster_2734	OG0000004	1,9,58,1,18,105,52,1,97,5,163,15
Cluster_2736	OG0001945	1,1,2,2,1,1,1,2,1,1,2,1
Cluster_2739	OG0012311	2,1,1,1,1,1,1,2,1,1,4,2
Cluster_2742	OG0022097	NA
Cluster_2743	OG0001385	2,3,5,3,3,4,3,6,5,3,3,9,3
Cluster_2744	OG0010269	1,2,1,1,1,1,1,1,1,7,1
Cluster_2745	OG0007168	1,1,3,1,1,1,1,2,2,1,1,8,1
Cluster_2757	OG0000865	3,3,4,3,3,5,4,14,4,5,4,17
Cluster_2758	OG0004810	2,2,2,2,2,2,3,2,2,6,1
Cluster_2759	OG0011654	1,1,3,1,1,1,1,2,2,1,1,3,1
Cluster_2761	OG0000686	6,2,8,4,2,2,2,6,6,2,4,24,5
Cluster_2474	OG0000004	1,9,58,1,18,105,52,1,97,5,163,15
Cluster_2475	OG0022297	NA
Cluster_2476	OG0002578	1,2,7,1,3,2,3,4,2,2,2,4,1
Cluster_2483	OG0000001	201,117,250,155,18,131,130,340,126,157,118,674,173
Cluster_2484	OG0008098	1,1,2,1,1,1,1,2,3,1,1,7
Cluster_2487	OG0007893	1,1,1,1,3,1,1,3,3,1,1,6,1
Cluster_2496	OG0003346	2,2,2,2,1,1,2,3,4,3,2,9,2
Cluster_2497	OG0001257	2,3,3,3,3,3,5,7,5,4,4,10,2
Cluster_2499	OG0000491	6,6,5,6,3,7,6,13,1,6,5,19,4
Cluster_2501	OG0000317	4,6,14,7,4,8,7,12,9,6,6,27,6
Cluster_2506	OG0002296	2,2,1,6,1,2,2,4,4,2,2,13,3
Cluster_2509	OG0012556	1,1,4,1,1,1,1,2,1,1,1,2,1
Cluster_2514	OG0001973	2,2,4,3,2,2,3,6,3,2,2,14,2
Cluster_2515	OG0001837	2,3,5,3,2,2,3,6,2,3,3,10,3
Cluster_2521	OG0002813	2,2,3,3,1,1,2,6,3,2,3,9,2
Cluster_2525	OG0001369	2,2,5,2,6,3,3,7,2,3,4,15,2
Cluster_2527	OG0006997	1,1,2,1,1,1,1,2,1,1,1,11
Cluster_2546	OG0001494	4,2,9,2,2,2,2,4,4,2,2,15,3
Cluster_2549	OG0014761	1,2,2,1,1,4,1,1,1
Cluster_2550	OG0009217	1,1,1,1,1,2,3,1,1,6,1
Cluster_2554	OG0000187	11,10,33,4,3,8,4,10,6,6,3,57,9
Cluster_2556	OG0007674	1,1,6,1,1,1,1,2,2,1,1,6,1
Cluster_2560	OG0001006	4,3,18,4,2,3,2,7,3,2,3,10,4
Cluster_2567	OG0006245	1,1,4,7,1,2,1,2,2,1,1,2,2
Cluster_2568	OG0007329	2,3,2,1,1,1,2,3,1,1,5,1
Cluster_2572	OG0006875	1,1,1,1,2,2,1,2,2,1,1,6,1
Cluster_2578	OG0005481	2,1,6,2,1,1,1,4,3,1,2,4
Cluster_2580	OG0015470	1,1,1,1,1,1,2,1,1,1,2
Cluster_2590	OG0019612	1
Cluster_2595	OG0004322	1,2,3,2,1,3,2,1,2,12,2
Cluster_2602	OG0000004	1,9,58,1,18,105,52,1,97,5,163,15
Cluster_2608	OG0000503	9,1,1,5,2,5,9,17,2,5,4,25,8
Cluster_2620	OG0000348	6,6,5,6,5,7,5,9,11,6,6,30,6
Cluster_2622	OG0000813	6,4,6,4,2,5,5,7,3,7,4,14,2
Cluster_2623	OG0005775	1,2,1,1,1,2,1,2,1,1,5,1
Cluster_2624	OG0004047	2,1,6,1,2,2,1,3,3,1,1,12
Cluster_2625	OG0000754	2,3,6,3,5,5,4,7,8,4,7,10,2
Cluster_2626	OG0000878	3,3,5,3,3,4,4,11,4,4,4,11,3
Cluster_2631	OG0000004	1,9,58,1,18,105,52,1,97,5,163,15
Cluster_2633	OG0008902	1,1,7,1,1,2,1,2,1,1,1,3,1
Cluster_2634	OG0000737	7,3,7,4,2,3,3,7,3,3,4,19,5
Cluster_2639	OG0005576	1,1,2,2,3,2,3,7,1,3,1,4
Cluster_2640	OG0000542	5,4,4,7,3,6,6,12,1,6,6,22,5
Cluster_2642	OG0004668	1,2,2,5,1,1,1,5,1,3,1,7,1
Cluster_2643	OG0001054	2,2,10,4,4,4,3,5,4,4,3,14,2
Cluster_2644	OG0007628	1,1,5,1,2,1,1,3,2,1,1,5,1
Cluster_3038	OG0013356	1,2,3,1,3,1,4,1
Cluster_3050	OG0000004	1,9,58,1,18,105,52,1,97,5,163,15
Cluster_2975	OG0002382	2,2,7,2,2,2,2,4,6,2,2,10,1
Cluster_2988	OG0003390	1,1,15,1,1,1,1,3,1,1,1,7
Cluster_3004	OG0000086	9,18,11,2,13,21,76,10,36,31,17,9
Cluster_3062	OG0000447	6,6,11,2,4,6,9,5,5,2,35,11
Cluster_3065	OG0011063	1,2,1,1,4,1,1,1
Cluster_2774	OG0000004	1,9,58,1,18,105,52,1,97,5,163,15
Cluster_2830	OG0007492	1,2,3,1,1,1,1,2,2,1,2,3,1
Cluster_2843	OG0003721	1,1,2,4,3,2,2,5,1,4,4,5,1
Cluster_2963	OG0000076	12,17,1,42,10,2,11,1
Cluster_2967	OG0002141	1,1,4,2,3,5,2,3,2,2,1,6,1
Cluster_2974	OG0000004	1,9,58,1,18,105,52,1,97,5,163,15
Cluster_2978	OG0002455	2,2,2,2,3,2,3,4,1,2,3,9,2
Cluster_2982	OG0000224	9,6,14,6,6,7,9,19,6,10,8,35,5
Cluster_2985	OG0000263	10,6,12,2,8,2,1,10,11,9,7,47,9
Cluster_2992	OG0001945	1,1,2,2,1,1,1,2,1,1,2,1
Cluster_2997	OG0010336	1,3,1,2,1,1,3,1,1,1,2,1
Cluster_3003	OG0014470	1,1,2,1,1,2,1,1,4,1
Cluster_3005	OG0003069	2,2,2,1,5,6,6,9,3,1
Cluster_3011	OG0014146	1,1,1,1,1,2,1,2,1,1
Cluster_3016	OG0007508	1,1,3,1,1,2,2,3,2,1,1,4
Cluster_3018	OG0006196	1,2,2,2,1,1,2,2,1,1,1,7,1
Cluster_3020	OG0001535	1,1,3,5,3,3,3,14,2,2,3,11,1
Cluster_3028	OG0019772	1,2
Cluster_3030	OG0010316	1,1,1,1,2,1,2,2,1,1,5,1
Cluster_3039	OG0000474	6,3,8,3,2,2,7,17,3,10,8,16,6
Cluster_3047	OG0006505	2,1,2,2,1,2,1,3,3,1,1,4,2
Cluster_3048	OG0005850	1,1,8,1,1,1,6,2,1,1,3,2
Cluster_3052	OG0000883	2,3,2,2
Cluster_3060	OG0000006	25,100,113,5,8,32,21,210,1,24,39,421,56
Cluster_3061	OG0000004	1,9,58,1,18,105,52,1,97,5,163,15
Cluster_3063	OG0005015	2,2,1,1,2,1,2,4,2,2,4,5,1
Cluster_3070	OG0005411	1,2,2,1,2,2,4,1,3,3,6,1
Cluster_2770	OG0000076	12,17,1,42,10,2,11,1
Cluster_2771	OG0004292	2,2,1,2,2,1,2,4,3,2,2,7,2
Cluster_2772	OG0022030	NA
Cluster_2776	OG0004887	3,1,1,1,1,1,2,5,3,1,2,7,2
Cluster_2777	OG0005373	2,4,1,2,2,2,4,1,2,3,5,1
Cluster_2781	OG0002875	2,2,6,2,3,1,2,5,2,2,8,2
Cluster_2791	OG0006190	1,1,3,2,1,1,1,4,2,1,1,8,1
Cluster_2794	OG0001390	3,3,6,3,1,5,3,10,1,3,2,12,4
Cluster_2796	OG0012391	1,1,1,1,1,1,1,2,1,1,1,3,1
Cluster_2800	OG0000741	1,1,1,1,1,2,1,1,1,3
Cluster_2802	OG0009947	1,1,3,1,1,2,1,2,1,1,1,5,1
Cluster_2805	OG0000004	1,9,58,1,18,105,52,1,97,5,163,15
Cluster_2810	OG0000404	11,7,7,2,28,4,5,3,2,27,13
Cluster_2811	OG0007333	1,1,1,1,1,1,2,3,2,1,1,6,1
Cluster_2823	OG0000885	3,3,4,3,3,4,3,7,4,3,3,23,3
Cluster_2834	OG0000937	5,5,1,5,1,2,4,10,1,6,6,13,5
Cluster_2838	OG0002934	1,2,4,3,1,3,4,8,3,3,1,5,1
Cluster_2839	OG0014741	1,3,1,1,1,1,2,1,1,3
Cluster_2850	OG0002659	6,1,5,3,2,1,4,2,1,2,2,10,3
Cluster_2855	OG0000680	4,4,1,3,3,2,6,12,4,10,9,14,5
Cluster_2856	OG0000663	3,3,1,3,2,4,6,16,4,9,7,16,4
Cluster_2865	OG0007787	1,1,2,1,2,1,3,2,1,1,7,2
Cluster_2870	OG0007686	1,1,2,2,1,1,1,2,1,1,1,7,1
Cluster_2873	OG0007443	1,1,5,2,1,1,1,3,1,1,1,5,1
Cluster_2874	OG0004939	1,1,3,2,1,1,1,2,2,1,1,11,1
Cluster_2875	OG0006643	2,2,4,2,1,2,2,2,1,1,2,6
Cluster_2879	OG0004676	1,1,4,2,2,2,2,5,3,3,2,3,1
Cluster_2881	OG0009610	1,2,3,3,2,1,3,1,1,3,1
Cluster_2882	OG0014308	1,1,2,1,1,1,1,2,1,1,3
Cluster_2892	OG0004787	1,1,3,1,1,1,1,2,2,1,2,8,1
Cluster_2895	OG0007997	1,1,1,1,1,1,1,3,1,4,2,3
Cluster_2906	OG0000518	8,6,11,6,4,4,8,5,5,9,19,7
Cluster_2913	OG0004948	2,1,3,2,2,2,2,4,2,3,1,3,3
Cluster_2927	OG0000305	8,6,16,7,6,11,4,12,7,6,6,24,6
Cluster_2928	OG0000836	1,9,1,3,2,5,7,15,1,3,5,14,4
Cluster_2932	OG0003147	1,1,7,3,1,1,2,5,3,2,2,10,1
Cluster_2935	OG0002227	1,2,5,2,5,3,7,2,3,3,8,1
Cluster_2938	OG0013949	1,1,1,1,2,1,1,2,1,1,1,2,1
Cluster_2940	OG0000424	3,5,8,6,5,10,5,10,11,5,5,20,3
Cluster_2945	OG0015194	1,1,1,1,1,2,2,1,1,3
Cluster_2949	OG0007278	1,8,1,1,1,1,3,1,1,6,1
Cluster_2953	OG0000004	1,9,58,1,18,105,52,1,97,5,163,15
Cluster_2954	OG0002225	1,2,10,6,2,3,2,4,2,2,2,8,2
Cluster_2956	OG0018705	1,1,1
Cluster_2958	OG0008799	1,1,2,1,1,3,1,2,2,1,1,4,1
Cluster_2961	OG0001945	1,1,2,2,1,1,1,2,1,1,2,1
Cluster_2962	OG0000066	10,13,14,17,14,16,18,40,17,21,19,60,8
Cluster_3149	OG0010357	1,1,1,1,1,1,2,2,1,2,6
Cluster_3270	OG0013193	1,1,1,1,1,1,1,2,1,1,3,1
Cluster_3280	OG0012588	1,1,1,3,1,1,1,2,1,1,1,3,1
Cluster_3301	OG0001878	2,2,6,1,1,3,2,4,3,2,2,15,2
Cluster_3311	OG0001032	2,1,7,2,2,3,2,4,4,2,2,24,1
Cluster_3373	OG0010460	1,1,6,1,1,1,1,2,1,1,1,2
Cluster_3076	OG0007552	1,1,1,1,1,2,1,3,1,1,1,4,1
Cluster_3084	OG0012616	1,1,2,1,1,1,1,2,1,1,3,1
Cluster_3130	OG0005687	1,2,2,1,1,1,1,3,4,1,1,9,1
Cluster_3139	OG0001011	4,3,4,1,1,6,3,8,5,2,3,25,3
Cluster_3164	OG0003522	2,1,11,2,1,2,1,4,3,1,1,6,2
Cluster_3179	OG0008020	1,1,2,2,1,1,3,2,1,1,4,1
Cluster_3266	OG0004960	1,1,2,4,1,2,1,3,2,1,1,9,1
Cluster_3272	OG0010921	1,1,1,1,1,1,1,2,2,1,1,3
Cluster_3275	OG0000945	3,4,4,1,2,4,3,8,5,5,5,20,3
Cluster_3277	OG0000696	6,4,11,4,3,4,4,10,4,5,4,15,5
Cluster_3278	OG0019580	1,1
Cluster_3288	OG0001742	2,3,5,7,3,3,3,5,3,3,3,5,2
Cluster_3290	OG0016441	1,1,1,2,1,1,1
Cluster_3291	OG0000004	1,9,58,1,18,105,52,1,97,5,163,15
Cluster_3292	OG0022002	NA
Cluster_3300	OG0001638	2,2,10,3,1,2,1,3,4,2,2,17,1
Cluster_3303	OG0000004	1,9,58,1,18,105,52,1,97,5,163,15
Cluster_3304	OG0001137	4,3,2,3,3,3,5,10,4,4,3,14,4
Cluster_3313	OG0011758	1,1,4,1,1,1,1,2,1,1,1,3,1
Cluster_3317	OG0009577	1,2,2,1,1,1,3,1,1,1,3,2
Cluster_3318	OG0016647	1,1,1,1,2,1,1,1
Cluster_3320	OG0001170	5,3,8,3,4,1,2,5,1,1,1,21,3
Cluster_3326	OG0022276	NA
Cluster_3328	OG0002757	1,1,3,2,2,4,1,8,2,2,2,7,1
Cluster_3330	OG0005534	2,1,2,1,1,1,2,4,2,2,1,7,2
Cluster_3334	OG0001215	2,2,7,7,3,2,1,4,6,2,3,8,3
Cluster_3336	OG0000033	32,4,57,16,5,16,9,30,7,5,10,211,28
Cluster_3337	OG0000978	1,2,4,2,2,4,2,4,6,2,2,24,2
Cluster_3340	OG0002598	1,1,10,8,2,4,1,2,3,1,1,6,1
Cluster_3344	OG0000989	3,3,11,7,2,4,3,6,4,5,4,11,3
Cluster_3348	OG0004230	1,3,6,3,1,2,1,3,3,1,1,6,1
Cluster_3353	OG0010279	1,2,2,1,1,1,2,2,1,1,5,1
Cluster_3356	OG0013914	1,1,1,1,2,1,2,1,1,1,3
Cluster_3363	OG0000936	3,3,2,5,3,6,6,8,1,3,6,12,4
Cluster_3366	OG0005518	2,1,1,1,2,1,1,2,2,1,1,11,2
Cluster_3370	OG0005529	1,2,2,1,2,3,5,2,3,4,3
Cluster_3374	OG0002271	2,2,4,2,2,3,2,6,4,2,2,8,2
Cluster_3378	OG0005650	1,1,12,1,1,1,2,2,2,1,3,1
Cluster_3079	OG0010007	1,1,5,1,1,1,1,2,1,1,5
Cluster_3082	OG0006025	1,1,3,1,1,2,1,2,1,1,1,11,1
Cluster_3089	OG0007605	1,1,2,1,1,2,1,2,2,1,1,9,1
Cluster_3090	OG0004794	1,1,2,4,2,1,2,5,2,5,2,3,1
Cluster_3094	OG0006747	1,1,7,2,1,1,1,2,1,1,1,6,1
Cluster_3097	OG0025918	NA
Cluster_3099	OG0003625	1,2,9,3,2,2,2,2,3,1,1,7,1
Cluster_3103	OG0003414	1,1,1,1,1,2,1,2,2,1,1,6,1
Cluster_3104	OG0002010	2,3,2,3,2,3,3,6,4,3,3,10,2
Cluster_3109	OG0006102	1,1,2,2,1,1,1,2,2,1,1,9,1
Cluster_3113	OG0001260	2,2,7,6,2,4,2,4,3,3,3,18,2
Cluster_3117	OG0005426	2,1,6,1,2,2,1,2,1,1,1,7,2
Cluster_3118	OG0003609	2,1,4,2,4,1,1,3,1,1,1,11,2
Cluster_3119	OG0025483	NA
Cluster_3122	OG0010830	1,1,3,1,1,1,1,2,1,1,1,5,1
Cluster_3126	OG0007306	1,1,2,2,1,2,3,4,1,2,2,3,1
Cluster_3132	OG0000004	1,9,58,1,18,105,52,1,97,5,163,15
Cluster_3133	OG0000145	7,8,16,16,7,9,8,19,13,8,9,38,4
Cluster_3136	OG0006604	1,2,2,1,3,2,5,1,2,1,5
Cluster_3137	OG0008824	1,1,2,1,1,2,1,2,1,1,1,6,1
Cluster_3142	OG0006894	2,2,1,1,1,2,2,3,1,2,1,4,1
Cluster_3144	OG0009931	1,1,3,1,1,1,1,2,1,1,1,3,1
Cluster_3151	OG0000036	25,16,74,40,10,12,21,39,24,21,27,72,23
Cluster_3157	OG0007153	1,1,2,1,1,1,1,2,1,1,1,8,1
Cluster_3159	OG0002117	1,1,3,4,1,1,1,2,3,1,1,27,1
Cluster_3160	OG0001340	1,1,1,3,3,7,4,10,3,4,2,11,4
Cluster_3163	OG0007749	3,1,1,1,2,4,2,1,2,4,1
Cluster_3166	OG0005632	1,1,7,1,2,3,1,2,1,1,8
Cluster_3167	OG0001347	3,2,2,2,2,3,3,8,4,2,2,20,1
Cluster_3169	OG0010372	1,6,1,1,1,1,2,1,1,1,3,1
Cluster_3170	OG0019620	1,2
Cluster_3175	OG0001853	1,2,9,3,2,4,2,6,2,2,2,6,4
Cluster_3177	OG0002035	1,3,1,3,6,3,4,6,2,4,3,8,1
Cluster_3178	OG0018205	1,1,1,1,1
Cluster_3182	OG0004920	1,2,1,2,2,4,2,4,2,2,5,1
Cluster_3184	OG0002638	3,1,2,1,2,2,1,6,2,1,1,16,4
Cluster_3188	OG0000745	2,2,26,14,2,1,2,7,2,2,2,7,3
Cluster_3192	OG0013661	1,1,1,1,1,1,1,2,1,1,1,2
Cluster_3194	OG0002720	1,2,5,3,2,3,2,4,2,2,1,11,1
Cluster_3195	OG0003694	2,2,4,2,1,2,2,5,3,2,2,4,2
Cluster_3197	OG0010903	1,1,2,1,1,2,1,2,1,1,1,3,1
Cluster_3198	OG0000975	3,3,1,10,4,5,3,7,4,3,3,15,3
Cluster_3200	OG0002231	1,2,3,2,2,4,3,6,2,3,3,12,2
Cluster_3201	OG0005523	2,2,3,3,1,2,1,2,3,1,1,6,1
Cluster_3204	OG0012602	1,1,2,2,1,1,1,3,1,1,3,1
Cluster_3208	OG0000408	1,6,7,7,5,6,5,16,6,7,9,16,1
Cluster_3211	OG0000321	4,5,6,5,3,11,8,16,7,8,8,24,5
Cluster_3212	OG0012991	1,1,1,1,1,1,1,2,1,1,1,2,1
Cluster_3213	OG0000351	8,6,10,4,2,3,3,9,9,5,7,40,7
Cluster_3215	OG0014390	1,1,1,1,1,1,1,2,1,1,3,1
Cluster_3217	OG0010908	1,1,2,1,1,1,1,2,1,1,1,4,1
Cluster_3218	OG0006457	1,1,4,2,1,1,1,2,2,1,1,5,2
Cluster_3226	OG0001540	2,3,1,3,1,3,5,9,3,6,4,9,2
Cluster_3227	OG0009627	1,2,3,1,1,1,4,1,1,1,5
Cluster_3231	OG0008441	1,1,2,1,1,1,1,3,2,2,1,3,1
Cluster_3236	OG0020733	1
Cluster_3237	OG0012029	1,1,1,1,1,1,1,2,2,1,1,4,1
Cluster_3240	OG0025610	NA
Cluster_3242	OG0006533	3,1,2,1,1,1,1,2,1,1,10,1
Cluster_3250	OG0008593	1,1,1,3,1,1,1,2,2,1,1,4,1
Cluster_3253	OG0001480	3,3,9,4,1,3,3,6,2,3,3,11,3
Cluster_3254	OG0003766	1,1,8,3,2,1,1,5,2,1,1,7,1
Cluster_3265	OG0002279	1,1,6,4,2,2,1,2,2,1,1,20
Cluster_3628	OG0013840	1,1,1,1,1,1,1,3,1,1,1,2,1
Cluster_3645	OG0000435	5,4,6,3,2,4,8,16,4,6,6,20,6
Cluster_3393	OG0004206	1,1,6,4,2,1,1,4,3,1,1,8,1
Cluster_3404	OG0000063	13,13,20,18,16,20,19,38,14,20,20,54,16
Cluster_3410	OG0000004	1,9,58,1,18,105,52,1,97,5,163,15
Cluster_3425	OG0000001	201,117,250,155,18,131,130,340,126,157,118,674,173
Cluster_3432	OG0008487	1,1,4,4,1,2,1,1,1,1,1,3,1
Cluster_3438	OG0002264	3,3,1,1,2,3,4,1,3,4,13,2
Cluster_3445	OG0018721	1,1
Cluster_3449	OG0008450	1,1,1,1,1,1,1,2,2,2,1,8,1
Cluster_3542	OG0020710	NA
Cluster_3551	OG0012970	1,1,2,1,1,1,1,1,2,2,1,3
Cluster_3554	OG0008937	1,2,1,1,1,3,1,1,3,1
Cluster_3555	OG0004058	3,1,6,5,1,1,1,2,1,2,1,6,2
Cluster_3557	OG0000228	2,1,2,11,7,17,7,41,8,17,13,5
Cluster_3560	OG0002346	2,2,3,2,2,3,2,5,3,2,2,11,3
Cluster_3565	OG0006349	1,1,3,3,2,2,5,2,1,5,1
Cluster_3566	OG0000054	24,15,23,14,2,20,18,42,8,22,15,103,16
Cluster_3570	OG0012137	1,1,2,1,1,1,1,2,1,1,1,4,1
Cluster_3571	OG0003856	1,1,13,2,1,2,1,2,2,1,2,6,1
Cluster_3574	OG0000004	1,9,58,1,18,105,52,1,97,5,163,15
Cluster_3576	OG0002802	2,1,5,9,1,2,1,7,2,1,1,8,1
Cluster_3578	OG0003904	1,12,4,1,3,1,2,4,1,1,6,1
Cluster_3580	OG0000820	4,4,9,2,3,4,2,6,4,2,1,25,5
Cluster_3582	OG0005394	1,5,2,2,1,2,4,2,2,7,1
Cluster_3583	OG0003026	3,2,9,2,3,2,4,1,2,2,7,2
Cluster_3586	OG0008692	1,1,5,2,1,1,1,2,2,1,1,4
Cluster_3589	OG0000004	1,9,58,1,18,105,52,1,97,5,163,15
Cluster_3593	OG0013945	1,1,1,1,1,1,2,1,1,2,4
Cluster_3597	OG0009157	2,1,4,1,1,1,2,2,2,1,1,3,1
Cluster_3598	OG0004572	1,1,1,7,3,4,2,4,2,5,2
Cluster_3600	OG0009559	1,1,2,3,1,1,1,2,2,1,1,6
Cluster_3602	OG0000987	2,3,7,7,3,5,4,7,5,4,5,9,3
Cluster_3604	OG0005466	1,1,7,2,2,1,1,3,3,1,1,3,1
Cluster_3608	OG0008629	1,1,3,1,1,1,1,3,3,1,1,3,3
Cluster_3615	OG0001564	2,2,8,2,2,2,2,5,4,2,2,17,2
Cluster_3616	OG0004388	1,1,2,1,1,2,1,2,1,1,1,6,1
Cluster_3617	OG0001807	2,2,10,1,3,1,1,2,1,1,1,22,2
Cluster_3618	OG0000851	3,4,8,7,5,4,4,8,7,4,4,7,2
Cluster_3619	OG0001484	3,3,4,4,2,2,3,6,6,3,3,10,3
Cluster_3620	OG0000803	3,5,8,4,3,8,4,10,2,4,4,15,3
Cluster_3621	OG0000607	3,4,9,8,4,4,4,9,7,4,4,16,3
Cluster_3634	OG0006489	2,1,2,2,1,2,1,3,1,1,1,8,2
Cluster_3636	OG0000059	20,15,31,23,1,16,16,39,12,18,17,76,12
Cluster_3638	OG0008098	1,1,2,1,1,1,1,2,3,1,1,7
Cluster_3644	OG0012983	1,1,1,1,1,1,1,2,2,1,1,3,1
Cluster_3649	OG0000350	5,4,5,9,1,7,6,16,6,7,7,29,6
Cluster_3652	OG0000030	50,27,34,21,4,23,37,61,13,14,20,108,20
Cluster_3653	OG0000883	2,3,2,2
Cluster_3654	OG0006094	1,1,2,2,1,1,2,3,3,1,2,6,1
Cluster_3659	OG0003067	2,1,1,1,1,1,3,3,1,2,2,8,2
Cluster_3660	OG0008848	1,1,1,1,1,1,2,3,1,4,1,3
Cluster_3661	OG0001473	1,2,4,5,2,2,3,5,7,2,2,18
Cluster_3382	OG0003172	2,2,5,2,2,1,3,4,3,2,2,6,2
Cluster_3383	OG0001791	2,2,3,2,2,2,3,6,1,4,4,13,2
Cluster_3385	OG0000309	7,5,10,8,2,15,4,11,1,9,8,40,6
Cluster_3389	OG0000076	12,17,1,42,10,2,11,1
Cluster_3390	OG0001004	3,3,7,6,2,4,4,8,3,4,3,15,3
Cluster_3389	OG0000076	12,17,1,42,10,2,11,1
Cluster_3394	OG0004810	2,2,2,2,2,2,3,2,2,6,1
Cluster_3396	OG0000004	1,9,58,1,18,105,52,1,97,5,163,15
Cluster_3397	OG0014186	1,1,1,1,1,2,1,1,4,1
Cluster_3398	OG0000474	6,3,8,3,2,2,7,17,3,10,8,16,6
Cluster_3397	OG0014186	1,1,1,1,1,2,1,1,4,1
Cluster_3400	OG0003195	2,2,2,1,2,1,3,6,1,3,4,4,2
Cluster_3401	OG0008248	1,1,8,1,1,2,1,2,1,1,4,1
Cluster_3405	OG0000252	7,6,15,15,6,10,8,16,8,7,5,21,7
Cluster_3409	OG0010881	1,1,4,1,1,1,1,2,2,1,1,4
Cluster_3415	OG0004182	2,1,5,1,2,1,1,2,4,1,1,10,2
Cluster_3416	OG0002168	1,2,8,5,1,2,2,5,1,2,2,12,3
Cluster_3421	OG0007315	1,1,2,1,2,1,1,3,2,1,1,6,1
Cluster_3423	OG0000010	56,31,76,28,8,16,20,103,16,36,20,244,42
Cluster_3430	OG0000302	8,6,8,3,2,5,6,15,4,6,6,40,7
Cluster_3431	OG0003782	2,1,2,3,1,2,4,7,1,3,3,4,2
Cluster_3436	OG0015829	1,1,1,1,3
Cluster_3437	OG0015833	1,1,1,1,1,1,1,2
Cluster_3441	OG0000076	12,17,1,42,10,2,11,1
Cluster_3450	OG0002859	1,2,2,2,1,2,2,4,2,2,3,6,1
Cluster_3452	OG0005008	1,1,5,1,1,2,1,2,2,1,1,10,2
Cluster_3453	OG0000598	4,6,7,7,5,5,5,11,5,5,12,4
Cluster_3454	OG0000006	25,100,113,5,8,32,21,210,1,24,39,421,56
Cluster_3456	OG0001274	2,3,6,7,3,3,3,7,3,4,4,4,2
Cluster_3460	OG0003434	2,2,1,4,2,2,2,4,3,2,2,7,2
Cluster_3461	OG0011994	1,3,1,1,1,1,3,1,1,1,3,1
Cluster_3462	OG0002537	2,1,2,2,1,3,2,5,2,3,1,14,3
Cluster_3465	OG0001074	2,4,5,3,3,2,4,7,4,4,3,15,2
Cluster_3471	OG0000004	1,9,58,1,18,105,52,1,97,5,163,15
Cluster_3482	OG0002566	1,1,6,2,1,2,2,5,4,2,2,4,1
Cluster_3483	OG0000249	11,21,2,3,10,1,13,4,7,54,7
Cluster_3486	OG0000066	10,13,14,17,14,16,18,40,17,21,19,60,8
Cluster_3487	OG0025474	NA
Cluster_3495	OG0000325	5,4,12,4,6,6,2,10,6,2
Cluster_3497	OG0000458	4,4,8,11,4,6,5,10,6,4,5,22,5
Cluster_3503	OG0001082	4,3,9,6,2,4,3,6,7,3,3,10,3
Cluster_3505	OG0002665	1,2,7,2,2,2,2,6,2,2,11,1
Cluster_3506	OG0001818	1,4,4,3,3,5,1,6,5,2,6,4,1
Cluster_3510	OG0003567	1,2,3,4,2,2,2,4,2,2,2,8,2
Cluster_3517	OG0003021	2,2,3,2,1,1,3,3,4,3,3,7,1
Cluster_3520	OG0008873	1,1,1,2,1,1,1,2,2,4,1,3,1
Cluster_3527	OG0016120	1,1
Cluster_3535	OG0006934	1,1,1,1,1,1,1,2,1,1,2,8,1
Cluster_3537	OG0001103	2,2,14,3,1,4,1,3,7,2,2,10,1
Cluster_3538	OG0003284	2,1,4,9,1,4,2,3,2,1,9,2
Cluster_3540	OG0004417	1,1,4,1,1,1,1,2,1,1,1,15,1
Cluster_3541	OG0002402	1,2,6,2,2,3,3,5,2,3,3,6,3
Cluster_0196	OG0002028	2,1,10,2,3,3,2,3,3,2,2,16,1
Cluster_0087	OG0000308	7,5,10,1,6,13,10,12,5,8,7,28,6
Cluster_0115	OG0022898	1
Cluster_0126	OG0014229	1,1,1,1,1,3,1,1,1,3
Cluster_0140	OG0002842	1,3,1,3,1,4,2,3,2,2,2,14,3
Cluster_0149	OG0000008	70,25,98,9,8,20,18,150,11,38,26,474,63
Cluster_0186	OG0000004	1,9,58,1,18,105,52,1,97,5,163,15
Cluster_0195	OG0000193	12,5,15,6,6,4,11,25,3,17,9,48,3
Cluster_0219	OG0004862	1,2,2,2,2,2,2,5,2,2,3,1
Cluster_0256	OG0009564	1,1,2,1,1,1,1,3,2,1,1,5,2
Cluster_0059	OG0000513	4,4,9,11,3,3,3,9,8,4,4,19,5
Cluster_0116	OG0008537	1,1,2,2,1,1,5,2,1,1,3,2
Cluster_0119	OG0004635	2,1,3,1,1,1,2,4,1,2,2,9,2
Cluster_0121	OG0002903	2,2,6,3,3,3,2,5,2,2,2,6,1
Cluster_0123	OG0007259	1,2,1,1,1,2,3,2,2,2,3,1
Cluster_0125	OG0006159	2,1,5,1,2,1,1,5,2,1,2,3,2
Cluster_0131	OG0006737	1,1,4,2,2,1,3,2,1,4,3,1
Cluster_0132	OG0003414	1,1,1,1,1,2,1,2,2,1,1,6,1
Cluster_0139	OG0007130	1,1,1,4,1,2,1,3,1,2,1,3,1
Cluster_0148	OG0010037	1,1,2,1,1,2,1,2,1,1,1,3,1
Cluster_0150	OG0016930	1,1,1,1
Cluster_0154	OG0009114	1,1,4,1,1,1,2,1,1,1,7,1
Cluster_0173	OG0000076	12,17,1,42,10,2,11,1
Cluster_0176	OG0011940	1,1,1,1,1,1,2,2,2,2,2
Cluster_0182	OG0001668	3,2,3,4,3,4,2,8,6,2,2,10,2
Cluster_0184	OG0003858	1,1,1,2,2,2,4,1,2,2,15
Cluster_0188	OG0001200	3,3,6,4,2,4,4,6,2,4,4,16,2
Cluster_0194	OG0009242	1,1,5,1,1,1,1,2,3,1,1,3,1
Cluster_0197	OG0014723	1,3,1,1,2,1,1,1
Cluster_0200	OG0019627	1
Cluster_0201	OG0019557	NA
Cluster_0207	OG0005284	2,1,3,4,3,1,1,6,1,1,1,5,2
Cluster_0210	OG0001621	3,3,2,4,2,4,5,11,1,5,3,6,3
Cluster_0221	OG0010268	1,3,1,1,1,2,2,1,1,7,1
Cluster_0222	OG0007869	1,1,1,2,2,2,1,2,2,1,1,7,1
Cluster_0224	OG0003415	2,2,2,2,3,2,2,4,4,2,2,8,2
Cluster_0229	OG0009175	1,1,2,1,1,1,2,3,1,2,2,4
Cluster_0235	OG0000378	9,4,9,8,2,1,7,12,10,16,28,2
Cluster_0241	OG0000945	3,4,4,1,2,4,3,8,5,5,5,20,3
Cluster_0244	OG0005436	2,3,3,1,1,1,2,4,2,1,1,6
Cluster_0245	OG0002614	1,1,5,1,2,1,3,2,2,3,2,17
Cluster_0248	OG0001968	2,2,8,1,2,3,2,4,2,2,15,2
Cluster_0249	OG0000970	4,2,8,5,3,2,4,6,4,3,4,13,3
Cluster_0250	OG0000014	41,16,79,45,12,42,29,75,19,27,27,177,37
Cluster_0253	OG0000772	3,2,5,15,3,4,3,8,6,3,3,15,2
Cluster_0257	OG0000583	4,4,18,9,4,4,4,10,5,4,3,12,2
Cluster_0259	OG0000114	26,11,6,8,1,6,9,28,6,16,15,50,10
Cluster_0001	OG0002944	2,2,5,1,1,2,2,5,2,1,15,1
Cluster_0007	OG0005085	1,2,3,10,2,8
Cluster_0010	OG0000005	109,49,79,53,4,69,66,147,24,86,71,369,93
Cluster_0011	OG0016636	4,2,1
Cluster_0012	OG0000793	4,3,5,2,3,3,3,6,6,3,3,20,4
Cluster_0014	OG0006507	1,1,2,1,1,6,1,3,2,1,1,4,1
Cluster_0016	OG0004133	2,2,5,1,2,2,1,2,3,1,1,9,2
Cluster_0017	OG0000559	4,4,9,6,3,3,6,9,6,6,6,20,5
Cluster_0018	OG0021070	1,1
Cluster_0020	OG0022295	NA
Cluster_0027	OG0002369	2,2,3,3,2,3,2,4,4,2,2,11,2
Cluster_0028	OG0000953	2,2,9,2,2,3,7,8,3,8,6,8,3
Cluster_0029	OG0007770	1,3,2,1,1,2,2,2,2,1,5,1
Cluster_0031	OG0000885	3,3,4,3,3,4,3,7,4,3,3,23,3
Cluster_0032	OG0000034	26,25,44,28,2,30,20,51,22,26,22,84,25
Cluster_0042	OG0000116	9,9,20,1,11,12,10,22,1,10,10,67,8
Cluster_0043	OG0021639	1
Cluster_0049	OG0004235	1,1,11,3,1,2,1,2,1,1,1,7,1
Cluster_0050	OG0006233	1,1,5,2,1,1,1,4,2,1,1,5,2
Cluster_0053	OG0016056	1,1,1,3,1,1,1,1
Cluster_0057	OG0003399	2,2,2,2,1,1,5,6,4,3,6,2
Cluster_0060	OG0007583	1,1,1,2,1,2,1,2,3,1,1,6,1
Cluster_0063	OG0003253	2,2,3,2,2,3,2,4,2,2,2,9,1
Cluster_0065	OG0003525	1,2,1,2,2,2,2,4,2,3,2,8,2
Cluster_0068	OG0004670	1,1,5,1,1,1,1,2,1,1,1,15,1
Cluster_0069	OG0013512	1,1,1,1,1,1,2,1,1,1,4,1
Cluster_0071	OG0003422	2,2,2,2,2,4,2,6,1,2,3,7,2
Cluster_0072	OG0003316	1,1,4,4,2,1,1,4,5,1,1,11,2
Cluster_0073	OG0004391	4,1,1,1,1,3,7,2,2,4,3
Cluster_0075	OG0012520	1,1,2,1,1,1,1,2,1,1,1,4,1
Cluster_0088	OG0001302	3,3,5,5,3,2,3,6,3,3,3,14,2
Cluster_0089	OG0003007	2,2,5,3,2,1,2,4,3,2,2,5,2
Cluster_0097	OG0014468	1,2,1,1,2,1,2,4,1
Cluster_0099	OG0008464	1,1,3,1,2,1,1,2,2,1,1,3,1
Cluster_0107	OG0000185	7,8,20,12,3,12,7,14,10,6,7,38,8
Cluster_0112	OG0010324	1,1,1,1,1,1,2,2,1,1,3,1
Cluster_0113	OG0001198	7,3,1,7,2,1,2,4,1,5,3,16,5
Cluster_3674	OG0000057	1,11,2,3,1,2,1,231,6
Cluster_3675	OG0000057	1,11,2,3,1,2,1,231,6
Cluster_3680	OG0000057	1,11,2,3,1,2,1,231,6
Cluster_3682	OG0008236	1,2,2,1,1,1,1,2,2,1,2,6,2
Cluster_3706	OG0018776	NA
Cluster_3701	OG0007474	1,1,2,1,1,2,1,2,2,1,1,7,1
Cluster_3703	OG0025920	NA
Cluster_3705	OG0000004	1,9,58,1,18,105,52,1,97,5,163,15
Cluster_3709	OG0013173	1,1,2,1,2,2,1,2,1,1,3
Cluster_3710	OG0000699	3,1,17,5,1,6,1,6,5,3,3,8,7
Cluster_3715	OG0004150	1,1,2,1,2,1,2,6,1,2,2,7,3
Cluster_3721	OG0000004	1,9,58,1,18,105,52,1,97,5,163,15
Cluster_3729	OG0003637	1,1,6,5,2,2,1,5,1,2,3,3,1
Cluster_3689	OG0000035	47,11,30,29,10,20,14,45,8,16,21,150,24
Cluster_3695	OG0016413	6
