1	1716949	2156208	maize1
1	2241280	2386360	maize1
1	2629741	2813698	maize1
1	2829272	3095604	maize1
1	3176195	4122304	maize1
1	4319270	4722156	maize1
1	4837363	6828781	maize1
1	6911485	8163959	maize1
1	8307916	10357993	maize1
1	10685266	12551935	maize1
1	12681538	13461890	maize1
1	13580832	13911218	maize1
1	14083233	15072442	maize1
1	15177453	16976701	maize1
1	16980086	17552647	maize1
1	17708434	18019397	maize1
1	18050693	20431706	maize1
1	21009580	22735677	maize1
1	22894164	23962482	maize1
1	24011307	25502197	maize1
1	25732075	26045497	maize1
1	26521064	28171835	maize1
1	28485437	30794005	maize1
1	31356122	33852910	maize1
1	34111389	34960071	maize1
1	35118009	35301761	maize1
1	35785321	36047347	maize1
1	36755328	37502382	maize1
1	37681829	38599723	maize1
1	38915936	39105021	maize1
1	39215787	39677832	maize1
1	39957851	40598896	maize1
1	40786895	42465770	maize1
1	42747601	43570488	maize1
1	43615431	44002766	maize1
1	44012354	44978009	maize1
1	45280971	46023660	maize1
1	46169996	47417985	maize1
1	47591591	49996330	maize1
1	50144321	50506710	maize1
1	51362499	51727525	maize1
1	51841604	54265438	maize1
1	54580826	56220313	maize1
1	56699686	57446657	maize1
1	57485572	59785665	maize1
1	59876808	61233075	maize1
1	61570195	62515794	maize1
1	63131010	65992797	maize1
1	66247509	69855488	maize1
1	70118962	70785582	maize1
1	70865549	72886619	maize1
1	73081606	80857403	maize1
1	80974794	82831156	maize1
1	83547348	88462581	maize1
1	88468588	91257991	maize1
1	91424878	92332966	maize1
1	92897377	94944828	maize1
1	95220245	100387952	maize1
1	100646859	102721486	maize1
1	103204412	105867687	maize1
1	107056365	108726921	maize1
1	109911650	113712270	maize1
1	114052875	114679668	maize1
1	119847575	123276181	maize1
1	123709274	126598830	maize1
1	136610641	140851070	maize1
1	141152014	142571028	maize1
1	143283682	143976269	maize1
1	148687621	151228803	maize1
1	152401175	159126811	maize1
1	162231820	166147695	maize1
1	166287752	168091398	maize1
1	168398650	169043887	maize1
1	169597066	172962291	maize1
1	173166014	175153915	maize1
1	175170717	182808463	maize1
1	184110319	184295832	maize1
1	184359897	185874748	maize1
1	185913708	186075037	maize1
1	186085375	186837505	maize1
1	188413793	190276757	maize1
1	190370489	190653460	maize1
1	191084581	192063299	maize1
1	192304227	196867784	maize1
1	196940224	198537863	maize1
1	198607057	199131577	maize1
1	199707996	200261705	maize1
1	200312546	203698905	maize1
1	203990363	204459636	maize1
1	204668605	206984924	maize1
1	207100332	207799623	maize1
1	207958511	209386709	maize1
1	209853285	217455034	maize1
1	217704330	219629525	maize1
1	219765232	222106935	maize1
1	222597501	224207189	maize1
1	224562588	224698683	maize1
1	225299905	227452715	maize1
1	227583279	229235906	maize1
1	229325100	229911303	maize1
1	230040014	230243807	maize1
1	230855156	231559488	maize1
1	231628009	232681377	maize1
1	232699141	233340663	maize1
1	233406542	234476976	maize1
1	234748713	235086714	maize1
1	235777042	238325447	maize1
1	238804766	239145149	maize1
1	239173068	241221897	maize1
1	241397579	244627092	maize1
1	244885545	245565894	maize1
1	245866175	248108464	maize1
1	248252925	248530474	maize1
1	248745469	250291819	maize1
1	250360119	253761080	maize1
1	254169868	257005594	maize1
1	257231747	260340132	maize1
1	261051611	262977344	maize1
1	263015409	264230469	maize1
1	264407010	265098144	maize1
1	265215850	266251551	maize1
1	267007474	268803230	maize1
1	269321435	269772812	maize1
1	269984080	272192279	maize1
1	272357514	274044707	maize1
1	274114767	275843284	maize1
1	275861984	278907250	maize1
1	279387136	279986128	maize1
1	280118708	280779776	maize1
1	281000326	281177023	maize1
1	281626478	282165718	maize1
1	282688550	283197199	maize1
1	283578833	284244325	maize1
1	284543779	285213912	maize1
1	285696958	291518811	maize1
1	291686300	293408082	maize1
1	293621002	294613401	maize1
1	294619553	296077610	maize1
1	296305074	297039845	maize1
1	297419206	298062452	maize1
1	298237733	298423227	maize1
1	298575017	298677414	maize1
1	298697294	301728296	maize1
1	302052397	302535266	maize1
1	302541141	305156325	maize1
1	305487725	305907784	maize1
1	306358306	306782270	maize1
10	1102210	1563865	maize1
10	1779809	2437161	maize1
10	3672358	7333100	maize1
10	7803204	11913543	maize1
10	12734668	13164919	maize1
10	13504313	15095573	maize1
10	17436680	18083799	maize1
10	18627249	19457462	maize1
10	22055844	22629648	maize1
10	22675075	23764733	maize1
10	25287483	30082820	maize1
10	30897430	39724658	maize1
10	41073648	49669976	maize1
10	51900674	54271062	maize1
10	55246454	55987933	maize1
10	58448599	58678869	maize1
10	59240906	70282741	maize1
10	70316001	75943773	maize1
10	76308588	77547497	maize1
10	78545529	80156645	maize1
10	80387042	83281757	maize1
10	83379728	84540640	maize1
10	84946645	88841839	maize1
10	90118057	90682399	maize1
10	91798115	93052538	maize2
10	93611538	95363687	maize2
10	95593033	96578104	maize2
10	99812333	101193709	maize2
10	101527885	102026271	maize2
10	102828219	104026586	maize2
10	105948908	106495370	maize2
10	107474521	108836440	maize2
10	108949287	110588077	maize2
10	110754063	112188695	maize2
10	112660150	120504686	maize2
10	120876293	121725606	maize2
10	121760737	123302153	maize2
10	123897010	126000706	maize2
10	126097062	128027240	maize2
10	128093125	128379412	maize2
10	128392064	130537248	maize2
10	130624548	131103640	maize2
10	131234294	131523433	maize2
10	131636266	134559240	maize2
10	134584674	135133971	maize2
10	135289036	135749995	maize2
10	135819762	136479997	maize2
10	136504374	136741892	maize2
10	137007591	138393985	maize2
10	138869367	140557061	maize2
10	140680972	142080624	maize2
10	142269137	143161453	maize2
10	143168763	143239309	maize2
10	143304255	143643726	maize2
10	143789881	144446296	maize2
10	144993181	145896309	maize2
10	145902092	146876808	maize2
10	147106136	147387360	maize2
10	147434233	147981964	maize2
10	148019407	148532455	maize2
10	148633857	149097057	maize2
10	149173108	149339899	maize2
10	149366118	150143038	maize2
10	150353707	150833705	maize2
2	360837	891914	maize1
2	957418	1264209	maize1
2	1334431	1537944	maize1
2	1672946	1804980	maize1
2	1912140	2221694	maize1
2	2262625	2804279	maize1
2	3080360	3559279	maize1
2	3602884	3771819	maize1
2	3826417	4231005	maize1
2	4325127	4663229	maize1
2	4813408	5777903	maize1
2	5814635	5993759	maize1
2	6132022	6155499	maize1
2	6311132	6550042	maize1
2	6642116	6896084	maize1
2	7538180	8147847	maize1
2	8681850	8988852	maize1
2	9075643	9094564	maize1
2	9322709	9772358	maize1
2	10129044	10185673	maize1
2	10495746	11646560	maize1
2	11998036	12238563	maize1
2	12302742	13195410	maize1
2	13572062	14183518	maize1
2	14306551	15061860	maize1
2	15130665	16821095	maize1
2	16960816	17683101	maize1
2	18319002	19020750	maize1
2	19087676	20017784	maize1
2	20250683	20711228	maize1
2	21197380	22170863	maize1
2	22579675	23485216	maize1
2	23563445	25239799	maize1
2	25538841	27115721	maize1
2	27520572	27782701	maize1
2	27987968	29562998	maize1
2	29747763	31747944	maize1
2	31841379	32540978	maize1
2	32735679	33099376	maize1
2	33332975	33778157	maize1
2	33958730	35308293	maize1
2	35387496	35782743	maize1
2	36000545	38343202	maize1
2	38418661	40259439	maize1
2	40366841	42343911	maize1
2	42587392	49809644	maize1
2	50140655	51778358	maize1
2	51956302	52010123	maize1
2	52666535	53856441	maize1
2	54272649	56539325	maize1
2	56647272	60626397	maize1
2	60919036	66529387	maize1
2	66900436	71037831	maize1
2	71575580	79495448	maize1
2	85448646	90015460	maize1
2	90578487	92988916	maize1
2	98333543	108535525	maize1
2	109327849	116605194	maize1
2	117089147	117757088	maize1
2	132349421	132743749	maize2
2	133580068	136266649	maize2
2	138479688	151850451	maize2
2	152198591	156442173	maize2
2	156927315	157736177	maize2
2	161143861	161593487	maize2
2	162402717	163003511	maize2
2	163081895	165786370	maize2
2	168642855	170959807	maize2
2	171077322	171219794	maize2
2	172034353	173049167	maize2
2	173758712	174389767	maize2
2	174870233	175511413	maize2
2	175580412	176339358	maize2
2	176956795	178664882	maize2
2	179323374	180967221	maize2
2	181044326	185589793	maize2
2	185947866	187200249	maize2
2	187446228	187837475	maize2
2	188128706	188849574	maize2
2	188910811	190479916	maize2
2	190557054	191461155	maize2
2	191755239	195798310	maize2
2	196158099	200745187	maize2
2	200830797	201279866	maize2
2	201767694	202669801	maize2
2	202742480	203321933	maize2
2	204036850	204611480	maize2
2	204611895	205443569	maize2
2	205688012	207719396	maize2
2	208246097	208856205	maize2
2	208880939	209330269	maize2
2	209342086	210098215	maize2
2	210162897	210499212	maize2
2	210696665	210776119	maize2
2	210897100	211249320	maize2
2	211365247	211797712	maize2
2	211852868	212319115	maize2
2	212551780	213343231	maize2
2	213393425	215374416	maize2
2	215445000	216100731	maize2
2	216127742	216442999	maize2
2	217434818	217777105	maize2
2	218207016	219459088	maize2
2	219598082	220203442	maize2
2	220439900	221070781	maize2
2	221312737	221685001	maize2
2	221879767	221922516	maize2
2	222100941	222725855	maize2
2	222818084	223926628	maize2
2	224108070	225140236	maize2
2	225207371	225531069	maize2
2	225870114	226984727	maize2
2	227259819	227404184	maize2
2	228883647	229754466	maize2
2	230565001	230780663	maize2
2	231171314	231392330	maize2
2	231618336	232847109	maize2
2	233393208	233702112	maize2
2	234006464	235124549	maize2
2	235972230	236062623	maize2
2	236537984	237098701	maize2
2	239011103	239384899	maize2
2	239555702	239999184	maize2
2	240283785	240569735	maize2
2	240624774	241692147	maize2
2	241879683	242052875	maize2
2	242247630	242408695	maize2
2	242698065	243431343	maize2
2	243855294	244412549	maize2
3	376358	2053649	maize1
3	2185629	3097643	maize1
3	3145278	3619434	maize1
3	3910399	4609773	maize1
3	4733303	6842435	maize1
3	7086610	7482797	maize1
3	7735746	7994430	maize1
3	8101365	8463157	maize1
3	8537706	8850470	maize1
3	9084413	9474290	maize1
3	9745817	11574229	maize1
3	11577590	11922322	maize1
3	12159065	13035793	maize1
3	13176656	23312651	maize1
3	24237791	24828873	maize1
3	25357941	26343497	maize1
3	27066180	28236316	maize1
3	28711131	30172018	maize1
3	30518924	31633372	maize1
3	31703004	32570181	maize1
3	32675996	35519911	maize1
3	35692155	37412590	maize1
3	37580844	37816000	maize1
3	38197511	40548116	maize1
3	40804332	42358591	maize1
3	43450224	45763784	maize1
3	47292422	49420159	maize1
3	51559677	53777379	maize1
3	53996823	55752181	maize1
3	56241084	58484563	maize1
3	58880578	62094528	maize1
3	63579713	66964217	maize1
3	67151986	68294739	maize1
3	77272559	82416424	maize1
3	144358546	144978133	maize1
3	145312996	146545834	maize1
3	146670226	147731588	maize1
3	147851174	149372614	maize1
3	150286897	153854407	maize1
3	154271332	161628849	maize1
3	161696474	164475068	maize1
3	166416353	166839197	maize1
3	167041933	168523331	maize1
3	168650952	169439430	maize1
3	169641694	169713885	maize1
3	170810201	171056238	maize1
3	171425214	173685114	maize1
3	174032797	176152680	maize1
3	176264469	177683014	maize1
3	177927995	179875974	maize1
3	180093344	188384092	maize1
3	188448244	188973339	maize1
3	189137112	195679438	maize1
3	195749624	196693062	maize1
3	196853633	197238680	maize1
3	197338384	199047486	maize1
3	199107892	199387905	maize1
3	199979230	200809749	maize1
3	201449097	201621099	maize1
3	201675167	201991001	maize1
3	202188359	202743468	maize1
3	203070508	203314005	maize1
3	203425501	203959855	maize1
3	204179837	205754068	maize1
3	205985322	206544533	maize1
3	206836843	210519367	maize1
3	210672584	211616264	maize1
3	211973212	213249684	maize1
3	213346172	213464233	maize1
3	213665034	215434496	maize1
3	215622306	216972577	maize1
3	217221008	219881577	maize1
3	220030096	220335813	maize1
3	220751318	221301716	maize1
3	221550118	222119893	maize1
3	222412389	223873824	maize1
3	224506619	225451650	maize1
3	225734113	227754737	maize1
3	227914874	228213935	maize1
3	228253782	229148265	maize1
3	229670251	230332593	maize1
3	230428030	231409465	maize1
3	88849686	89809703	maize2
3	100565852	102052661	maize2
3	103868103	108510659	maize2
3	109768461	112366449	maize2
3	112431438	120177617	maize2
3	121298287	124230043	maize2
3	124673464	127815870	maize2
3	129065042	130790259	maize2
3	132868880	134770794	maize2
3	134926199	136203962	maize2
3	137104284	138087163	maize2
3	139054161	139775464	maize2
3	139915558	142277180	maize2
3	143145357	143910664	maize2
3	233470951	233813372	maize2
3	233928554	235589100	maize2
4	220062	3090600	maize1
4	3347902	3440984	maize1
4	3576488	4786054	maize1
4	4936318	5272719	maize1
4	5526451	6139218	maize1
4	6155370	6571136	maize1
4	6910966	8239976	maize1
4	8446147	10603315	maize1
4	10722278	11098601	maize1
4	11330662	11655871	maize1
4	11691881	12799895	maize1
4	13683028	13892682	maize1
4	14051070	14945717	maize1
4	15079742	15754867	maize1
4	15843740	16174409	maize1
4	16817498	17175725	maize1
4	18478458	20524918	maize1
4	20796353	22023012	maize1
4	22922848	25176488	maize1
4	186985029	187165219	maize1
4	187328630	189488870	maize1
4	189738406	190168459	maize1
4	190301720	193425099	maize1
4	193980989	194778328	maize1
4	195249106	196294664	maize1
4	196494426	197048211	maize1
4	200557467	200747096	maize1
4	204478729	205738686	maize1
4	205895713	206763460	maize1
4	208792468	209197243	maize1
4	209379141	211233995	maize1
4	211831388	212048751	maize1
4	213559194	214710135	maize1
4	216214785	219205930	maize1
4	25530754	26393954	maize2
4	27571875	28130589	maize2
4	28429771	29283125	maize2
4	29548297	30716193	maize2
4	31019760	31378981	maize2
4	31732335	34939233	maize2
4	35023320	36911439	maize2
4	37195352	40666843	maize2
4	40983870	41762428	maize2
4	42292290	43385594	maize2
4	43594073	49845912	maize2
4	50011140	51280900	maize2
4	51437044	53774332	maize2
4	54198149	56197028	maize2
4	57683950	60287025	maize2
4	62584041	66517952	maize2
4	69982091	71328456	maize2
4	72041342	74669676	maize2
4	75567343	78792396	maize2
4	79804985	80730208	maize2
4	81159677	86687023	maize2
4	99564969	102475941	maize2
4	107948581	110787189	maize2
4	112869324	120126980	maize2
4	120548074	133317401	maize2
4	133589953	134318202	maize2
4	134811657	137284467	maize2
4	138224292	140076294	maize2
4	140677893	142626955	maize2
4	143185533	147448710	maize2
4	147847038	148733086	maize2
4	148970275	157088730	maize2
4	157334121	158380078	maize2
4	158522478	160649521	maize2
4	160963392	161766483	maize2
4	162016841	162306218	maize2
4	162309722	162895513	maize2
4	162924831	164090567	maize2
4	164541204	165577828	maize2
4	165883431	165937945	maize2
4	166709381	166839824	maize2
4	167036389	167230401	maize2
4	168535055	170384387	maize2
4	171070028	172179134	maize2
4	172403232	172708092	maize2
4	172768977	175175084	maize2
4	175534739	176048398	maize2
4	176257382	176839302	maize2
4	176866065	178364585	maize2
4	178937918	179834780	maize2
4	180078913	181043010	maize2
4	181354229	184731241	maize2
4	184795486	185958875	maize2
4	197659718	198625395	maize2
4	199184920	199481233	maize2
4	199503893	199665146	maize2
4	199894622	200054153	maize2
4	201189931	201409971	maize2
4	201419188	202307801	maize2
4	202393548	203408227	maize2
4	203547061	204328148	maize2
4	219205930	221578221	maize2
4	225637196	226351856	maize2
4	228366824	229327065	maize2
4	230473848	231906115	maize2
4	232182152	232669979	maize2
4	233019535	233854151	maize2
4	233911207	234332132	maize2
4	234543411	235826108	maize2
4	236309096	236577171	maize2
4	237006122	238377148	maize2
4	238382142	239922900	maize2
4	240024939	240456450	maize2
4	240500452	241017628	maize2
4	241322022	241457825	maize2
4	241610200	242563446	maize2
4	242871205	243042762	maize2
4	243263176	243628654	maize2
4	243656531	243880519	maize2
4	243894205	244692145	maize2
4	244812184	244890930	maize2
4	245033934	245523752	maize2
4	245629629	245956890	maize2
4	245970137	246377722	maize2
5	42444156	43072378	maize1
5	43733698	44701481	maize1
5	48278316	50468346	maize1
5	51276760	51643885	maize1
5	52960675	53599524	maize1
5	54409339	55729926	maize1
5	57152592	58827188	maize1
5	59686155	61119432	maize1
5	61238778	64099939	maize1
5	64433793	65191817	maize1
5	65300208	66773844	maize1
5	66808419	67363297	maize1
5	67950821	68359997	maize1
5	68745887	69325554	maize1
5	69420985	70445767	maize1
5	71063514	74349714	maize1
5	74828266	76964474	maize1
5	77126570	79394504	maize1
5	79555172	80238992	maize1
5	81363660	82369283	maize1
5	82441325	84121256	maize1
5	84611609	89579319	maize1
5	89674000	90074302	maize1
5	90962893	93601927	maize1
5	93927813	100952517	maize1
5	101139180	105053926	maize1
5	118084985	123354228	maize1
5	124316460	127438923	maize1
5	131470085	134956897	maize1
5	135071383	138912239	maize1
5	139737957	147968373	maize1
5	148525963	156568100	maize1
5	157263089	161021739	maize1
5	161274695	162295105	maize1
5	163038284	163951131	maize1
5	164451035	164631199	maize1
5	165944432	168255014	maize1
5	168983603	169751725	maize1
5	170119069	170981336	maize1
5	171168945	172221762	maize1
5	172501486	173631401	maize1
5	174761188	176729940	maize1
5	177354499	178312835	maize1
5	178448930	181269821	maize1
5	181711057	185270578	maize1
5	185356062	189163087	maize1
5	190054771	190360569	maize1
5	190539039	192192962	maize1
5	192612135	197822959	maize1
5	197996422	198606362	maize1
5	198641939	202860199	maize1
5	202883830	203316107	maize1
5	203489814	204561439	maize1
5	204635132	205188668	maize1
5	205470617	205900816	maize1
5	206007207	206968377	maize1
5	207097703	207490844	maize1
5	207515469	208649223	maize1
5	208733271	209533533	maize1
5	209543060	210581332	maize1
5	210667597	211898153	maize1
5	212199559	212793282	maize1
5	212847794	215878567	maize1
5	215957334	216420205	maize1
5	216450437	218021324	maize1
5	218027512	218358673	maize1
5	218455888	218940712	maize1
5	219005750	219602889	maize1
5	219714232	220409685	maize1
5	220588656	221583172	maize1
5	221663013	222229532	maize1
5	222352567	223593884	maize1
5	574550	720610	maize2
5	790385	924289	maize2
5	928518	1355347	maize2
5	1358413	2557893	maize2
5	2689653	3148138	maize2
5	3151374	3232922	maize2
5	3408661	3981216	maize2
5	4061093	4476299	maize2
5	4530077	4700536	maize2
5	4704819	7408448	maize2
5	7507904	7546852	maize2
5	7773602	8501633	maize2
5	8693104	10008482	maize2
5	10093632	10261247	maize2
5	10269552	10461714	maize2
5	10500967	11330312	maize2
5	11712416	12392037	maize2
5	12400748	12910147	maize2
5	12925022	13944786	maize2
5	13960501	15105744	maize2
5	15312118	15680854	maize2
5	15731840	17948337	maize2
5	18051994	20161821	maize2
5	20673442	22864690	maize2
5	23141968	23883017	maize2
5	24008379	24373240	maize2
5	24423940	25537969	maize2
5	25539823	26501483	maize2
5	26722766	27328082	maize2
5	27687099	34484129	maize2
5	34652912	35283701	maize2
5	35767618	37024672	maize2
5	37315402	38340717	maize2
6	295132	1285800	maize1
6	1578251	3028418	maize1
6	3227063	3652953	maize1
6	3702448	4893592	maize1
6	4940987	10032453	maize1
6	25573020	28517009	maize1
6	29354009	33036831	maize1
6	34431322	44432036	maize1
6	45355928	46130543	maize1
6	46353541	47636038	maize1
6	49258455	52289464	maize1
6	127641137	127808613	maize1
6	128613478	128804148	maize1
6	129807284	131476134	maize1
6	131562373	132630451	maize1
6	133726309	134242563	maize1
6	135231795	135411787	maize1
6	135534158	136802711	maize1
6	136997779	138215737	maize1
6	139897790	140057593	maize1
6	141258083	141555881	maize1
6	141669944	141997957	maize1
6	142520751	143243551	maize1
6	143543567	143821639	maize1
6	143951185	145997254	maize1
6	146434735	148053904	maize1
6	148214374	149257370	maize1
6	149349528	149731061	maize1
6	150159465	151025660	maize1
6	151106817	152204776	maize1
6	152651923	153040367	maize1
6	153208694	153935616	maize1
6	154171881	154811787	maize1
6	154872656	156277947	maize1
6	156302618	158553239	maize1
6	158797738	160544485	maize1
6	160579847	161635838	maize1
6	161644487	161899315	maize1
6	161945999	162373470	maize1
6	162432529	163420412	maize1
6	163426765	164792403	maize1
6	165273889	165639866	maize1
6	165655391	168020430	maize1
6	168207473	168518145	maize1
6	168638487	169229948	maize1
6	169245976	169552292	maize1
6	169626430	171099656	maize1
6	171617285	172335260	maize1
6	172924082	173160584	maize1
6	53597880	55466921	maize2
6	57907543	58480291	maize2
6	58736694	60327819	maize2
6	60492723	62164854	maize2
6	62958250	69072288	maize2
6	71123820	74141161	maize2
6	74185890	74662764	maize2
6	75660189	83187240	maize2
6	83685783	84116994	maize2
6	84752269	85013409	maize2
6	85388687	87639915	maize2
6	87800583	89091866	maize2
6	89313355	90643484	maize2
6	90930975	91181230	maize2
6	91292999	92446702	maize2
6	92902207	94190478	maize2
6	94242644	95463365	maize2
6	95758019	96929513	maize2
6	97224333	99516266	maize2
6	99540959	101681639	maize2
6	102942927	103113089	maize2
6	105441365	107628895	maize2
6	108070822	108769054	maize2
6	109436648	110171520	maize2
6	111482487	112124683	maize2
6	112382613	113256337	maize2
6	114233341	114787313	maize2
6	114889409	116066104	maize2
6	116234553	119618886	maize2
6	119732243	120259412	maize2
6	121009836	121594707	maize2
6	121824795	122064227	maize2
6	123081292	123595525	maize2
6	123966479	124174567	maize2
6	125228001	125465445	maize2
6	126489343	127261960	maize2
7	290318	1304012	maize1
7	1335926	2051664	maize1
7	2085086	3850816	maize1
7	4084819	5382982	maize1
7	5387962	7554664	maize1
7	7668898	7872987	maize1
7	8131234	8353142	maize1
7	8472331	9661440	maize1
7	9874961	11464222	maize1
7	11773317	12662237	maize1
7	13875638	14497553	maize1
7	14951783	15497705	maize1
7	15808941	17235048	maize1
7	17793833	19294873	maize1
7	19771814	24039642	maize1
7	24655837	28314635	maize1
7	28621528	37539184	maize1
7	38992333	41463948	maize1
7	41794321	42686416	maize1
7	45546767	46650245	maize1
7	46879912	48348393	maize1
7	51732908	53590767	maize1
7	54053334	58175007	maize1
7	76573235	77376643	maize1
7	79922475	83695172	maize1
7	84902650	91010379	maize1
7	91751615	95440045	maize1
7	97213254	98085572	maize1
7	99712846	100931905	maize1
7	101295448	105613451	maize1
7	105966950	123983015	maize1
7	124482034	126952362	maize1
7	127456648	130300116	maize1
7	130467272	133908130	maize1
7	133998048	137276974	maize1
7	137482848	138409268	maize1
7	138832493	139370377	maize1
7	140181416	144353161	maize1
7	145449221	145830759	maize1
7	146019992	146741068	maize1
7	146813286	147163658	maize1
7	147999944	148273294	maize1
7	148348787	148769668	maize1
7	148807834	149326259	maize1
7	149430451	149528905	maize1
7	149689529	151701044	maize1
7	151786667	152284951	maize1
7	152350943	152391085	maize1
7	152607880	153018402	maize1
7	153510275	154131339	maize1
7	154416611	155419963	maize1
7	155447228	155651360	maize1
7	155779316	158038291	maize1
7	158092634	158202098	maize1
7	158520260	158754847	maize1
7	159150902	159382709	maize1
7	159477979	159831164	maize1
7	160134697	160983562	maize1
7	161146539	161430095	maize1
7	161604314	161906890	maize1
7	162139179	162642790	maize1
7	162780554	162970099	maize1
7	163533511	164343736	maize1
7	164638794	165377110	maize1
7	165528436	167785114	maize1
7	167819333	168404337	maize1
7	168429417	168724334	maize1
7	168873392	170229194	maize1
7	170336652	170596747	maize1
7	170665155	171367138	maize1
7	171391162	171559261	maize1
7	171730968	172173854	maize1
7	172304485	175915934	maize1
7	175971141	176290872	maize1
7	176462105	176583945	maize1
7	176616853	176842085	maize1
7	176984068	177231327	maize1
7	177375580	177459557	maize1
7	177583056	177646686	maize1
7	177697830	178453895	maize1
7	178577090	179170336	maize1
7	179274067	179370117	maize1
7	179471476	180348600	maize1
7	180555015	181213109	maize1
7	181394800	182128016	maize1
8	80048	329003	maize2
8	684645	2109803	maize2
8	2226201	4495852	maize2
8	4714908	5087138	maize2
8	5225564	6983197	maize2
8	7120729	8201998	maize2
8	8212343	8430175	maize2
8	8612850	9193954	maize2
8	10206989	10658306	maize2
8	11208542	15374342	maize2
8	15543745	15986606	maize2
8	16235487	17921861	maize2
8	17971184	19244127	maize2
8	19456418	19837851	maize2
8	20776388	21654274	maize2
8	22078652	29094801	maize2
8	29227552	30792216	maize2
8	33665109	34057960	maize2
8	34807548	38678818	maize2
8	38892755	39942180	maize2
8	40371327	41101007	maize2
8	41313649	44211220	maize2
8	45256131	47084637	maize2
8	59513406	63106650	maize2
8	63303685	65150642	maize2
8	65746483	70051921	maize2
8	70664935	72404114	maize2
8	72951538	73145044	maize2
8	73563601	74349319	maize2
8	74914641	79181186	maize2
8	79788648	80240285	maize2
8	80442196	80618172	maize2
8	81405537	83964442	maize2
8	84652079	85392539	maize2
8	87550311	89377982	maize2
8	89844481	90588941	maize2
8	90769730	91618566	maize2
8	92686179	93324493	maize2
8	93996343	95380337	maize2
8	96405044	96651144	maize2
8	97574373	98424998	maize2
8	99367419	101170212	maize2
8	101645068	105238117	maize2
8	105524689	109386396	maize2
8	110966670	112188932	maize2
8	112627435	112917339	maize2
8	113057636	113732279	maize2
8	114533175	115783227	maize2
8	116428873	116654254	maize2
8	117173088	117501119	maize2
8	117740539	118007072	maize2
8	118867696	120087228	maize2
8	120733570	125104879	maize2
8	125145144	125482462	maize2
8	125886253	126977760	maize2
8	127618302	127860498	maize2
8	127989073	128851254	maize2
8	128897422	129540927	maize2
8	130407090	132234294	maize2
8	132650459	135473717	maize2
8	135643632	138049175	maize2
8	139022079	139411312	maize2
8	139923989	140114580	maize2
8	140382370	140741566	maize2
8	141124283	142597887	maize2
8	142607183	142839002	maize2
8	143050218	143745923	maize2
8	144154120	145383543	maize2
8	145509650	145835206	maize2
8	146108827	146364059	maize2
8	146669804	147566080	maize2
8	147891113	148979037	maize2
8	149257395	149800253	maize2
8	149844933	150211677	maize2
8	150334557	151893004	maize2
8	152073777	154485979	maize2
8	154552963	155376249	maize2
8	155951176	156107126	maize2
8	156531772	160459263	maize2
8	160671478	161074735	maize2
8	161252542	161297361	maize2
8	161413429	162797621	maize2
8	162949576	165552780	maize2
8	165889059	166101779	maize2
8	166374240	166780957	maize2
8	166835118	168215612	maize2
8	168510750	169012409	maize2
8	169121965	170600574	maize2
8	170756046	174618569	maize2
8	174717831	176060693	maize2
8	176108088	177292328	maize2
8	177411470	177521957	maize2
8	177549607	178009468	maize2
8	178017744	178244234	maize2
8	178314084	179645197	maize2
8	180034004	181008664	maize2
9	321293	649817	maize1
9	1104146	1353596	maize1
9	1562434	4433345	maize1
9	4609996	6706712	maize1
9	7208696	9720824	maize1
9	10329154	10640906	maize1
9	10917394	11471702	maize1
9	11561820	12899395	maize1
9	13110815	14229887	maize1
9	14335680	15130852	maize1
9	15324568	15779049	maize1
9	15923720	17435963	maize1
9	17525650	19196462	maize1
9	19288890	20099934	maize1
9	20216589	25750030	maize1
9	25848921	26527681	maize1
9	26603658	27017415	maize1
9	27089243	27538437	maize1
9	28912673	30217192	maize1
9	31231290	35183861	maize1
9	35769812	37396311	maize1
9	37789817	38813336	maize1
9	39266169	40106054	maize1
9	40974427	43397774	maize1
9	44507312	49744303	maize1
9	50262642	53061727	maize1
9	53472321	56389171	maize1
9	60499601	70327039	maize1
9	71751294	72602586	maize1
9	74513037	76909588	maize1
9	77638045	85537531	maize1
9	86533491	87111637	maize1
9	87279061	88938779	maize1
9	89992407	90227096	maize1
9	90424784	92065902	maize1
9	92290781	95766250	maize1
9	95834804	96876989	maize1
9	97463328	99655592	maize1
9	99815932	102808063	maize1
9	103213669	106295660	maize1
9	106484250	108780215	maize1
9	108785687	111511279	maize1
9	111768975	115030027	maize1
9	116292816	117454159	maize2
9	117753042	119579161	maize2
9	120125932	120383552	maize2
9	120508298	125447867	maize2
9	125640552	125909832	maize2
9	126071841	127014110	maize2
9	127180452	127778338	maize2
9	128017448	128704783	maize2
9	128749319	130553326	maize2
9	130652403	130905648	maize2
9	131251142	132377268	maize2
9	132754351	134146982	maize2
9	135225433	135793323	maize2
9	135941715	136093895	maize2
9	136187718	136613257	maize2
9	136695172	139692531	maize2
9	139748355	139846519	maize2
9	139928179	140360916	maize2
9	140363670	141214038	maize2
9	141214713	142336894	maize2
9	142393167	143985579	maize2
9	144032084	144456060	maize2
9	144511753	144628563	maize2
9	144765002	145467018	maize2
9	145653291	147200712	maize2
9	147333193	148360531	maize2
9	148910699	149890051	maize2
9	150143432	150407213	maize2
9	150489728	153376606	maize2
9	153394507	153612000	maize2
9	153653898	154670106	maize2
9	154758600	155459827	maize2
9	155562791	155896891	maize2
9	155901874	156176572	maize2
9	156588339	157592227	maize2
9	157624333	157815757	maize2
9	158517918	158648314	maize2
9	158744834	159514710	maize2
