Cluster_0472	OG0000083	12,7,63,11,12,12,7,28,21,7,7,47,12
Cluster_0493	OG0002753	3,1,2,6,3,2,1,5,4,3,1,7,2
Cluster_0497	OG0001345	2,5,6,4,3,4,3,7,3,3,5,11,2
Cluster_0507	OG0000811	3,3,4,6,3,6,3,8,5,4,3,16,4
Cluster_0509	OG0008568	1,1,2,1,3,2,1,2,1,1,1,3,1
Cluster_0514	OG0000585	10,4,11,5,1,4,3,5,3,3,4,25,7
Cluster_0230	OG0000438	13,7,14,4,2,5,5,3,3,2,31,12
Cluster_0231	OG0001520	4,5,4,3,2,3,4,6,1,6,2,10,3
Cluster_0230	OG0000438	13,7,14,4,2,5,5,3,3,2,31,12
Cluster_0231	OG0001520	4,5,4,3,2,3,4,6,1,6,2,10,3
Cluster_0234	OG0010558	1,1,1,1,1,3,1,2,2,1,1,4
Cluster_0235	OG0007419	1,1,4,1,1,1,1,2,1,1,1,6
Cluster_0234	OG0010558	1,1,1,1,1,3,1,2,2,1,1,4
Cluster_0235	OG0007419	1,1,4,1,1,1,1,2,1,1,1,6
Cluster_0249	OG0002976	2,2,2,1,1,5,4,4,1,12,4
Cluster_0269	OG0009075	1,1,1,1,1,3,1,2,2,1,1,3
Cluster_0312	OG0006409	1,1,1,2,4,4,2,2
Cluster_0325	OG0004814	2,3,2,1,1,2,5,2,2,3,5,1
Cluster_0380	OG0007200	1,1,4,2,1,1,1,3,1,1,2,6,1
Cluster_0433	OG0004245	2,1,2,1,1,1,2,5,3,1,10,3
Cluster_0446	OG0001795	2,1,4,1,2,3,7,9,1,6,4,6
Cluster_0447	OG0005290	2,1,1,2,1,2,3,6,3,2,2,3,1
Cluster_0448	OG0000004	1,9,58,1,18,105,52,1,97,5,163,15
Cluster_0450	OG0001464	5,3,5,2,2,5,4,6,2,3,3,9,4
Cluster_0451	OG0000029	23,20,30,26,8,27,23,45,25,20,23,123,28
Cluster_0458	OG0001276	5,2,3,2,1,2,7,1,3,7,20,6
Cluster_0459	OG0000069	71,14,25,5,4,12,5,8,1,6,3,107,36
Cluster_0460	OG0000928	10,1,9,2,1,2,1,12,3,1,2,8,6
Cluster_0461	OG0000702	7,4,4,3,3,3,4,3,2,33,2
Cluster_0468	OG0017016	1,1,1,1,1,1
Cluster_0470	OG0000839	4,4,3,5,4,4,6,7,7,12,3
Cluster_0473	OG0000004	1,9,58,1,18,105,52,1,97,5,163,15
Cluster_0474	OG0004304	1,2,3,2,2,2,2,4,2,2,2,4,1
Cluster_0473	OG0000004	1,9,58,1,18,105,52,1,97,5,163,15
Cluster_0474	OG0004304	1,2,3,2,2,2,2,4,2,2,2,4,1
Cluster_0473	OG0000004	1,9,58,1,18,105,52,1,97,5,163,15
Cluster_0476	OG0000005	109,49,79,53,4,69,66,147,24,86,71,369,93
Cluster_0477	OG0009239	1,1,1,1,3,2,1,1,2,1,2,3,1
Cluster_0479	OG0000089	22,12,12,4,9,18,29,2,15,11,87,25
Cluster_0480	OG0000121	13,8,14,11,1,13,13,19,4,11,15,62,14
Cluster_0486	OG0000302	8,6,8,3,2,5,6,15,4,6,6,40,7
Cluster_0488	OG0000816	5,2,11,1,4,2,1,5,1,5,10,20,4
Cluster_0489	OG0005638	1,2,3,4,1,3,2,4,1,1,2,4
Cluster_0495	OG0011060	1,1,1,1,5,1,1,2,4,3
Cluster_0499	OG0001097	3,1,5,2,1,8,7,8,4,3,3,12,6
Cluster_0500	OG0002115	1,2,2,2,1,3,3,6,4,3,3,7,2
Cluster_0504	OG0000269	11,19,7,7,5,3,6,14,2,5,6,40,10
Cluster_0506	OG0003866	2,1,7,2,2,2,2,4,1,2,2,6,1
Cluster_0512	OG0006409	1,1,1,2,4,4,2,2
Cluster_0513	OG0003726	2,2,2,2,1,2,2,4,3,2,2,7,2
Cluster_0520	OG0000543	4,5,15,4,2,6,5,8,4,5,4,19,3
Cluster_0179	OG0006136	1,1,6,2,2,3,1,3,1,2,3,1
Cluster_0185	OG0010940	1,1,2,1,1,1,1,3,1,2,1,2,1
Cluster_0187	OG0000032	29,16,44,22,4,23,15,34,21,21,17,163,27
Cluster_0189	OG0018712	NA
Cluster_0196	OG0006205	1,1,1,1,1,3,3,4,1,2,2,5,1
Cluster_0205	OG0004354	3,1,7,5,2,1,1,2,2,1,1,3,3
Cluster_0207	OG0017676	NA
Cluster_0209	OG0000966	9,3,7,1,1,2,2,4,2,4,5,16,7
Cluster_0213	OG0000105	16,7,7,20,11,14,9,28,9,15,19,39,9
Cluster_0221	OG0012895	1,1,2,2,1,1,1,2,2,1,1,1,1
Cluster_0222	OG0004573	2,4,1,2,5,4,4,6,4
Cluster_0225	OG0000030	50,27,34,21,4,23,37,61,13,14,20,108,20
Cluster_0226	OG0000136	11,11,7,12,6,18,14,28,4,14,12,33,11
Cluster_0229	OG0001173	2,2,2,4,3,5,4,7,4,5,9,9,5
Cluster_0232	OG0004682	2,3,2,3,2,1,2,4,1,2,2,3,2
Cluster_0236	OG0007740	2,2,2,1,2,1,2,1,2,6,1
Cluster_0238	OG0008428	1,1,4,1,1,1,1,2,2,1,1,4,1
Cluster_0242	OG0000054	24,15,23,14,2,20,18,42,8,22,15,103,16
Cluster_0245	OG0004836	1,1,3,2,1,2,1,3,1,1,1,6,1
Cluster_0243	OG0000011	50,26,63,35,17,38,43,94,24,35,21,155,55
Cluster_0245	OG0004836	1,1,3,2,1,2,1,3,1,1,1,6,1
Cluster_0244	OG0001210	3,2,6,2,7,3,8,2,4,5,9,3
Cluster_0243	OG0000011	50,26,63,35,17,38,43,94,24,35,21,155,55
Cluster_0245	OG0004836	1,1,3,2,1,2,1,3,1,1,1,6,1
Cluster_0244	OG0001210	3,2,6,2,7,3,8,2,4,5,9,3
Cluster_0243	OG0000011	50,26,63,35,17,38,43,94,24,35,21,155,55
Cluster_0245	OG0004836	1,1,3,2,1,2,1,3,1,1,1,6,1
Cluster_0244	OG0001210	3,2,6,2,7,3,8,2,4,5,9,3
Cluster_0251	OG0004564	1,1,1,1,3,5,4,6,7
Cluster_0253	OG0000276	9,16,3,3,2,8,7,27,13,13,21,4
Cluster_0263	OG0009112	1,1,3,1,1,1,1,2,1,1,1,3,1
Cluster_0267	OG0006530	2,1,2,1,1,1,1,3,1,1,7,2
Cluster_0268	OG0000799	8,1,6,3,1,3,2,6,1,4,4,32,5
Cluster_0275	OG0013899	1,1,1,1,1,2,1,1,3,1
Cluster_0276	OG0004694	4,1,2,2,1,1,1,2,1,1,10,2
Cluster_0278	OG0001038	2,3,4,6,2,2,3,7,4,3,4,18,3
Cluster_0279	OG0000442	3,5,8,7,6,5,7,15,12,6,6,6,2
Cluster_0281	OG0000040	49,19,39,24,8,22,20,58,2,30,26,94,23
Cluster_0284	OG0002041	3,2,5,1,5,2,4,1,1,4,3,11,2
Cluster_0285	OG0015175	2,1,1,2,3,1,1,2
Cluster_0286	OG0002233	2,1,2,2,2,5,11,2,4,4,3
Cluster_0288	OG0003387	2,1,4,4,2,1,2,3,2,1,1,13,1
Cluster_0290	OG0001189	2,4,3,3,4,3,4,6,7,4,5,7,1
Cluster_0296	OG0000814	8,6,2,1,1,7,6,8,7,12,4
Cluster_0302	OG0000068	10,18,10,11,19,8,17,70,1,35,46,40,12
Cluster_0308	OG0009949	1,1,1,1,1,1,2,4,1,1,1,3,1
Cluster_0307	OG0001052	3,3,4,7,2,3,3,6,6,3,3,17,3
Cluster_0308	OG0009949	1,1,1,1,1,1,2,4,1,1,1,3,1
Cluster_0307	OG0001052	3,3,4,7,2,3,3,6,6,3,3,17,3
Cluster_0314	OG0000933	4,3,5,3,3,4,3,8,6,4,5,16,4
Cluster_0323	OG0000019	35,41,31,33,29,33,87,27,34,35,100,33
Cluster_0324	OG0000048	25,20,21,13,1,25,29,51,12,23,26,64,15
Cluster_0328	OG0000025	59,44,11,22,8,29,31,89,2,34,40,104,27
Cluster_0329	OG0010436	1,1,1,1,1,2,2,2,1,2,1,3,1
Cluster_0331	OG0000004	1,9,58,1,18,105,52,1,97,5,163,15
Cluster_0333	OG0003687	4,1,2,2,1,3,3,4,2,1,9,3
Cluster_0335	OG0000225	8,3,10,5,1,5,8,12,5,6,6,62,7
Cluster_0336	OG0001169	2,2,4,4,2,4,5,12,5,5,5,7,1
Cluster_0341	OG0011628	1,1,2,1,1,1,1,2,2,1,1,3,1
Cluster_0342	OG0016188	1,1,1,1,1,2,2,1,1
Cluster_0344	OG0001537	3,3,3,4,2,1,2,7,3,5,16,4
Cluster_0345	OG0001821	2,3,5,3,2,2,6,1,2,3,9,4
Cluster_0346	OG0004019	1,1,1,1,1,4,10,2,2,11
Cluster_0348	OG0000487	2,4,4,7,7,4,7,11,8,7,7,17,4
Cluster_0351	OG0001128	1,1,6,4,11,1,5,5,7
Cluster_0352	OG0016131	3,1,1,2,1,1
Cluster_0355	OG0003796	2,1,8,2,1,2,1,2,1,2,1,10,2
Cluster_0356	OG0000184	17,15,1,1,10,1,11,20,1,14,6,37,9
Cluster_0360	OG0010964	1,1,1,1,1,1,1,2,1,1,1,2,1
Cluster_0361	OG0005890	1,1,1,1,1,1,2,2,3,1,2,4,1
Cluster_0363	OG0008112	1,1,1,2,3,4,3,2,5
Cluster_0364	OG0002294	1,2,6,2,2,1,3,6,1,3,2,9,3
Cluster_0365	OG0000572	5,4,8,2,1,7,3,6,4,6,5,27,7
Cluster_0367	OG0000806	4,5,9,5,1,6,3,7,5,3,5,13,5
Cluster_0369	OG0000525	6,5,1,9,9,4,7,14,1,4,6,22,5
Cluster_0373	OG0001375	2,5,1,3,3,3,3,7,3,4,4,7,3
Cluster_0376	OG0001286	1,3,3,3,2,2,4,9,4,5,4,12,2
Cluster_0377	OG0004510	2,2,4,1,2,2,2,4,1,2,2,6,1
Cluster_0383	OG0024960	NA
Cluster_0385	OG0003098	2,2,2,3,1,2,3,4,1,7,2
Cluster_0386	OG0000138	9,9,14,7,4,9,13,33,8,15,10,45,6
Cluster_0391	OG0001085	2,3,5,3,3,5,3,4,4,5,3,16,2
Cluster_0392	OG0017247	1,1,2,1,1
Cluster_0399	OG0014269	1,1,1,1,1,3,1,2,1,3,1
Cluster_0401	OG0009287	1,1,1,1,1,1,1,2,2,1,1,3,1
Cluster_0405	OG0000191	7,5,10,10,4,11,6,18,7,8,8,56,9
Cluster_0406	OG0000729	2,6,4,4,3,6,5,7,3,5,5,16,1
Cluster_0408	OG0001738	2,2,9,9,2,2,2,3,3,2,2,7,2
Cluster_0410	OG0007854	1,1,1,1,1,1,1,2,4,1,1,3,1
Cluster_0408	OG0001738	2,2,9,9,2,2,2,3,3,2,2,7,2
Cluster_0410	OG0007854	1,1,1,1,1,1,1,2,4,1,1,3,1
Cluster_0408	OG0001738	2,2,9,9,2,2,2,3,3,2,2,7,2
Cluster_0410	OG0007854	1,1,1,1,1,1,1,2,4,1,1,3,1
Cluster_0413	OG0000574	5,5,4,3,5,7,5,10,5,6,5,17,5
Cluster_0414	OG0003907	2,3,1,2,3,5,1,3,3,10,1
Cluster_0415	OG0008713	1,1,1,1,1,1,1,2,1,1,1,3,1
Cluster_0416	OG0000977	5,6,2,4,2,4,11,1,6,3,17,4
Cluster_0421	OG0008940	1,1,2,1,2,1,2,2,1,1,4
Cluster_0424	OG0000019	35,41,31,33,29,33,87,27,34,35,100,33
Cluster_0426	OG0001128	1,1,6,4,11,1,5,5,7
Cluster_0428	OG0013637	1,1,1,1,1,1,1,1,2,1,3,1
Cluster_0431	OG0000540	7,4,19,3,4,10,3,7,3,4,5,14,5
Cluster_0432	OG0008410	1,1,1,1,2,2,2,2,1,2,2,3,1
Cluster_0434	OG0004439	1,2,2,1,1,3,2,4,2,2,2,7,1
Cluster_0438	OG0006338	1,1,3,3,2,1,2,2,2,1,5,1
Cluster_0564	OG0001811	3,2,4,2,1,4,3,8,2,3,3,12,2
Cluster_0588	OG0011981	1,1,1,1,1,1,2,1,1,1,5,2
Cluster_0716	OG0003242	2,2,2,3,2,2,2,5,2,2,2,5,1
Cluster_0721	OG0001960	3,2,9,1,2,2,2,4,3,3,1,12,1
Cluster_0724	OG0008551	1,1,4,1,1,2,1,2,1,1,2,4
Cluster_0733	OG0002040	2,2,10,2,1,2,3,7,2,2,11,3
Cluster_0739	OG0000709	5,2,13,5,1,4,4,7,2,4,3,28,1
Cluster_0746	OG0000713	4,3,7,2,1,2,2,8,2,2,5,37,2
Cluster_0758	OG0000388	6,2,5,6,3,10,6,7,2,15,14,19,8
Cluster_0772	OG0000179	30,14,2,3,4,5,11,31,2,11,13,25,13
Cluster_0775	OG0001237	3,3,5,3,3,3,3,6,7,3,3,8,2
Cluster_0796	OG0000289	13,6,7,9,3,6,7,14,3,8,7,40,9
Cluster_0801	OG0000084	29,11,7,16,5,16,6,30,2,8,4,95,25
Cluster_0807	OG0000189	11,5,18,11,8,8,9,22,3,12,10,33,9
Cluster_0810	OG0002816	1,2,3,3,2,7,1,2,2,11,2
Cluster_0808	OG0006668	2,1,1,1,1,4,1,1,1,4,2
Cluster_0810	OG0002816	1,2,3,3,2,7,1,2,2,11,2
Cluster_0808	OG0006668	2,1,1,1,1,4,1,1,1,4,2
Cluster_0810	OG0002816	1,2,3,3,2,7,1,2,2,11,2
Cluster_0808	OG0006668	2,1,1,1,1,4,1,1,1,4,2
Cluster_0810	OG0002816	1,2,3,3,2,7,1,2,2,11,2
Cluster_0808	OG0006668	2,1,1,1,1,4,1,1,1,4,2
Cluster_0810	OG0002816	1,2,3,3,2,7,1,2,2,11,2
Cluster_0808	OG0006668	2,1,1,1,1,4,1,1,1,4,2
Cluster_0531	OG0000281	8,5,31,10,10,5,11,2,5,3,27,7
Cluster_0541	OG0000825	6,3,3,4,3,6,11,2,6,5,15,4
Cluster_0543	OG0006306	1,1,1,1,1,1,2,1,1,9
Cluster_0544	OG0011354	1,1,1,2,1,2,1,2,1,1,1,4,1
Cluster_0549	OG0000935	4,4,3,3,2,4,4,9,5,4,20,4
Cluster_0556	OG0001507	10,2,2,2,2,3,7,2,3,10,7
Cluster_0574	OG0000081	23,7,2,11,6,11,5,15,9,7,9,123,26
Cluster_0626	OG0001750	2,2,4,2,2,3,3,8,3,3,3,12,2
Cluster_0640	OG0000604	6,3,7,3,2,3,7,19,2,5,5,16,4
Cluster_0715	OG0000113	7,8,19,7,7,10,14,32,4,18,19,50,8
Cluster_0717	OG0022331	NA
Cluster_0723	OG0007102	2,1,1,2,2,1,1,2,1,1,1,4,3
Cluster_0729	OG0000194	20,8,9,10,12,7,11,8,10,8,33,14
Cluster_0730	OG0000003	112,56,130,91,24,81,68,195,50,71,61,368,76
Cluster_0731	OG0003149	1,2,2,2,2,3,3,5,2,2,3,4,1
Cluster_0730	OG0000003	112,56,130,91,24,81,68,195,50,71,61,368,76
Cluster_0731	OG0003149	1,2,2,2,2,3,3,5,2,2,3,4,1
Cluster_0730	OG0000003	112,56,130,91,24,81,68,195,50,71,61,368,76
Cluster_0731	OG0003149	1,2,2,2,2,3,3,5,2,2,3,4,1
Cluster_0732	OG0000465	5,2,8,5,1,4,6,12,4,5,10,30,4
Cluster_0737	OG0006986	1,1,4,1,1,1,1,4,1,1,1,4,1
Cluster_0740	OG0000005	109,49,79,53,4,69,66,147,24,86,71,369,93
Cluster_0742	OG0009827	1,1,1,3,1,2,1,2,1,1,1,3,1
Cluster_0743	OG0002441	2,3,3,3,2,2,2,4,2,2,2,14,1
Cluster_0745	OG0000664	3,2,3,4,2,3,8,16,3,9,8,14,3
Cluster_0748	OG0002583	4,2,1,7,8,6,7
Cluster_0757	OG0009433	1,1,1,1,1,1,1,2,1,1,1,8,1
Cluster_0759	OG0000589	6,4,6,2,1,4,7,11,3,7,10,21,2
Cluster_0763	OG0000211	11,10,11,6,4,14,8,14,8,5,9,34,13
Cluster_0769	OG0002708	3,2,4,2,1,1,1,4,3,2,2,10,3
Cluster_0770	OG0000337	6,3,1,8,7,2,12,33,3,14,9,18,3
Cluster_0780	OG0001118	2,2,3,6,1,3,3,12,3,2,2,16,1
Cluster_0782	OG0001493	1,6,12,1,5
Cluster_0784	OG0013970	1,1,2,1,1,1,1,2,3,1
Cluster_0786	OG0000994	4,4,5,3,4,3,5,7,1,5,4,16,1
Cluster_0787	OG0008497	1,1,3,1,1,1,1,2,1,1,1,4,1
Cluster_0789	OG0007243	1
Cluster_0793	OG0005717	1,2,4,1,4,3,2,3,7,2
Cluster_0798	OG0002284	2,2,2,2,2,3,4,6,1,3,3,6,1
Cluster_0803	OG0006669	1,1,1,1,1,1,1,3,1,1,2,7,1
Cluster_0814	OG0017256	1,1,1,1
Cluster_0817	OG0003069	2,2,2,1,5,6,6,9,3,1
Cluster_0818	OG0000818	7,3,7,5,3,4,2,8,5,3,2,16,9
Cluster_0817	OG0003069	2,2,2,1,5,6,6,9,3,1
Cluster_0820	OG0005042	2,1,2,3,2,2,2,5,3,1,2,6,1
Cluster_0527	OG0000539	11,8,7,3,3,2,3,10,1,4,4,27,8
Cluster_0530	OG0000114	26,11,6,8,1,6,9,28,6,16,15,50,10
Cluster_0533	OG0001634	2,2,6,3,2,2,2,6,2,3,2,14,4
Cluster_0534	OG0000639	5,1,9,2,3,3,3,31,2,4,2,14,3
Cluster_0533	OG0001634	2,2,6,3,2,2,2,6,2,3,2,14,4
Cluster_0534	OG0000639	5,1,9,2,3,3,3,31,2,4,2,14,3
Cluster_0535	OG0000379	14,5,9,3,3,10,2,11,3,3,37,12
Cluster_0536	OG0025809	NA
Cluster_0538	OG0000538	8,5,5,12,3,7,8,16,4,2,15,4
Cluster_0552	OG0001493	1,6,12,1,5
Cluster_0553	OG0000220	18,5,18,6,3,6,3,7,2,7,8,52,13
Cluster_0554	OG0009016	1,1,1,1,1,1,1,2,1,2,6,1
Cluster_0560	OG0000002	175,110,251,140,15,88,91,346,74,97,80,869,131
Cluster_0562	OG0010283	1,2,5,2
Cluster_0563	OG0000206	3,2,4,13,59,3,1,15,11
Cluster_0566	OG0001118	2,2,3,6,1,3,3,12,3,2,2,16,1
Cluster_0569	OG0010283	1,2,5,2
Cluster_0573	OG0020584	1,1,1
Cluster_0580	OG0001087	2,2,2,12,5,2,3,5,4,2,2,15,3
Cluster_0586	OG0003411	4,3,1,5,1,3,1,2,6,4
Cluster_0589	OG0000848	3,2,11,3,1,2,4,7,2,3,3,28,2
Cluster_0590	OG0004069	1,1,7,2,1,3,1,5,1,1,1,8,1
Cluster_0591	OG0014258	1,1,1,1,1,1,5,1,1,2
Cluster_0596	OG0003439	1,2,3,1,3,2,3,3,3,3,6,1
Cluster_0598	OG0001003	6,1,1,6,5,3,16,1,4,3,13,3
Cluster_0596	OG0003439	1,2,3,1,3,2,3,3,3,3,6,1
Cluster_0598	OG0001003	6,1,1,6,5,3,16,1,4,3,13,3
Cluster_0596	OG0003439	1,2,3,1,3,2,3,3,3,3,6,1
Cluster_0598	OG0001003	6,1,1,6,5,3,16,1,4,3,13,3
Cluster_0600	OG0000257	6,8,11,11,9,7,11,6,7,10,34,7
Cluster_0606	OG0002819	1,2,2,2,2,4,4,2,4,4,9,3
Cluster_0607	OG0002687	1,3,2,4,3,4,2,5,1,2,3,7,2
Cluster_0608	OG0007437	1,1,1,1,1,2,2,4,1,2,2,2,1
Cluster_0611	OG0000313	11,4,6,3,3,4,6,15,3,9,6,31,14
Cluster_0612	OG0000005	109,49,79,53,4,69,66,147,24,86,71,369,93
Cluster_0615	OG0006940	2,2,1,1,1,1,1,3,2,2,1,7
Cluster_0617	OG0000968	4,3,10,1,2,4,3,6,3,5,3,19,4
Cluster_0620	OG0000557	11,7,2,1,2,1,8,12,1,6,6,17,5
Cluster_0622	OG0013297	1,1,2,1,1,1,1,1,1,1,4,1
Cluster_0627	OG0000663	3,3,1,3,2,4,6,16,4,9,7,16,4
Cluster_0628	OG0002416	2,2,2,4,1,4,2,4,3,2,2,12,1
Cluster_0629	OG0012401	1,1,1,1,1,1,2,3,1,1,3,1
Cluster_0630	OG0014690	1,1,1,1,1,1,1,2,1,1,3
Cluster_0627	OG0000663	3,3,1,3,2,4,6,16,4,9,7,16,4
Cluster_0628	OG0002416	2,2,2,4,1,4,2,4,3,2,2,12,1
Cluster_0629	OG0012401	1,1,1,1,1,1,2,3,1,1,3,1
Cluster_0630	OG0014690	1,1,1,1,1,1,1,2,1,1,3
Cluster_0636	OG0009569	1,1,1,1,1,2,2,4,1,1,4,1
Cluster_0637	OG0002183	1,1,18,3,1,1,3,4,1,1,1,4,1
Cluster_0636	OG0009569	1,1,1,1,1,2,2,4,1,1,4,1
Cluster_0637	OG0002183	1,1,18,3,1,1,3,4,1,1,1,4,1
Cluster_0638	OG0003894	1,2,6,1,2,3,1,4,3,1,2,5
Cluster_0639	OG0002496	3,2,1,3,1,3,3,9,2,3,2,7,2
Cluster_0647	OG0018686	NA
Cluster_0650	OG0007474	1,1,2,1,1,2,1,2,2,1,1,7,1
Cluster_0652	OG0006613	1,1,1,1,1,1,3,4,1,3,2,3,1
Cluster_0653	OG0000007	62,44,150,57,9,49,54,165,48,42,39,222,59
Cluster_0654	OG0000507	6,4,6,7,3,5,4,9,5,4,5,23,6
Cluster_0658	OG0000788	2,3,6,2,3,3,5,10,2,5,5,16,4
Cluster_0659	OG0006038	1,2,1,2,1,2,1,1,1,3
Cluster_0661	OG0002930	2,2,1,2,2,3,1,4,4,3,2,7,2
Cluster_0662	OG0008900	1,1,3,2,1,1,2,2,1,1,5,2
Cluster_0664	OG0001958	2,4,2,5,1,2,3,6,5,3,3,8,2
Cluster_0667	OG0000121	13,8,14,11,1,13,13,19,4,11,15,62,14
Cluster_0669	OG0010215	1,1,4,1,1,1,2,1,1,1,3,1
Cluster_0670	OG0000017	43,30,53,1,8,31,30,64,25,33,31,166,39
Cluster_0678	OG0014516	2,1,1,1,1,1,5,2
Cluster_0681	OG0003169	1,1,2,1,1,4,5,2,4,4,6,2
Cluster_0683	OG0000399	6,3,21,3,4,3,3,9,3,7,3,28,7
Cluster_0684	OG0000002	175,110,251,140,15,88,91,346,74,97,80,869,131
Cluster_0685	OG0001949	3,6,1,1,2,3,9,2,3,4,12,1
Cluster_0687	OG0000263	10,6,12,2,8,2,1,10,11,9,7,47,9
Cluster_0688	OG0000076	12,17,1,42,10,2,11,1
Cluster_0687	OG0000263	10,6,12,2,8,2,1,10,11,9,7,47,9
Cluster_0689	OG0003482	1,1,7,1,1,2,1,5,2,1,1,6,1
Cluster_0692	OG0000035	47,11,30,29,10,20,14,45,8,16,21,150,24
Cluster_0693	OG0008133	1,1,5,2,1,1,1,3,1,1,1,3
Cluster_0692	OG0000035	47,11,30,29,10,20,14,45,8,16,21,150,24
Cluster_0693	OG0008133	1,1,5,2,1,1,1,3,1,1,1,3
Cluster_0694	OG0022365	NA
Cluster_0695	OG0000088	32,11,8,17,2,18,14,27,8,16,8,73,14
Cluster_0697	OG0000981	4,5,8,2,3,3,6,1,4,5,20,4
Cluster_0701	OG0016683	6,1
Cluster_0702	OG0000490	6,7,5,4,8,5,18,3,1,5,28,6
Cluster_0704	OG0000723	3,3,8,6,3,5,4,8,5,4,4,19,3
Cluster_0706	OG0008435	1,1,1,2,1,1,1,2,1,1,1,7,1
Cluster_0707	OG0000012	98,22,24,12,3,14,26,71,4,40,36,236,66
Cluster_0706	OG0008435	1,1,1,2,1,1,1,2,1,1,1,7,1
Cluster_0707	OG0000012	98,22,24,12,3,14,26,71,4,40,36,236,66
Cluster_0708	OG0003444	1,2,3,2,1,1,1,5,3,3,3,9,1
Cluster_0714	OG0000009	71,41,53,36,15,42,45,97,30,59,26,141,38
Cluster_0823	OG0000245	5,6,9,7,4,10,7,12,8,5,5,47,6
Cluster_0968	OG0001225	1,2,5,4,2,4,6,8,3,6,4,11,1
Cluster_1014	OG0002340	3,3,5,2,3,3,3,7,1,3,3,6,1
Cluster_1045	OG0009617	1,1,5,1,1,1,2,1,1,2,3,1
Cluster_1058	OG0006907	1,2,1,1,1,1,1,3,1,2,7,2
Cluster_1061	OG0000004	1,9,58,1,18,105,52,1,97,5,163,15
Cluster_0832	OG0010506	1,1,4,1,1,1,1,2,2,1,1,2,1
Cluster_0842	OG0008950	1,1,1,1,1,3,3,2,1,1,6,1
Cluster_0859	OG0000135	8,12,10,8,3,8,12,36,8,17,13,35,6
Cluster_0869	OG0000203	9,7,3,8,1,7,11,37,6,10,11,22,8
Cluster_0859	OG0000135	8,12,10,8,3,8,12,36,8,17,13,35,6
Cluster_0869	OG0000203	9,7,3,8,1,7,11,37,6,10,11,22,8
Cluster_0882	OG0000001	201,117,250,155,18,131,130,340,126,157,118,674,173
Cluster_0884	OG0000600	4,5,2,3,5,1,6,2,4,11,23,11
Cluster_0912	OG0000103	13,14,30,9,6,14,16,27,4,19,14,38,12
Cluster_0942	OG0001343	5,3,4,3,2,2,4,6,1,4,3,18,2
Cluster_0933	OG0000600	4,5,2,3,5,1,6,2,4,11,23,11
Cluster_0942	OG0001343	5,3,4,3,2,2,4,6,1,4,3,18,2
Cluster_0952	OG0001490	4,3,1,3,1,3,5,14,1,4,5,8,2
Cluster_1004	OG0000687	11,5,5,2,2,2,3,7,2,3,30,7
Cluster_1017	OG0001244	7,3,4,4,3,3,7,1,3,2,21,3
Cluster_1018	OG0002518	4,1,2,3,1,2,3,5,1,3,5,10,3
Cluster_1027	OG0000169	11,7,10,9,2,14,8,23,4,9,13,45,10
Cluster_1028	OG0014684	1,6,2
Cluster_1027	OG0000169	11,7,10,9,2,14,8,23,4,9,13,45,10
Cluster_1028	OG0014684	1,6,2
Cluster_1027	OG0000169	11,7,10,9,2,14,8,23,4,9,13,45,10
Cluster_1028	OG0014684	1,6,2
Cluster_1031	OG0004357	3,1,1,1,4,2,2,5,1,2,1,7,2
Cluster_1034	OG0000569	3,4,2,3,6,5,10,5,6,10,13,4
Cluster_1038	OG0003059	1,2,2,2,2,2,4,4,4,4,3,6,1
Cluster_1048	OG0000457	6,4,2,7,6,4,6,11,10,7,7,16,7
Cluster_1050	OG0000175	13,9,8,7,5,9,10,20,2,10,10,49,9
Cluster_1051	OG0022154	NA
Cluster_1055	OG0002622	1,1,2,1,2,1,2,4,1,2,1,6,1
Cluster_1065	OG0006913	2,1,3,1,1,1,1,2,2,1,1,3,1
Cluster_1067	OG0003729	7,3,1,1,2,3,1,2,2,13,1
Cluster_0824	OG0003634	1,1,1,4,4,11,1
Cluster_0825	OG0006084	1,1,5,1,2,2,1,2,1,1,1,6,1
Cluster_0834	OG0022131	NA
Cluster_0837	OG0000004	1,9,58,1,18,105,52,1,97,5,163,15
Cluster_0838	OG0003499	4,1,1,1,2,3,6,2,5,2,4,5
Cluster_0843	OG0000008	70,25,98,9,8,20,18,150,11,38,26,474,63
Cluster_0844	OG0000009	71,41,53,36,15,42,45,97,30,59,26,141,38
Cluster_0846	OG0003634	1,1,1,4,4,11,1
Cluster_0847	OG0000004	1,9,58,1,18,105,52,1,97,5,163,15
Cluster_0850	OG0000059	20,15,31,23,1,16,16,39,12,18,17,76,12
Cluster_0852	OG0000498	12,2,1,4,2,3,4,12,2,7,4,27,6
Cluster_0857	OG0004040	1,1,4,3,1,1,3,3,5,2,4,1
Cluster_0864	OG0000976	5,6,4,2,4,3,9,3,6,19,5
Cluster_0872	OG0012589	1,1,1,1,1,1,3,2,1,1,3
Cluster_0873	OG0004618	2,1,5,1,1,1,1,5,1,1,1,8,2
Cluster_0872	OG0012589	1,1,1,1,1,1,3,2,1,1,3
Cluster_0873	OG0004618	2,1,5,1,1,1,1,5,1,1,1,8,2
Cluster_0878	OG0016648	1,1,6
Cluster_0880	OG0003454	3,1,5,1,1,1,2,3,2,2,2,11,3
Cluster_0881	OG0000321	4,5,6,5,3,11,8,16,7,8,8,24,5
Cluster_0886	OG0000052	35,16,10,25,6,28,14,34,1,21,20,119,23
Cluster_0890	OG0000572	5,4,8,2,1,7,3,6,4,6,5,27,7
Cluster_0896	OG0000079	16,12,39,9,3,15,10,19,6,10,12,97,17
Cluster_0898	OG0019489	1
Cluster_0906	OG0002559	1,3,4,4,1,3,2,3,2,2,2,12,2
Cluster_0909	OG0000241	7,8,17,6,6,8,6,15,12,6,6,28,11
Cluster_0908	OG0011069	1,2,1,1,1,4,1,1,1,3,1
Cluster_0909	OG0000241	7,8,17,6,6,8,6,15,12,6,6,28,11
Cluster_0913	OG0015138	1,1,1,1,1,1,2,1,1,3
Cluster_0914	OG0000135	8,12,10,8,3,8,12,36,8,17,13,35,6
Cluster_0915	OG0015609	1,1,1,1,1,1,1,1,3,1
Cluster_0914	OG0000135	8,12,10,8,3,8,12,36,8,17,13,35,6
Cluster_0915	OG0015609	1,1,1,1,1,1,1,1,3,1
Cluster_0920	OG0003359	2,2,2,2,2,2,2,4,3,2,2,8,2
Cluster_0923	OG0000093	17,8,24,21,21,6,29,14,8,6,71,16
Cluster_0927	OG0009156	1,1,1,1,1,1,1,2,2,1,1,3,1
Cluster_0938	OG0000009	71,41,53,36,15,42,45,97,30,59,26,141,38
Cluster_0939	OG0003475	1,2,3,2,2,3,2,5,5,2,2,7,1
Cluster_0940	OG0016104	1,1,2,2,4
Cluster_0941	OG0006132	1,1,2,2,2,3,1,1,4,1,7,1
Cluster_0945	OG0000348	6,6,5,6,5,7,5,9,11,6,6,30,6
Cluster_0948	OG0007247	1,1,2,1,2,2,6,2,3,3,1
Cluster_0962	OG0011889	2,4,3,5,3,2
Cluster_0969	OG0000542	5,4,4,7,3,6,6,12,1,6,6,22,5
Cluster_0971	OG0000072	19,14,18,17,6,12,14,30,9,15,18,76,16
Cluster_0974	OG0006894	2,2,1,1,1,2,2,3,1,2,1,4,1
Cluster_0976	OG0000950	3,2,12,2,3,5,2,7,4,2,2,17,2
Cluster_0981	OG0001557	2,2,6,3,3,2,2,5,4,2,2,11,2
Cluster_0983	OG0012022	1,1,2,1,1,1,1,2,1,1,1,3,1
Cluster_0985	OG0002981	4,2,1,2,1,3,6,4,4,8,4
Cluster_0987	OG0000367	10,7,11,4,2,3,5,7,6,4,4,30,13
Cluster_0990	OG0000648	3,3,9,6,2,5,4,6,6,4,3,26,3
Cluster_0991	OG0003486	1,1,2,6,1,3,3,1,2,4,3
Cluster_0993	OG0011814	1,1,1,1,1,2,1,2,1,1,1,3,1
Cluster_0994	OG0004709	1,2,5,1,1,2,1,3,1,1,1,11,1
Cluster_0995	OG0000199	15,8,8,6,7,5,8,18,8,10,12,31,16
Cluster_0998	OG0000136	11,11,7,12,6,18,14,28,4,14,12,33,11
Cluster_0999	OG0005092	1,2,2,2,3,5,1,1,13,1
Cluster_0998	OG0000136	11,11,7,12,6,18,14,28,4,14,12,33,11
Cluster_0999	OG0005092	1,2,2,2,3,5,1,1,13,1
Cluster_1002	OG0000046	53,15,26,13,16,12,34,11,24,17,117,29
Cluster_1003	OG0000173	9,5,13,10,7,15,11,19,6,11,7,40,16
Cluster_1292	OG0002230	2,2,2,2,1,2,2,3,2,3,2,21,2
Cluster_1232	OG0001107	3,1,3,1,2,1,3,6,2,6,5,18,4
Cluster_1233	OG0000033	32,4,57,16,5,16,9,30,7,5,10,211,28
Cluster_1242	OG0000005	109,49,79,53,4,69,66,147,24,86,71,369,93
Cluster_1251	OG0000175	13,9,8,7,5,9,10,20,2,10,10,49,9
Cluster_1263	OG0003321	1,2,2,1,2,4,3,3
Cluster_1264	OG0016899	2,1,3
Cluster_1263	OG0003321	1,2,2,1,2,4,3,3
Cluster_1264	OG0016899	2,1,3
Cluster_1263	OG0003321	1,2,2,1,2,4,3,3
Cluster_1266	OG0001261	2,1,2,5,2,3,4,9,1,9,7,7,2
Cluster_1270	OG0000398	13,34,13,21
Cluster_1272	OG0000398	13,34,13,21
Cluster_1275	OG0000864	11,2,2,2,3,11,2,5,4,21,6
Cluster_1278	OG0000389	9,1,14,3,2,5,4,19,4,4,2,29,9
Cluster_1276	OG0000927	3,2,1,3,4,8,13,1,10,3,12,5
Cluster_1278	OG0000389	9,1,14,3,2,5,4,19,4,4,2,29,9
Cluster_1275	OG0000864	11,2,2,2,3,11,2,5,4,21,6
Cluster_1074	OG0001611	3,1,2,3,2,4,3,5,4,3,3,14,3
Cluster_1084	OG0005306	1,2,2,2,2,2,3,2,3,3,3,1
Cluster_1087	OG0000295	4,6,6,6,6,8,7,17,12,8,7,18,3
Cluster_1089	OG0000432	8,6,7,6,5,8,4,15,3,3,6,20,8
Cluster_1114	OG0015520	4,2,1,4
Cluster_1121	OG0010200	1,1,1,2,1,1,1,2,2,1,1,5
Cluster_1153	OG0014113	1,1,1,1,1,1,1,2,1,1,3,1
Cluster_1156	OG0016938	1,2,1
Cluster_1162	OG0007571	1,1,3,1,1,2,1,6,1,1,1,4,1
Cluster_1183	OG0010353	1,1,1,1,11,2
Cluster_1185	OG0011406	1,1,2,1,1,1,1,2,2,1,1,3,1
Cluster_1199	OG0001695	1,2,1,7,2,4,2,5,3,2,3,7,2
Cluster_1216	OG0000747	3,5,7,3,1,3,5,8,4,2,3,23,4
Cluster_1228	OG0001300	7,3,6,2,2,2,7,3,19,5
Cluster_1216	OG0000747	3,5,7,3,1,3,5,8,4,2,3,23,4
Cluster_1230	OG0004987	1,1,3,2,1,2,1,2,2,3,2,5,1
Cluster_1231	OG0001172	2,3,10,4,4,3,4,8,3,3,3,11,3
Cluster_1235	OG0003260	1,2,3,2,1,3,2,4,1,2,3,7,2
Cluster_1238	OG0022107	NA
Cluster_1239	OG0018183	1,2
Cluster_1248	OG0001906	3,3,2,5,3,3,3,6,4,3,3,7,2
Cluster_1255	OG0000276	9,16,3,3,2,8,7,27,13,13,21,4
Cluster_1259	OG0002247	4,2,2,2,2,2,2,5,5,2,2,7,3
Cluster_1260	OG0000533	3,4,2,1,5,15,3,6,7,10,13,3
Cluster_1262	OG0017277	1
Cluster_1269	OG0006790	1,1,1,2,1,2,2,4,2,2,5,1
Cluster_1279	OG0001812	5,3,2,3,1,2,3,3,1,4,2,16,5
Cluster_1280	OG0000004	1,9,58,1,18,105,52,1,97,5,163,15
Cluster_1282	OG0000280	18,6,13,9,4,4,2,1,6,3,45,21
Cluster_1280	OG0000004	1,9,58,1,18,105,52,1,97,5,163,15
Cluster_1283	OG0001809	3,3,3,3,1,5,3,4,4,3,15,3
Cluster_1289	OG0000867	4,3,8,2,4,5,10,4,4,17,4
Cluster_1294	OG0000004	1,9,58,1,18,105,52,1,97,5,163,15
Cluster_1071	OG0013583	1,1,1,1,1,1,3,1,1,1,3,1
Cluster_1075	OG0007745	1,4,3,1,1,1,3,1,1,1,4,1
Cluster_1077	OG0002916	1,2,4,2,2,2,2,9,2,3,2,8,2
Cluster_1081	OG0019473	NA
Cluster_1090	OG0003372	2,2,2,2,1,2,2,4,3,2,2,11,1
Cluster_1092	OG0005639	1,1,3,4,1,2,2,4,2,2,1,4,1
Cluster_1097	OG0002193	1,7,2,2,1,2,3,7,6,3,4
Cluster_1115	OG0008907	1,1,1,1,1,1,1,2,2,1,1,5,2
Cluster_1118	OG0006249	1,1,5,1,2,2,1,4,2,1,1,4,1
Cluster_1120	OG0016111	NA
Cluster_1123	OG0002413	1,1,2,5,2,1,2,5,2,2,2,14,1
Cluster_1128	OG0001493	1,6,12,1,5
Cluster_1129	OG0024937	1
Cluster_1130	OG0007493	1,1,2,1,1,3,1,2,1,1,1,6,1
Cluster_1138	OG0000017	43,30,53,1,8,31,30,64,25,33,31,166,39
Cluster_1145	OG0009597	1,2,1,2,4,2,2,2
Cluster_1152	OG0011396	1,1,1,1,1,1,2,1,2,3,1
Cluster_1155	OG0000781	8,15,4,5,1,4,6,6,7,11,3
Cluster_1157	OG0003887	8,2,1,4,1,2,2,2,6,3,4
Cluster_1159	OG0002506	1,2,1,2,3,2,3,5,1,6,4,8,1
Cluster_1161	OG0000450	2,7,4,5,3,8,12,12,9,9,9,6,3
Cluster_1164	OG0000358	2,1,3,4,4,7,10,24,1,11,15,7,3
Cluster_1166	OG0000708	4,4,8,5,4,4,4,9,4,4,7,17,2
Cluster_1167	OG0005835	1,2,1,2,2,3,2,2,3,2,2,4
Cluster_1168	OG0000336	11,5,3,2,3,6,9,13,6,9,9,23,7
Cluster_1175	OG0018720	NA
Cluster_1177	OG0000092	13,5,15,20,4,20,7,28,5,12,9,92,11
Cluster_1178	OG0000008	70,25,98,9,8,20,18,150,11,38,26,474,63
Cluster_1176	OG0000010	56,31,76,28,8,16,20,103,16,36,20,244,42
Cluster_1177	OG0000092	13,5,15,20,4,20,7,28,5,12,9,92,11
Cluster_1178	OG0000008	70,25,98,9,8,20,18,150,11,38,26,474,63
Cluster_1179	OG0025498	NA
Cluster_1189	OG0001203	2,3,3,3,2,4,4,6,7,3,3,13,3
Cluster_1191	OG0016675	1,1
Cluster_1192	OG0006327	1,1,1,1,1,1,1,3,1,1,5,1
Cluster_1191	OG0016675	1,1
Cluster_1193	OG0005668	1,1,3,1,1,1,1,1,2,1,1,11,1
Cluster_1195	OG0000999	2,2,6,3,2,5,3,7,3,3,3,21,3
Cluster_1197	OG0002500	2,4,2,1,1,4,2,6,1,3,2,14,1
Cluster_1198	OG0001176	2,1,3,1,2,1,3,6,3,2,2,11,2
Cluster_1200	OG0001044	8,4,3,4,4,4,3,6,3,4,16,3
Cluster_1203	OG0001327	1,2,1,2,2,2,2,12,3,2,2,6,1
Cluster_1205	OG0004675	1,1,2,4,2,2,1,2,1,1,1,10,1
Cluster_1210	OG0000023	3,29,3,3,6,12,26,86,19,29,29,225,23
Cluster_1211	OG0000039	40,17,74,18,2,28,17,32,10,33,17,95,27
Cluster_1215	OG0001022	6,1,6,3,1,2,2,4,1,2,5,25,5
Cluster_1222	OG0011176	1,1,1,1,1,2,1,2,2,1,1,1,1
Cluster_1224	OG0004485	1,1,1,2,1,1,1,5,2,1,1,10,2
Cluster_1225	OG0000587	17,5,5,3,3,2,6,4,6,3,21,12
Cluster_1353	OG0002606	4,1,5,2,1,3,1,2,1,4,3,9,3
Cluster_1439	OG0000004	1,9,58,1,18,105,52,1,97,5,163,15
Cluster_1458	OG0001001	3,2,4,2,2,2,2,5,2,2,36,2
Cluster_1492	OG0009010	1,1,2,1,2,1,1,2,2,1,1,5,1
Cluster_1493	OG0000272	8,5,8,4,2,7,8,13,6,10,9,32,7
Cluster_1492	OG0009010	1,1,2,1,2,1,1,2,2,1,1,5,1
Cluster_1493	OG0000272	8,5,8,4,2,7,8,13,6,10,9,32,7
Cluster_1517	OG0019652	1
Cluster_1534	OG0008549	1,1,3,1,1,1,3,1,1,1,3,1
Cluster_1303	OG0001375	2,5,1,3,3,3,3,7,3,4,4,7,3
Cluster_1320	OG0000184	17,15,1,1,10,1,11,20,1,14,6,37,9
Cluster_1342	OG0001349	1,2,11,3,3,4,2,4,2,3,2,14,2
Cluster_1367	OG0002063	4,2,1,4,1,4,2,6,1,5,11,3
Cluster_1414	OG0000225	8,3,10,5,1,5,8,12,5,6,6,62,7
Cluster_1441	OG0004806	1,2,1,2,1,1,4,1,1,1,13,2
Cluster_1442	OG0025364	NA
Cluster_1450	OG0000005	109,49,79,53,4,69,66,147,24,86,71,369,93
Cluster_1451	OG0008561	1,1,1,1,1,2,1,4,1,1,1,3,1
Cluster_1456	OG0000252	7,6,15,15,6,10,8,16,8,7,5,21,7
Cluster_1457	OG0000009	71,41,53,36,15,42,45,97,30,59,26,141,38
Cluster_1459	OG0002277	3,4,2,5,4,4,2,9,1,2,1,9
Cluster_1460	OG0006672	1,2,4,1,1,1,1,5,3,1,1,4
Cluster_1462	OG0000004	1,9,58,1,18,105,52,1,97,5,163,15
Cluster_1463	OG0020516	NA
Cluster_1464	OG0005635	1,1,4,4,1,1,1,3,1,1,1,9,1
Cluster_1467	OG0000186	7,5,36,11,5,7,6,11,7,7,9,35,7
Cluster_1469	OG0009225	1,1,2,2,1,1,1,2,2,1,1,3,1
Cluster_1472	OG0006135	1,1,2,3,1,1,1,2,1,1,1,3,1
Cluster_1473	OG0006307	1,1,4,1,2,1,3,1,2,9,1
Cluster_1474	OG0000039	40,17,74,18,2,28,17,32,10,33,17,95,27
Cluster_1479	OG0009975	1,1,1,1,1,1,2,1,1,1,3,1
Cluster_1480	OG0000717	4,1,4,6,1,5,4,15,1,7,8,17,3
Cluster_1486	OG0000474	6,3,8,3,2,2,7,17,3,10,8,16,6
Cluster_1491	OG0007768	1,3,2,1,1,2,2,2,2,2,5
Cluster_1494	OG0003751	2,1,4,2,1,3,3,4,2,2,2,7,2
Cluster_1496	OG0008864	1,1,1,1,1,1,1,4,2,1,2,4,1
Cluster_1499	OG0007522	1,1,4,1,1,3,1,2,1,1,1,3,1
Cluster_1506	OG0009579	1,1,1,1,1,3,2,1,1,9
Cluster_1510	OG0001022	6,1,6,3,1,2,2,4,1,2,5,25,5
Cluster_1514	OG0025091	NA
Cluster_1519	OG0000336	11,5,3,2,3,6,9,13,6,9,9,23,7
Cluster_1522	OG0000105	16,7,7,20,11,14,9,28,9,15,19,39,9
Cluster_1523	OG0000883	2,3,2,2
Cluster_1527	OG0003313	2,1,6,1,1,1,1,5,3,1,1,9,3
Cluster_1529	OG0001243	2,2,6,7,2,5,2,4,1,2,2,19,2
Cluster_1531	OG0002185	2,2,10,1,1,1,1,2,1,1,1,20,2
Cluster_1533	OG0001697	2,2,3,4,2,3,2,5,4,2,2,15,2
Cluster_1296	OG0000005	109,49,79,53,4,69,66,147,24,86,71,369,93
Cluster_1300	OG0005939	2,2,3,1,2,1,1,2,1,1,1,8,2
Cluster_1310	OG0005061	1,1,6,3,1,1,1,4,1,1,1,7,1
Cluster_1311	OG0004257	1,2,2,4,1,1,3,3,2,3,2,6,1
Cluster_1313	OG0000080	23,13,33,16,1,10,16,21,7,18,11,76,20
Cluster_1314	OG0001494	4,2,9,2,2,2,2,4,4,2,2,15,3
Cluster_1316	OG0000048	25,20,21,13,1,25,29,51,12,23,26,64,15
Cluster_1317	OG0018077	1,1,1,1
Cluster_1319	OG0011910	3,2,4,1,4,1,1,1
Cluster_1322	OG0000083	12,7,63,11,12,12,7,28,21,7,7,47,12
Cluster_1323	OG0009460	1,1,2,1,1,1,1,2,1,1,1,3,1
Cluster_1324	OG0006284	1,2,2,1,1,1,1,2,2,1,1,9,1
Cluster_1326	OG0003112	1,1,5,1,1,1,4,1,2,1,16,2
Cluster_1327	OG0000188	14,9,13,5,8,25,27,1,13,5,34,5
Cluster_1335	OG0001493	1,6,12,1,5
Cluster_1338	OG0016673	1,1,1,1,1,1,1
Cluster_1339	OG0001429	2,3,1,2,2,7,3,13,3,3,3,7,2
Cluster_1343	OG0000190	11,8,12,8,8,11,11,20,10,10,10,22,11
Cluster_1349	OG0000170	5,9,11,10,3,10,9,21,12,10,11,35,7
Cluster_1351	OG0001035	4,4,3,3,3,2,4,9,3,4,5,15,4
Cluster_1352	OG0015837	1,2,1,2,2,2
Cluster_1355	OG0004569	2,1,7,3,9,1,4,3
Cluster_1356	OG0001278	5,4,1,3,2,7,5,7,1,6,4,7
Cluster_1358	OG0003838	3,2,1,2,2,2,2,4,2,2,2,7,3
Cluster_1365	OG0006863	2,1,2,1,2,1,3,1,1,11
Cluster_1373	OG0009554	1,1,4,1,1,1,1,2,1,1,1,5,1
Cluster_1375	OG0000194	20,8,9,10,12,7,11,8,10,8,33,14
Cluster_1379	OG0006314	1,2,1,1,1,1,2,4,1,2,2,4,1
Cluster_1380	OG0002574	2,1,1,2,2,2,3,6,3,2,2,11,2
Cluster_1383	OG0000473	5,6,10,11,3,4,5,8,5,5,29,5
Cluster_1392	OG0003309	1,3,1,5,1,3,2,4,1,7,2,5,1
Cluster_1399	OG0001122	4,4,2,2,1,3,5,10,2,4,1,20,3
Cluster_1400	OG0000569	3,4,2,3,6,5,10,5,6,10,13,4
Cluster_1404	OG0001055	4,2,4,7,2,4,3,5,1,2,3,18,3
Cluster_1406	OG0002917	2,2,5,2,2,2,2,4,2,2,2,10,2
Cluster_1413	OG0001449	1,1,1,2,2,3,5,18,7,6,3,2
Cluster_1417	OG0025946	NA
Cluster_1420	OG0000235	4,8,6,7,5,10,10,23,14,10,10,24,3
Cluster_1421	OG0008943	2,1,4,4,2,6,3
Cluster_1425	OG0006195	2,1,2,2,1,1,1,2,1,1,2,8,2
Cluster_1424	OG0001915	2,3,3,3,2,3,3,7,2,3,3,9,2
Cluster_1426	OG0001289	3,3,5,3,4,5,4,8,5,4,4,6,3
Cluster_1425	OG0006195	2,1,2,2,1,1,1,2,1,1,2,8,2
Cluster_1424	OG0001915	2,3,3,3,2,3,3,7,2,3,3,9,2
Cluster_1426	OG0001289	3,3,5,3,4,5,4,8,5,4,4,6,3
Cluster_1427	OG0015508	2,4,2,2,1
Cluster_1436	OG0011341	1,1,1,2,1,2,1,2,1,1,1,4,1
Cluster_1437	OG0000083	12,7,63,11,12,12,7,28,21,7,7,47,12
Cluster_1587	OG0003843	1,2,2,1,2,1,2,4,2,2,3,11,1
Cluster_1677	OG0001047	5,2,4,2,2,4,2,5,4,2,2,24,5
Cluster_1683	OG0011646	1,1,3,1,1,1,1,2,1,1,1,4
Cluster_1709	OG0000048	25,20,21,13,1,25,29,51,12,23,26,64,15
Cluster_1716	OG0000001	201,117,250,155,18,131,130,340,126,157,118,674,173
Cluster_1722	OG0000391	4,5,8,3,1,4,8,17,2,10,11,17,4
Cluster_1733	OG0000092	13,5,15,20,4,20,7,28,5,12,9,92,11
Cluster_1614	OG0005652	1,10,1,1,4,2,1,2,2,2
Cluster_1610	OG0002563	2,1,6,1,1,1,1,1,2,2,2,23,1
Cluster_1614	OG0005652	1,10,1,1,4,2,1,2,2,2
Cluster_1659	OG0008382	4,1,1,2,13,2
Cluster_1665	OG0007090	1,1,2,1,1,1,2,1,1,2,1
Cluster_1666	OG0004302	1,1,3,2,1,1,1,2,1,1,1,8,1
Cluster_1665	OG0007090	1,1,2,1,1,1,2,1,1,2,1
Cluster_1669	OG0010874	1,1,2,2,1,1,1,2,1,1,1,4,1
Cluster_1674	OG0020700	NA
Cluster_1675	OG0000007	62,44,150,57,9,49,54,165,48,42,39,222,59
Cluster_1676	OG0001932	1,1,4,8,3,11,2,3,2,1
Cluster_1680	OG0014253	2,2,1,2,1,2,2,1,1
Cluster_1682	OG0000054	24,15,23,14,2,20,18,42,8,22,15,103,16
Cluster_1685	OG0000011	50,26,63,35,17,38,43,94,24,35,21,155,55
Cluster_1686	OG0000785	6,5,1,1,2,3,7,7,4,8,5,18,8
Cluster_1687	OG0007212	1,1,1,2,1,2,1,2,2,1,1,8
Cluster_1690	OG0012485	1,1,1,1,1,1,1,2,1,1,4,1
Cluster_1691	OG0000126	16,5,11,4,3,3,5,9,6,5,6,110,15
Cluster_1692	OG0007647	1,1,2,2,1,3,1,2,2,1,1,2,1
Cluster_1693	OG0001093	3,4,3,4,3,4,5,9,2,5,5,12,1
Cluster_1692	OG0007647	1,1,2,2,1,3,1,2,2,1,1,2,1
Cluster_1693	OG0001093	3,4,3,4,3,4,5,9,2,5,5,12,1
Cluster_1694	OG0001562	4,2,4,1,1,2,3,6,3,3,5,14,3
Cluster_1696	OG0004109	2,2,1,4,2,5,2,2,12,1
Cluster_1699	OG0000371	11,6,11,5,3,3,4,5,2,3,9,35,15
Cluster_1700	OG0000467	4,2,8,4,1,2,7,20,1,10,9,16,5
Cluster_1701	OG0000145	7,8,16,16,7,9,8,19,13,8,9,38,4
Cluster_1703	OG0000844	8,2,3,3,2,3,6,8,6,3,22,8
Cluster_1706	OG0014776	1
Cluster_1711	OG0008436	1,1,2,1,1,1,2,2,1,1,4,1
Cluster_1712	OG0002725	2,3,2,2,2,2,2,4,1,2,2,13,1
Cluster_1715	OG0003538	2,2,1,2,2,3,2,5,3,2,2,5,2
Cluster_1717	OG0001932	1,1,4,8,3,11,2,3,2,1
Cluster_1721	OG0010755	1,1,2,1,1,1,1,3,1,1,1,4,1
Cluster_1723	OG0000228	2,1,2,11,7,17,7,41,8,17,13,5
Cluster_1726	OG0000429	4,4,7,5,3,5,7,10,5,7,8,22,7
Cluster_1728	OG0000498	12,2,1,4,2,3,4,12,2,7,4,27,6
Cluster_1729	OG0018724	1
Cluster_1730	OG0005501	1,1,5,1,1,1,1,4,1,1,1,8,1
Cluster_1731	OG0005878	1,1,2,1,2,2,3,4,2,2,1,5
Cluster_1734	OG0000792	7,4,7,4,2,6,2,7,3,3,5,21,3
Cluster_1735	OG0000468	6,5,4,4,2,5,5,11,2,9,5,33,7
Cluster_1736	OG0001945	1,1,2,2,1,1,1,2,1,1,2,1
Cluster_1735	OG0000468	6,5,4,4,2,5,5,11,2,9,5,33,7
Cluster_1736	OG0001945	1,1,2,2,1,1,1,2,1,1,2,1
Cluster_1735	OG0000468	6,5,4,4,2,5,5,11,2,9,5,33,7
Cluster_1737	OG0006958	1,1,2,2,1,2,1,2,3,1,1,6,1
Cluster_1738	OG0012497	1,1,1,1,1,2,2,1,1,4,2
Cluster_1737	OG0006958	1,1,2,2,1,2,1,2,3,1,1,6,1
Cluster_1738	OG0012497	1,1,1,1,1,2,2,1,1,4,2
Cluster_1740	OG0001287	3,4,1,4,2,3,4,8,6,4,3,9,3
Cluster_1742	OG0000755	5,4,4,3,6,6,7,7,4,4,20,3
Cluster_1743	OG0000285	17,6,3,6,2,5,2,20,2,4,9,36,8
Cluster_1745	OG0008763	1,1,2,1,1,2,1,3,1,1,1,3,1
Cluster_1542	OG0003870	1,1,3,2,4,2,2,9,2,2,1,3,1
Cluster_1546	OG0006579	1,2,2,3,1,1,1,2,1,1,1,5,1
Cluster_1547	OG0011733	1,1,1,1,1,1,2,2,1,1,5
Cluster_1557	OG0000121	13,8,14,11,1,13,13,19,4,11,15,62,14
Cluster_1565	OG0000114	26,11,6,8,1,6,9,28,6,16,15,50,10
Cluster_1566	OG0000632	2,3,5,3,3,3,4,8,4,4,4,32,3
Cluster_1567	OG0001218	3,2,3,5,3,3,3,3,4,3,5,15,3
Cluster_1570	OG0000019	35,41,31,33,29,33,87,27,34,35,100,33
Cluster_1572	OG0007945	1,1,4,1,2,1,1,2,2,1,1,4
Cluster_1574	OG0009713	1,1,1,3,5,1,3,2,2
Cluster_1577	OG0005618	1,1,2,1,1,1,1,4,1,1,2,8,1
Cluster_1579	OG0001967	1,4,6,2,2,2,2,4,3,3,3,15,1
Cluster_1581	OG0001112	2,2,1,10,2,14,3,11,2,6,9,1
Cluster_1584	OG0002809	2,2,3,2,2,3,2,4,2,2,2,9,2
Cluster_1585	OG0003429	2,2,2,4,2,5,2,5,2,2,1,5,2
Cluster_1586	OG0001493	1,6,12,1,5
Cluster_1590	OG0002405	2,2,1,3,2,2,2,5,1,3,2,11,1
Cluster_1595	OG0000703	4,4,6,6,4,7,4,7,3,4,6,13,3
Cluster_1596	OG0002885	4,2,3,1,3,2,2,3,3,2,11,4
Cluster_1598	OG0000004	1,9,58,1,18,105,52,1,97,5,163,15
Cluster_1599	OG0001166	3,6,4,1,2,1,4,8,1,4,3,18,4
Cluster_1603	OG0002591	3,1,1,5,2,5,3,4,2,3,3,7,2
Cluster_1605	OG0000499	4,4,5,6,4,5,7,15,5,8,7,17,3
Cluster_1607	OG0002447	2,1,9,5,1,1,2,4,1,3,1,11,3
Cluster_1615	OG0000461	3,5,1,14,2,6,14,18,14,3,2,1
Cluster_1616	OG0002511	2,2,4,4,2,2,2,4,4,2,2,10,1
Cluster_1617	OG0003380	1,3,2,2,2,2,2,4,2,2,2,9,1
Cluster_1616	OG0002511	2,2,4,4,2,2,2,4,4,2,2,10,1
Cluster_1617	OG0003380	1,3,2,2,2,2,2,4,2,2,2,9,1
Cluster_1619	OG0000158	1,3,1,2,15,5,25,4,11
Cluster_1620	OG0003260	1,2,3,2,1,3,2,4,1,2,3,7,2
Cluster_1621	OG0000148	9,10,14,7,8,13,10,18,15,8,7,41,9
Cluster_1622	OG0000007	62,44,150,57,9,49,54,165,48,42,39,222,59
Cluster_1630	OG0000533	3,4,2,1,5,15,3,6,7,10,13,3
Cluster_1632	OG0000358	2,1,3,4,4,7,10,24,1,11,15,7,3
Cluster_1635	OG0001065	3,2,4,5,1,1,2,4,3,2,2,28,1
Cluster_1641	OG0002859	1,2,2,2,1,2,2,4,2,2,3,6,1
Cluster_1645	OG0000878	3,3,5,3,3,4,4,11,4,4,4,11,3
Cluster_1649	OG0001571	4,1,1,1,1,4,3,10,5,4,16,3
Cluster_1650	OG0000737	7,3,7,4,2,3,3,7,3,3,4,19,5
Cluster_1652	OG0001688	2,3,5,2,1,3,3,6,5,4,4,7,2
Cluster_1655	OG0000184	17,15,1,1,10,1,11,20,1,14,6,37,9
Cluster_1664	OG0020535	NA
Cluster_1943	OG0000186	7,5,36,11,5,7,6,11,7,7,9,35,7
Cluster_1800	OG0003608	1,2,5,1,2,4,3,5,2,2,1,5,2
Cluster_1847	OG0000469	6,3,2,6,2,9,5,5,2,6,3,43,6
Cluster_1882	OG0000130	55,11,6,7,5,4,4,5,6,5,67,31
Cluster_1888	OG0000388	6,2,5,6,3,10,6,7,2,15,14,19,8
Cluster_1895	OG0003162	2,1,1,2,1,2,2,2,2,4,9,3
Cluster_1899	OG0000086	9,18,11,2,13,21,76,10,36,31,17,9
Cluster_1900	OG0008241	1,3,2,1
Cluster_1908	OG0000414	8,4,8,9,4,6,4,6,4,6,5,27,10
Cluster_1914	OG0008241	1,3,2,1
Cluster_1915	OG0007430	1,1,1,1,2,1,3,2,1,1,3,1
Cluster_1914	OG0008241	1,3,2,1
Cluster_1915	OG0007430	1,1,1,1,2,1,3,2,1,1,3,1
Cluster_1914	OG0008241	1,3,2,1
Cluster_1915	OG0007430	1,1,1,1,2,1,3,2,1,1,3,1
Cluster_1914	OG0008241	1,3,2,1
Cluster_1923	OG0000613	3,3,13,4,3,4,3,7,4,3,3,25,2
Cluster_1927	OG0004151	4,2,3,3,1,1,1,1,16,1
Cluster_1929	OG0002676	3,2,2,2,2,1,2,4,1,2,2,12,1
Cluster_1930	OG0003543	2,2,2,2,2,1,2,9,1,3,1,6,1
Cluster_1932	OG0000135	8,12,10,8,3,8,12,36,8,17,13,35,6
Cluster_1938	OG0000733	8,7,3,2,1,2,6,10,7,7,13,5
Cluster_1764	OG0001700	3,2,11,2,1,2,2,5,4,3,2,13,2
Cluster_1782	OG0000012	98,22,24,12,3,14,26,71,4,40,36,236,66
Cluster_1784	OG0009171	1,1,2,1,1,1,2,2,3,1,1,2,1
Cluster_1814	OG0002977	1,2,2,1,3,5,13,1,5,3,1
Cluster_1827	OG0001652	1,1,4,1,1,2,2,4,5,2,3,19,1
Cluster_1842	OG0000223	14,5,5,4,3,3,12,27,4,9,10,39,5
Cluster_1876	OG0001902	2,4,2,3,2,5,3,8,3,3,3,5,3
Cluster_1880	OG0000398	13,34,13,21
Cluster_1886	OG0011433	3,1,1,1,1,1,1,1,6
Cluster_1892	OG0017617	1,1,1
Cluster_1901	OG0000026	50,34,13,20,6,13,22,53,2,24,30,198,34
Cluster_1903	OG0000932	3,2,5,3,3,2,4,8,1,5,3,21,8
Cluster_1904	OG0001851	6,3,2,5,2,3,6,1,3,6,8,4
Cluster_1905	OG0000019	35,41,31,33,29,33,87,27,34,35,100,33
Cluster_1909	OG0004570	1,1,2,2,4,3,5,1,3,4,1,3
Cluster_1912	OG0000257	6,8,11,11,9,7,11,6,7,10,34,7
Cluster_1916	OG0025326	NA
Cluster_1919	OG0000146	21,14,9,6,3,13,9,13,6,7,6,61,18
Cluster_1921	OG0009177	1,2,2,1,1,1,1,2,2,1,1,5,1
Cluster_1928	OG0000004	1,9,58,1,18,105,52,1,97,5,163,15
Cluster_1935	OG0000952	2,1,7,3,4,7,2,12,6,4,2,13,2
Cluster_1939	OG0003716	1,1,12,3,1,1,1,4,2,1,1,8,1
Cluster_1751	OG0001835	3,2,3,2,2,2,3,7,1,5,4,11,2
Cluster_1756	OG0004292	2,2,1,2,2,1,2,4,3,2,2,7,2
Cluster_1757	OG0022030	NA
Cluster_1763	OG0000443	4,6,3,1,6,6,9,16,11,10,7,15,1
Cluster_1768	OG0004413	2,1,1,5,11,1,4,7
Cluster_1767	OG0005868	1,1,2,3,1,1,1,4,1,2,1,7,1
Cluster_1768	OG0004413	2,1,1,5,11,1,4,7
Cluster_1767	OG0005868	1,1,2,3,1,1,1,4,1,2,1,7,1
Cluster_1769	OG0001094	3,3,4,3,3,11,6,9,2,4,3,12,2
Cluster_1768	OG0004413	2,1,1,5,11,1,4,7
Cluster_1769	OG0001094	3,3,4,3,3,11,6,9,2,4,3,12,2
Cluster_1773	OG0015545	2,1,1,1,3,2,1
Cluster_1780	OG0000313	11,4,6,3,3,4,6,15,3,9,6,31,14
Cluster_1781	OG0000081	23,7,2,11,6,11,5,15,9,7,9,123,26
Cluster_1786	OG0003632	2,1,7,1,1,3,1,4,2,3,2,7,2
Cluster_1788	OG0000557	11,7,2,1,2,1,8,12,1,6,6,17,5
Cluster_1802	OG0000874	4,4,6,4,3,4,4,9,3,4,3,17,4
Cluster_1803	OG0005441	1,5,1,1,1,1,6,2,5,2
Cluster_1805	OG0000641	9,4,7,1,2,2,3,7,1,4,4,26,10
Cluster_1806	OG0000150	42,10,10,3,3,1,6,8,1,7,4,61,19
Cluster_1808	OG0000663	3,3,1,3,2,4,6,16,4,9,7,16,4
Cluster_1813	OG0001325	5,4,4,2,3,2,4,2,2,2,22,1
Cluster_1820	OG0005751	1,2,2,3,2,1,2,4,1,1,2,4,1
Cluster_1824	OG0003292	2,2,2,3,1,2,2,2,4,2,2,9,1
Cluster_1826	OG0000299	3,7,6,8,6,10,4,14,10,9,13,18,6
Cluster_1832	OG0000324	6,3,17,5,8,9,6,10,5,7,5,31,5
Cluster_1833	OG0000507	6,4,6,7,3,5,4,9,5,4,5,23,6
Cluster_1835	OG0000518	8,6,11,6,4,4,8,5,5,9,19,7
Cluster_1836	OG0005819	1,1,5,2,1,1,1,3,1,1,1,6,1
Cluster_1835	OG0000518	8,6,11,6,4,4,8,5,5,9,19,7
Cluster_1838	OG0001677	2,1,1,2,2,3,3,5,5,6,4,14,1
Cluster_1839	OG0001125	5,3,2,3,1,3,3,9,3,7,5,13,5
Cluster_1843	OG0001947	2,2,1,2,1,3,3,9,4,2,2,8,2
Cluster_1844	OG0013306	1,1,1,1,1,2,1,1,1,3,1
Cluster_1843	OG0001947	2,2,1,2,1,3,3,9,4,2,2,8,2
Cluster_1844	OG0013306	1,1,1,1,1,2,1,1,1,3,1
Cluster_1849	OG0006038	1,2,1,2,1,2,1,1,1,3
Cluster_1850	OG0000684	3,3,7,5,2,6,4,9,4,5,3,21,3
Cluster_1849	OG0006038	1,2,1,2,1,2,1,1,1,3
Cluster_1850	OG0000684	3,3,7,5,2,6,4,9,4,5,3,21,3
Cluster_1851	OG0001639	6,2,4,3,1,3,1,6,1,4,1,12,7
Cluster_1855	OG0013468	1,2,1,1,1,1,2,1,1,3
Cluster_1856	OG0016082	1,1,1,2,1,1,3,1
Cluster_1858	OG0002216	3,2,1,2,2,2,3,6,4,3,4,9,2
Cluster_1859	OG0016655	1,1,1,1,3,1,1
Cluster_1860	OG0014185	1,2,2,3,6,1
Cluster_1861	OG0022023	NA
Cluster_1859	OG0016655	1,1,1,1,3,1,1
Cluster_1860	OG0014185	1,2,2,3,6,1
Cluster_1861	OG0022023	NA
Cluster_1867	OG0000268	5,12,7,8,2,10,8,16,7,9,7,31,3
Cluster_1870	OG0010393	1,1,2,2,1,1,1,3,1,1,1,3,1
Cluster_1869	OG0013292	1,1,2,1,1,1,2,1,1,4,1
Cluster_1870	OG0010393	1,1,2,2,1,1,1,3,1,1,1,3,1
Cluster_1869	OG0013292	1,1,2,1,1,1,2,1,1,4,1
Cluster_1875	OG0000017	43,30,53,1,8,31,30,64,25,33,31,166,39
Cluster_1877	OG0012607	1,1,1,1,1,1,2,1,1,1,5
Cluster_2073	OG0008365	1,3,1,2,1,1,3,2,1,2,5,1
Cluster_2087	OG0016428	1,2,1,2,2
Cluster_2106	OG0009050	1,1,4,1,1,2,1,2,2,1,1,1,2
Cluster_2113	OG0013341	1,1,1,1,1,1,1,2,1,1,1,4
Cluster_2063	OG0002070	1,1,9,4,1,1,5,7,2,2,4,5
Cluster_2074	OG0007735	3,1,2,1,2,2,2,2,2,3
Cluster_2077	OG0000004	1,9,58,1,18,105,52,1,97,5,163,15
Cluster_2080	OG0001638	2,2,10,3,1,2,1,3,4,2,2,17,1
Cluster_2092	OG0003385	1,1,3,6,1,1,1,3,2,1,1,11,1
Cluster_2099	OG0025827	1
Cluster_2100	OG0000661	9,2,7,5,2,1,2,6,2,3,5,24,9
Cluster_2101	OG0000949	6,3,4,2,2,3,3,8,4,5,4,14,7
Cluster_2103	OG0000035	47,11,30,29,10,20,14,45,8,16,21,150,24
Cluster_2101	OG0000949	6,3,4,2,2,3,3,8,4,5,4,14,7
Cluster_2103	OG0000035	47,11,30,29,10,20,14,45,8,16,21,150,24
Cluster_2107	OG0000341	6,6,2,2,1,7,9,14,4,10,5,33,6
Cluster_2112	OG0014405	1,1,1,1,2,2,2,1,3
Cluster_2114	OG0002809	2,2,3,2,2,3,2,4,2,2,2,9,2
Cluster_1953	OG0010414	1,1,1,2,1,2,1,2,1,1,1,4,1
Cluster_1956	OG0003714	1,2,5,1,2,2,2,4,3,2,2,7,1
Cluster_1957	OG0000964	3,4,4,6,4,4,4,7,4,4,4,10,3
Cluster_1960	OG0003601	3,2,1,3,5,3,2,11
Cluster_1961	OG0001150	4,3,5,5,1,3,3,9,1,4,3,14,4
Cluster_1962	OG0001600	9,2,9,2,1,1,24
Cluster_1961	OG0001150	4,3,5,5,1,3,3,9,1,4,3,14,4
Cluster_1962	OG0001600	9,2,9,2,1,1,24
Cluster_1961	OG0001150	4,3,5,5,1,3,3,9,1,4,3,14,4
Cluster_1962	OG0001600	9,2,9,2,1,1,24
Cluster_1968	OG0002859	1,2,2,2,1,2,2,4,2,2,3,6,1
Cluster_1975	OG0001834	1,2,2,2,2,2,3,6,6,3,4,12,1
Cluster_1985	OG0000705	2,3,10,5,3,6,4,9,5,4,4,16,3
Cluster_1986	OG0017236	1,2
Cluster_1987	OG0008320	1,1,1,2,1,1,2,2,1,2,5,1
Cluster_1988	OG0000371	11,6,11,5,3,3,4,5,2,3,9,35,15
Cluster_1989	OG0000145	7,8,16,16,7,9,8,19,13,8,9,38,4
Cluster_1990	OG0005973	1,1,2,1,1,2,1,3,2,1,2,3,1
Cluster_1991	OG0000956	2,1,14,26,1,2
Cluster_1996	OG0002031	1,5,5,2,5,5,3,6,7,1,1
Cluster_1997	OG0021798	1,1
Cluster_1998	OG0000036	25,16,74,40,10,12,21,39,24,21,27,72,23
Cluster_1999	OG0010591	1,1,1,2,1,1,2,1,1,6,1
Cluster_2000	OG0000836	1,9,1,3,2,5,7,15,1,3,5,14,4
Cluster_2002	OG0005525	3,1,1,1,1,2,1,2,2,2,2,5,1
Cluster_2005	OG0000072	19,14,18,17,6,12,14,30,9,15,18,76,16
Cluster_2006	OG0011677	1,1,1,1,1,1,1,2,1,1,4,1
Cluster_2012	OG0000259	12,4,16,6,4,10,7,14,3,9,6,33,11
Cluster_2014	OG0001853	1,2,9,3,2,4,2,6,2,2,2,6,4
Cluster_2015	OG0001635	5,4,2,3,2,5,8,1,5,2,10,2
Cluster_2019	OG0000001	201,117,250,155,18,131,130,340,126,157,118,674,173
Cluster_2021	OG0000348	6,6,5,6,5,7,5,9,11,6,6,30,6
Cluster_2022	OG0011441	1,1,1,2,1,1,1,2,1,1,1,3,1
Cluster_2023	OG0009011	1,1,1,1,3,1,2,1,2,2,3
Cluster_2024	OG0000009	71,41,53,36,15,42,45,97,30,59,26,141,38
Cluster_2029	OG0000786	10,1,4,2,3,1,4,7,2,5,4,23,4
Cluster_2034	OG0001653	2,2,2,4,3,2,5,1,2,3,10,2
Cluster_2035	OG0000004	1,9,58,1,18,105,52,1,97,5,163,15
Cluster_2038	OG0006811	3,1,1,3,5,2,2
Cluster_2041	OG0000839	4,4,3,5,4,4,6,7,7,12,3
Cluster_2045	OG0002559	1,3,4,4,1,3,2,3,2,2,2,12,2
Cluster_2052	OG0004736	1,1,3,1,3,1,2,2,1,1,12,1
Cluster_2053	OG0004144	1,1,6,3,2,1,2,5,2,2,3,1
Cluster_2059	OG0009301	1,1,1,1,2,2,4,2,1,2,3
Cluster_2060	OG0001290	3,4,2,1,1,3,3,8,5,2,4,12,3
Cluster_2231	OG0000336	11,5,3,2,3,6,9,13,6,9,9,23,7
Cluster_2241	OG0003711	8,2,1,1,2,1,2,4,2,2,8,2
Cluster_2246	OG0000004	1,9,58,1,18,105,52,1,97,5,163,15
Cluster_2276	OG0000163	11,9,17,10,5,9,11,19,10,14,12,36,11
Cluster_2294	OG0000094	31,16,8,4,4,11,17,6,19,102,13
Cluster_2295	OG0002846	1,3,2,4,17,5,5,5
Cluster_2131	OG0015240	1,1,1,1,1,1,1,1,1,1,3,1
Cluster_2143	OG0000884	4,2,1,3,3,4,8,15,1,6,6,14,3
Cluster_2162	OG0002264	3,3,1,1,2,3,4,1,3,4,13,2
Cluster_2223	OG0000114	26,11,6,8,1,6,9,28,6,16,15,50,10
Cluster_2226	OG0000094	31,16,8,4,4,11,17,6,19,102,13
Cluster_2225	OG0000498	12,2,1,4,2,3,4,12,2,7,4,27,6
Cluster_2226	OG0000094	31,16,8,4,4,11,17,6,19,102,13
Cluster_2227	OG0000094	31,16,8,4,4,11,17,6,19,102,13
Cluster_2229	OG0008937	1,2,1,1,1,3,1,1,3,1
Cluster_2228	OG0010231	1,1,1,1,1,1,1,3,1,1,1,2,1
Cluster_2229	OG0008937	1,2,1,1,1,3,1,1,3,1
Cluster_2228	OG0010231	1,1,1,1,1,1,1,3,1,1,1,2,1
Cluster_2230	OG0000429	4,4,7,5,3,5,7,10,5,7,8,22,7
Cluster_2234	OG0000629	4,4,8,5,2,5,3,9,1,5,4,27,4
Cluster_2235	OG0008937	1,2,1,1,1,3,1,1,3,1
Cluster_2234	OG0000629	4,4,8,5,2,5,3,9,1,5,4,27,4
Cluster_2235	OG0008937	1,2,1,1,1,3,1,1,3,1
Cluster_2234	OG0000629	4,4,8,5,2,5,3,9,1,5,4,27,4
Cluster_2236	OG0000228	2,1,2,11,7,17,7,41,8,17,13,5
Cluster_2238	OG0000434	7,2,9,3,7,5,15,2,7,6,33,6
Cluster_2242	OG0005856	1,1,2,1,1,2,1,2,2,1,1,3
Cluster_2245	OG0010190	1,1,2,1,1,2,1,2,2,1,1,3,1
Cluster_2252	OG0002725	2,3,2,2,2,2,2,4,1,2,2,13,1
Cluster_2253	OG0002802	2,1,5,9,1,2,1,7,2,1,1,8,1
Cluster_2255	OG0000015	2,38,3,17,21,182,7,5,3,115,10
Cluster_2256	OG0000114	26,11,6,8,1,6,9,28,6,16,15,50,10
Cluster_2262	OG0000019	35,41,31,33,29,33,87,27,34,35,100,33
Cluster_2265	OG0003670	2,2,2,2,2,1,3,3,2,2,9,1
Cluster_2269	OG0001981	2,4,1,2,2,2,3,10,4,4,11,1
Cluster_2277	OG0000017	43,30,53,1,8,31,30,64,25,33,31,166,39
Cluster_2284	OG0002414	1,3,2,5,1,6,2,2,2,3,1,13,2
Cluster_2290	OG0012097	1,1,1,1,1,1,1,2,1,1,1,3,1
Cluster_2293	OG0004214	1,1,6,1,1,1,1,3,2,1,1,5,1
Cluster_2296	OG0009052	3,1,2,3,1,1,1,6,2
Cluster_2124	OG0001791	2,2,3,2,2,2,3,6,1,4,4,13,2
Cluster_2125	OG0003948	3,2,2,2,2,2,2,4,2,2,5,2
Cluster_2127	OG0009674	1,1,3,1,1,1,2,2,1,1,1,3,1
Cluster_2133	OG0004878	1,1,1,1,1,2,1,1,2,1,2,14,3
Cluster_2134	OG0000613	3,3,13,4,3,4,3,7,4,3,3,25,2
Cluster_2135	OG0000004	1,9,58,1,18,105,52,1,97,5,163,15
Cluster_2136	OG0005059	1,1,7,1,1,2,1,2,2,2,1,3,1
Cluster_2137	OG0000004	1,9,58,1,18,105,52,1,97,5,163,15
Cluster_2136	OG0005059	1,1,7,1,1,2,1,2,2,2,1,3,1
Cluster_2138	OG0014186	1,1,1,1,1,2,1,1,4,1
Cluster_2139	OG0003195	2,2,2,1,2,1,3,6,1,3,4,4,2
Cluster_2140	OG0014748	1,1,1,1,2,1,3,1,1,3
Cluster_2144	OG0002069	1,2,5,9,1,4,2,5,2,2,2,8,2
Cluster_2150	OG0004198	1,1,7,2,1,1,1,2,1,1,1,8,1
Cluster_2151	OG0000569	3,4,2,3,6,5,10,5,6,10,13,4
Cluster_2152	OG0000569	3,4,2,3,6,5,10,5,6,10,13,4
Cluster_2158	OG0000358	2,1,3,4,4,7,10,24,1,11,15,7,3
Cluster_2161	OG0000302	8,6,8,3,2,5,6,15,4,6,6,40,7
Cluster_2163	OG0000787	1,5,10,4,1,3,4,12,2,6,5,13,3
Cluster_2166	OG0002115	1,2,2,2,1,3,3,6,4,3,3,7,2
Cluster_2168	OG0001844	2,2,11,6,2,2,2,6,2,2,9,2
Cluster_2169	OG0001601	2,7,3,2,3,2,4,3,2,2,16,1
Cluster_2170	OG0002306	1,1,2,1,2,2,1,4,2,1,1,3,1
Cluster_2169	OG0001601	2,7,3,2,3,2,4,3,2,2,16,1
Cluster_2170	OG0002306	1,1,2,1,2,2,1,4,2,1,1,3,1
Cluster_2171	OG0018733	NA
Cluster_2173	OG0005851	4,1,1,1,1,2,1,2,12,2
Cluster_2174	OG0001504	6,1,4,1,1,2,2,3,3,2,1,22,2
Cluster_2175	OG0025478	NA
Cluster_2174	OG0001504	6,1,4,1,1,2,2,3,3,2,1,22,2
Cluster_2177	OG0000702	7,4,4,3,3,3,4,3,2,33,2
Cluster_2182	OG0006334	1,1,1,1,1,1,1,2,2,1,1,4,1
Cluster_2184	OG0003098	2,2,2,3,1,2,3,4,1,7,2
Cluster_2185	OG0012026	3,1,2,1,1,2,2,1,1,3,1
Cluster_2189	OG0014503	1,1,1,1,2,1,2,1,1,1,2
Cluster_2192	OG0001252	3,3,4,3,3,6,3,6,5,3,3,10,3
Cluster_2194	OG0012691	1,1,1,1,2,1,2,1,1,5
Cluster_2197	OG0001818	1,4,4,3,3,5,1,6,5,2,6,4,1
Cluster_2198	OG0004609	1,1,2,1,2,2,1,4,3,4,1,7,1
Cluster_2201	OG0007170	1,1,1,1,1,2,1,3,1,1,1,6,1
Cluster_2204	OG0000995	3,4,2,4,2,5,4,8,5,3,4,6,4
Cluster_2203	OG0011213	1,1,1,1,1,1,1,2,1,1,1,3,1
Cluster_2204	OG0000995	3,4,2,4,2,5,4,8,5,3,4,6,4
Cluster_2207	OG0014169	1,1,1,1,1,1,1,1,1,1,3
Cluster_2209	OG0011691	1,1,1,1,1,1,1,2,2,1,4,1
Cluster_2212	OG0003021	2,2,3,2,1,1,3,3,4,3,3,7,1
Cluster_0109	OG0020547	NA
Cluster_0123	OG0000809	7,4,3,11,2,6,6,7,2,5,19,3
Cluster_0076	OG0000838	9,5,2,5,3,2,4,1,2,2,33,5
Cluster_0086	OG0000002	175,110,251,140,15,88,91,346,74,97,80,869,131
Cluster_0095	OG0000002	175,110,251,140,15,88,91,346,74,97,80,869,131
Cluster_0102	OG0000033	32,4,57,16,5,16,9,30,7,5,10,211,28
Cluster_0103	OG0000033	32,4,57,16,5,16,9,30,7,5,10,211,28
Cluster_0102	OG0000033	32,4,57,16,5,16,9,30,7,5,10,211,28
Cluster_0105	OG0002362	4,4,17,4,12,3
Cluster_0108	OG0013464	2,2,2,6,2,1,1
Cluster_0110	OG0002501	2,2,2,2,1,4,2,2,2,2,2,5,1
Cluster_0115	OG0000654	4,5,8,4,2,5,3,9,5,4,4,17,6
Cluster_0118	OG0008433	1,1,4,1,1,2,1,2,1,1,1,4,1
Cluster_0117	OG0009328	1,1,1,2,2,1,2,2,1,2,1,3,1
Cluster_0116	OG0008495	2,2,1,1,1,2,4,1,1,2,2
Cluster_0117	OG0009328	1,1,1,2,2,1,2,2,1,2,1,3,1
Cluster_0118	OG0008433	1,1,4,1,1,2,1,2,1,1,1,4,1
Cluster_0115	OG0000654	4,5,8,4,2,5,3,9,5,4,4,17,6
Cluster_0131	OG0001894	3,3,2,3,3,3,3,6,2,3,3,9,2
Cluster_0133	OG0001128	1,1,6,4,11,1,5,5,7
Cluster_0135	OG0002253	2,3,3,2,1,2,3,7,1,5,5,8,3
Cluster_0133	OG0001128	1,1,6,4,11,1,5,5,7
Cluster_0135	OG0002253	2,3,3,2,1,2,3,7,1,5,5,8,3
Cluster_0142	OG0001606	3,3,4,1,2,4,2,4,3,3,2,16,2
Cluster_0003	OG0001275	5,4,4,1,2,2,1,6,2,6,3,15,7
Cluster_0010	OG0000059	20,15,31,23,1,16,16,39,12,18,17,76,12
Cluster_0023	OG0006971	1,2,4,1,1,3,1,2,1,1,1,5,2
Cluster_0077	OG0002793	3,1,2,1,4,1,2,5,2,2,3,10,3
Cluster_0084	OG0003392	3,1,1,2,1,2,2,5,2,2,2,12,2
Cluster_0089	OG0005552	1,1,5,1,1,1,1,3,2,1,1,5,1
Cluster_0090	OG0001055	4,2,4,7,2,4,3,5,1,2,3,18,3
Cluster_0092	OG0012726	1,1,1,1,2,2,1,1,3,1
Cluster_0098	OG0007130	1,1,1,4,1,2,1,3,1,2,1,3,1
Cluster_0122	OG0001891	4,3,3,1,4,3,6,1,3,4,6,1
Cluster_0134	OG0010537	2,1,1,1,1,1,1,1,2,6,2
Cluster_0143	OG0001128	1,1,6,4,11,1,5,5,7
Cluster_0147	OG0000695	3,3,12,3,6,4,4,10,5,4,4,12,3
Cluster_0150	OG0006305	1,1,4,4,2,1,1,2,2,1,1,4,1
Cluster_0151	OG0013046	1,1,7
Cluster_0152	OG0000973	10,6,1,1,2,2,5,6,2,7,3,11,9
Cluster_0153	OG0000744	8,1,6,1,3,1,8,18,11,3,13,2
Cluster_0154	OG0000188	14,9,13,5,8,25,27,1,13,5,34,5
Cluster_0157	OG0000421	7,5,7,3,5,4,6,11,7,6,7,15,6
Cluster_0160	OG0001427	3,2,5,1,3,6,2,3,4,15,5
Cluster_0164	OG0000378	9,4,9,8,2,1,7,12,10,16,28,2
Cluster_0166	OG0004469	1,2,1,2,4,1,2,4,1,2,2,5
Cluster_0165	OG0007243	1
Cluster_0166	OG0004469	1,2,1,2,4,1,2,4,1,2,2,5
Cluster_0169	OG0006721	2,2,1,3,6,1,9,2
Cluster_0172	OG0000740	3,3,6,3,3,4,10,2,3,7,19,6
Cluster_0174	OG0000132	11,4,11,8,1,9,13,25,2,10,9,81,14
Cluster_0000	OG0000482	9,7,10,10,1,9,2,12,4,3,3,18,4
Cluster_0005	OG0007313	1,1,3,1,1,2,1,2,1,1,1,7,1
Cluster_0014	OG0000082	11,10,6,10,9,5,9,19,12,11,10,115,21
Cluster_0015	OG0000011	50,26,63,35,17,38,43,94,24,35,21,155,55
Cluster_0016	OG0007940	1,1,1,1,1,1,1,2,1,1,1,7,1
Cluster_0015	OG0000011	50,26,63,35,17,38,43,94,24,35,21,155,55
Cluster_0016	OG0007940	1,1,1,1,1,1,1,2,1,1,1,7,1
Cluster_0015	OG0000011	50,26,63,35,17,38,43,94,24,35,21,155,55
Cluster_0016	OG0007940	1,1,1,1,1,1,1,2,1,1,1,7,1
Cluster_0015	OG0000011	50,26,63,35,17,38,43,94,24,35,21,155,55
Cluster_0016	OG0007940	1,1,1,1,1,1,1,2,1,1,1,7,1
Cluster_0017	OG0025941	NA
Cluster_0020	OG0000004	1,9,58,1,18,105,52,1,97,5,163,15
Cluster_0024	OG0004089	1,2,3,2,1,2,2,3,3,1,3,7,1
Cluster_0028	OG0003960	2,1,5,1,1,1,2,2,1,2,14,2
Cluster_0031	OG0007311	1,1,1,1,2,1,1,2,1,1,1,6,1
Cluster_0032	OG0020541	NA
Cluster_0031	OG0007311	1,1,1,1,2,1,1,2,1,1,1,6,1
Cluster_0032	OG0020541	NA
Cluster_0035	OG0006003	1,1,6,4,1,1,1,3,2,1,1,5,1
Cluster_0033	OG0022231	NA
Cluster_0035	OG0006003	1,1,6,4,1,1,1,3,2,1,1,5,1
Cluster_0033	OG0022231	NA
Cluster_0039	OG0008956	1,3,1,1,1,2,2,2,1,1,3,1
Cluster_0040	OG0018121	2
Cluster_0042	OG0000465	5,2,8,5,1,4,6,12,4,5,10,30,4
Cluster_0043	OG0001796	5,4,8,5,2,5,2,3,7,7,1
Cluster_0044	OG0001947	2,2,1,2,1,3,3,9,4,2,2,8,2
Cluster_0043	OG0001796	5,4,8,5,2,5,2,3,7,7,1
Cluster_0044	OG0001947	2,2,1,2,1,3,3,9,4,2,2,8,2
Cluster_0045	OG0000349	7,7,6,8,5,5,8,12,8,9,25,7
Cluster_0051	OG0000045	24,12,17,15,2,24,22,45,16,16,33,98,25
Cluster_0058	OG0004436	2,1,2,2,1,2,1,2,1,1,1,13
Cluster_0060	OG0022402	1
Cluster_0063	OG0000231	11,3,6,6,1,7,10,23,3,8,11,45,12
Cluster_0079	OG0013063	1,1,1,1,1,1,1,2,1,1,1,2,1
Cluster_0082	OG0002696	3,2,3,4,2,2,5,2,3,12,1
Cluster_0083	OG0002856	2,2,5,2,2,2,2,4,2,2,2,10,1
Cluster_2297	OG0000032	29,16,44,22,4,23,15,34,21,21,17,163,27
Cluster_2307	OG0001278	5,4,1,3,2,7,5,7,1,6,4,7
Cluster_2308	OG0007453	1,1,3,2,1,3,1,2,1,1,6,1
Cluster_2309	OG0006102	1,1,2,2,1,1,1,2,2,1,1,9,1
Cluster_2299	OG0001128	1,1,6,4,11,1,5,5,7
Cluster_2301	OG0011940	1,1,1,1,1,1,2,2,2,2,2
Cluster_2303	OG0000080	23,13,33,16,1,10,16,21,7,18,11,76,20
Cluster_2306	OG0003112	1,1,5,1,1,1,4,1,2,1,16,2
