Cluster_0396	OG0006934	1,1,1,1,1,1,1,2,1,1,2,8,1
Cluster_0396	OG0026031	NA
Cluster_0463	OG0005159	3,1,4,2,1,4,1,2,4,1,1,6,1
Cluster_0463	OG0011958	1,2,1,1,2,1,2,2,1,1,4,1
Cluster_0487	OG0005068	2,1,2,2,2,1,3,3,1,1,9,1
Cluster_0487	OG0000523	4,5,10,4,2,4,5,12,5,5,5,18,4
Cluster_0517	OG0000506	10,4,4,4,2,4,8,12,1,10,7,22,4
Cluster_0517	OG0006645	1,2,1,1,1,1,2,3,2,2,2,5
Cluster_0181	OG0013844	1,1,2,1,1,1,1,2,1,1,1,3
Cluster_0181	OG0014737	1,1,1,1,1,1,2,1,1,3
Cluster_0183	OG0015234	1,2,1,1,1,1,2,1,1,1,2
Cluster_0183	OG0015551	1,1,1,1,1,1,3,1,1,2
Cluster_0194	OG0008555	1,1,5,1,1,2,1,2,2,1,1,4,1
Cluster_0194	OG0016721	1,4,1,3
Cluster_0195	OG0025434	NA
Cluster_0195	OG0025548	NA
Cluster_0208	OG0003853	1,1,14,2,2,2,2,4,2,2,4,1
Cluster_0208	OG0001444	3,3,3,4,2,4,4,6,3,4,3,9,2
Cluster_0264	OG0002527	2,2,3,2,3,3,3,6,5,3,4,5,2
Cluster_0264	OG0016872	1,1,1,1
Cluster_0337	OG0001424	3,3,4,8,3,3,3,4,5,3,3,10,3
Cluster_0337	OG0008784	1,1,4,2,1,1,3,2,1,2,2,2,1
Cluster_0393	OG0000004	1,9,58,1,18,105,52,1,97,5,163,15
Cluster_0393	OG0000022	14,18,17,7,2,8,21,29,17,22,7
Cluster_0403	OG0001408	4,2,4,4,4,4,2,7,4,4,1,13,3
Cluster_0403	OG0011746	1,1,1,1,1,1,1,4,1,1,3,1
Cluster_0436	OG0000001	201,117,250,155,18,131,130,340,126,157,118,674,173
Cluster_0436	OG0011593	1,1,1,1,1,1,1,3,2,1,1,3
Cluster_0445	OG0008803	1,1,3,1,1,1,1,2,1,1,1,8,1
Cluster_0445	OG0003098	2,2,2,3,1,2,3,4,1,7,2
Cluster_0449	OG0000676	4,4,8,5,2,7,4,9,6,3,3,18,3
Cluster_0449	OG0026032	1
Cluster_0452	OG0002904	2,2,4,2,1,2,2,4,3,2,2,10,2
Cluster_0452	OG0014139	1,5,1,1,1,1,2,1,1,1,1
Cluster_0453	OG0004412	3,1,3,1,1,2,1,3,1,1,1,12,2
Cluster_0453	OG0011829	1,1,2,2,1,1,1,2,1,2,1,3,1
Cluster_0454	OG0014270	1,2,1,1,1,1,2,1,1,1,3,1
Cluster_0454	OG0002510	1,2,5,4,2,2,2,5,2,2,2,10,1
Cluster_0455	OG0011616	1,1,3,1,1,2,1,1,7,1
Cluster_0455	OG0011198	1,1,5,1,1,1,1,1,1,1,1,4
Cluster_0456	OG0003692	3,2,4,3,1,2,1,2,2,1,1,12,3
Cluster_0456	OG0019424	1,1,1
Cluster_0457	OG0000022	14,18,17,7,2,8,21,29,17,22,7
Cluster_0457	OG0006406	1,2,2,2,3,1,2,2,8
Cluster_0466	OG0008716	1,1,1,2,1,1,1,3,2,1,1,5,3
Cluster_0466	OG0025065	1
Cluster_0478	OG0019504	1
Cluster_0478	OG0003236	3,3,5,1,3,2,4,2,2,2,10,3
Cluster_0484	OG0016705	1,3,1,1,1,1,1
Cluster_0484	OG0008591	1,1,4,4,1,1,1,2,1,1,1,3,1
Cluster_0485	OG0005711	2,1,2,3,2,2,4,2,2,2,4
Cluster_0485	OG0017661	2,1,1,1
Cluster_0490	OG0011270	1,1,6,1,1,1,1,1,1,1,3,1
Cluster_0490	OG0001506	2,2,5,5,2,3,2,6,3,2,2,17,2
Cluster_0496	OG0002936	2,1,5,3,2,3,2,4,1,2,2,11,2
Cluster_0496	OG0002126	3,2,1,3,3,3,2,7,5,2,3,10,1
Cluster_0498	OG0013506	1,2,2,1,1,2,1,1,1,3,1
Cluster_0498	OG0022385	1
Cluster_0505	OG0012959	1,1,2,1,1,1,1,2,1,1,1,3,1
Cluster_0505	OG0001873	2,2,7,4,2,2,4,5,2,2,2,12,3
Cluster_0510	OG0013644	1,1,2,1,1,1,1,2,2,1,1,2
Cluster_0510	OG0000419	4,5,13,7,3,6,5,11,10,5,5,19,5
Cluster_0511	OG0020599	1,1
Cluster_0511	OG0003318	1,2,4,2,2,2,2,4,1,2,2,13,1
Cluster_0521	OG0000022	14,18,17,7,2,8,21,29,17,22,7
Cluster_0521	OG0009609	1,1,2,1,1,1,3,1,1,1,6,1
Cluster_0178	OG0004982	1,1,1,1,1,1,1,2,2,1,1,16,1
Cluster_0178	OG0008559	1,1,4,1,1,1,2,1,1,9,1
Cluster_0197	OG0013932	1,1,2,1,1,1,1,2,1,1,1,2,1
Cluster_0197	OG0022321	1,1
Cluster_0198	OG0020675	1,2
Cluster_0198	OG0001550	3,2,11,2,1,3,2,4,3,3,2,17,3
Cluster_0206	OG0004143	2,2,5,1,1,2,1,2,1,2,2,11,3
Cluster_0206	OG0017012	1,1,2,4,1
Cluster_0210	OG0000416	8,5,10,4,4,11,5,12,4,7,7,18,6
Cluster_0210	OG0018221	1,1,1,2
Cluster_0215	OG0001945	1,1,2,2,1,1,1,2,1,1,2,1
Cluster_0215	OG0003169	1,1,2,1,1,4,5,2,4,4,6,2
Cluster_0217	OG0010572	1,1,2,3,1,1,1,2,1,1,1,4,1
Cluster_0217	OG0022088	1
Cluster_0219	OG0025731	NA
Cluster_0219	OG0005388	2,2,2,1,3,2,4,3,1,1,9,1
Cluster_0241	OG0000230	5,6,16,11,6,9,7,16,7,8,8,27,6
Cluster_0241	OG0016833	1,1,1,1,4,1
Cluster_0246	OG0014821	1,1,1,1,1,1,2,2,1,1,2,1
Cluster_0246	OG0010590	1,1,2,1,1,1,2,2,3,1,1,3,1
Cluster_0248	OG0000003	112,56,130,91,24,81,68,195,50,71,61,368,76
Cluster_0248	OG0009156	1,1,1,1,1,1,1,2,2,1,1,3,1
Cluster_0250	OG0003882	2,2,8,2,1,2,2,4,3,2,7,2
Cluster_0250	OG0009548	1,1,3,1,1,1,2,2,1,1,5,1
Cluster_0255	OG0003779	2,2,4,2,1,2,2,4,3,2,2,5,2
Cluster_0255	OG0002341	2,2,2,2,1,2,3,8,2,4,3,9,2
Cluster_0260	OG0025778	NA
Cluster_0260	OG0019580	1,1
Cluster_0261	OG0010761	1,1,2,1,1,1,1,2,1,1,1,4,1
Cluster_0261	OG0016449	1,1,2,1,2,1,1,1
Cluster_0272	OG0016469	1,1,2,2,1,3,1
Cluster_0272	OG0025637	1
Cluster_0274	OG0014152	1,2,1,1,2,1,2,1,1,3,1
Cluster_0274	OG0022164	1,1
Cluster_0282	OG0004261	1,2,2,2,1,2,4,2,2,2,7,2
Cluster_0282	OG0025061	NA
Cluster_0283	OG0006398	1,2,2,4,3,1,4,2,1,1,4,1
Cluster_0283	OG0002923	2,2,3,2,2,3,2,4,4,2,3,6,2
Cluster_0289	OG0004968	2,2,2,2,2,2,2,2,2,3,3,4
Cluster_0289	OG0001131	3,5,6,1,4,4,5,8,2,4,4,9
Cluster_0293	OG0012599	1,1,1,1,1,1,1,2,1,1,1,3,1
Cluster_0293	OG0025338	NA
Cluster_0295	OG0008949	2,1,1,1,2,1,3,1,2,1,5,1
Cluster_0295	OG0002341	2,2,2,2,1,2,3,8,2,4,3,9,2
Cluster_0297	OG0014640	1,1,1,2,1,2,1,1,1,3,1
Cluster_0297	OG0018798	1,1,1,1
Cluster_0303	OG0025129	NA
Cluster_0303	OG0014074	1,1,1,1,1,1,2,1,1,5,1
Cluster_0309	OG0009633	1,1,1,2,1,1,4,2,1,1,4,1
Cluster_0309	OG0016210	1,1,1,1,1,1,2,1,3
Cluster_0310	OG0000842	5,2,5,2,2,4,5,10,3,4,5,20,5
Cluster_0310	OG0011912	1,3,1,1,1,1,4,1,1,1,3,1
Cluster_0315	OG0015555	1,1,1,1,1,1,1,1,4
Cluster_0315	OG0012455	1,1,3,2,1,1,2,1,1,4,1
Cluster_0318	OG0006645	1,2,1,1,1,1,2,3,2,2,2,5
Cluster_0318	OG0000506	10,4,4,4,2,4,8,12,1,10,7,22,4
Cluster_0319	OG0020773	NA
Cluster_0319	OG0001901	5,3,8,1,1,1,5,4,2,5,1,11,2
Cluster_0326	OG0005621	1,1,9,4,1,1,1,2,1,1,1,6,1
Cluster_0326	OG0016989	2,1,1,2,1,1
Cluster_0338	OG0002893	2,2,7,1,1,1,1,4,2,1,1,15,2
Cluster_0338	OG0008517	1,1,2,2,2,1,1,3,1,1,1,6,1
Cluster_0340	OG0003598	2,2,4,2,2,3,8,1,1,3,6,1
Cluster_0340	OG0007299	1,2,1,1,2,1,1,4,1,2,1,5,1
Cluster_0343	OG0005943	2,1,4,1,1,1,1,2,2,1,1,10,2
Cluster_0343	OG0011223	1,1,1,1,1,1,1,2,1,1,1,4,1
Cluster_0358	OG0003872	3,1,2,1,1,2,2,4,4,2,2,9,2
Cluster_0358	OG0015524	3,1,1,1,2,4,1
Cluster_0362	OG0010076	1,1,3,1,1,1,1,2,1,1,1,4,1
Cluster_0362	OG0009420	1,1,3,1,1,1,1,2,1,1,1,7,1
Cluster_0372	OG0003538	2,2,1,2,2,3,2,5,3,2,2,5,2
Cluster_0372	OG0003856	1,1,13,2,1,2,1,2,2,1,2,6,1
Cluster_0375	OG0008468	2,1,1,1,1,2,1,1,10,1
Cluster_0375	OG0016982	1,1,1,2,1,1
Cluster_0378	OG0009714	1,1,1,1,1,1,1,2,1,1,1,5,1
Cluster_0378	OG0014530	1,1,1,1,1,1,1,2,2,1,1,2
Cluster_0379	OG0001706	2,3,2,3,2,3,3,5,5,3,3,15,1
Cluster_0379	OG0000148	9,10,14,7,8,13,10,18,15,8,7,41,9
Cluster_0381	OG0001109	3,4,3,3,5,4,6,9,5,5,12,3
Cluster_0381	OG0015032	1,1,1,1,1,1,1,1,1,4,1
Cluster_0388	OG0012424	1,1,2,1,2,2,1,1,3,1
Cluster_0388	OG0003104	1,2,4,1,2,2,3,6,3,2,2,7,2
Cluster_0397	OG0000131	11,10,29,9,8,10,10,22,10,12,11,36,9
Cluster_0397	OG0002928	2,3,2,2,2,2,2,6,2,3,2,8,2
Cluster_0417	OG0000107	8,10,20,15,7,20,12,26,16,13,12,31,8
Cluster_0417	OG0005699	1,1,2,1,1
Cluster_0420	OG0012749	1,2,1,1,1,2,1,1,1,6,1
Cluster_0420	OG0011875	1,1,1,1,1,1,2,3,1,1,3,1
Cluster_0422	OG0020697	1
Cluster_0422	OG0000660	5,4,3,4,3,5,4,10,8,3,3,22,4
Cluster_0423	OG0007649	2,1,1,1,1,2,1,4,2,1,1,7,1
Cluster_0423	OG0001009	3,2,6,7,4,14,3,13,8,7,2
Cluster_0425	OG0001519	3,3,6,3,3,3,3,5,6,3,2,13,3
Cluster_0425	OG0008182	1,2,2,3,2,3
Cluster_0429	OG0003339	1,2,3,2,2,2,2,6,1,2,2,7,1
Cluster_0429	OG0001543	1,3,2,4,2,4,2,8,5,4,3,10,2
Cluster_0437	OG0004486	1,1,3,4,1,1,1,5,2,1,1,7,2
Cluster_0437	OG0016650	1,1,1,4,1,1
Cluster_0749	OG0006008	3,2,1,1,1,1,4,3,1,1,1,8,2
Cluster_0749	OG0011625	1,1,2,1,1,1,1,1,2,1,1,4
Cluster_0781	OG0013450	1,4,1,1,1,2,1,1,2,1
Cluster_0781	OG0005706	2,1,2,1,4,2,4,1,2,2,5
Cluster_0788	OG0004150	1,1,2,1,2,1,2,6,1,2,2,7,3
Cluster_0788	OG0019641	1,3
Cluster_0795	OG0007961	1,1,5,1,1,1,1,2,2,1,1,4,1
Cluster_0795	OG0006993	1,1,5,1,1,1,1,2,1,1,1,6,1
Cluster_0802	OG0025237	NA
Cluster_0802	OG0025879	NA
Cluster_0804	OG0026050	1
Cluster_0804	OG0012273	1,1,2,1,1,1,1,2,2,1,2,2,1
Cluster_0805	OG0001417	1,3,5,2,2,3,3,6,3,3,9,2
Cluster_0805	OG0002562	1,1,2,3,1,1,1,3,2,3,1,7,1
Cluster_0815	OG0019670	1,1
Cluster_0815	OG0015074	1,2,1,1,1,1,1,1,1,1,3
Cluster_0550	OG0000003	112,56,130,91,24,81,68,195,50,71,61,368,76
Cluster_0550	OG0004842	2,2,14,2,2,2,2,1,4,1
Cluster_0557	OG0002522	3,2,3,2,2,3,2,4,3,2,2,10,2
Cluster_0557	OG0002357	6,1,4,1,1,2,1,3,1,1,18,5
Cluster_0565	OG0000007	62,44,150,57,9,49,54,165,48,42,39,222,59
Cluster_0565	OG0017314	1,3
Cluster_0593	OG0000118	21,16,10,6,6,7,10,18,7,10,9,77,8
Cluster_0593	OG0004764	1,2,2,2,2,2,2,4,2,2,7,1
Cluster_0604	OG0000517	3,4,7,5,4,7,4,9,9,4,4,25,4
Cluster_0604	OG0012087	1,1,1,1,1,1,1,2,1,1,1,5,1
Cluster_0643	OG0005720	2,1,2,2,2,1,4,2,2,6,1
Cluster_0643	OG0005195	2,2,1,2,2,2,1,3,1,2,2,6,1
Cluster_0720	OG0012542	2,1,1,1,1,1,2,2,2,1,1,3
Cluster_0720	OG0008890	1,1,2,3,1,2,2,2,1,1,1,6
Cluster_0725	OG0000668	3,3,4,4,2,3,4,9,5,4,4,21,5
Cluster_0725	OG0003527	2,2,3,2,1,2,2,4,2,2,2,9,2
Cluster_0726	OG0005303	1,1,2,4,1,1,1,3,3,1,1,9,1
Cluster_0726	OG0025623	NA
Cluster_0727	OG0002997	1,1,4,6,1,1,2,4,1,2,2,13,1
Cluster_0727	OG0015854	1,1,1,1,1,2,1,1,2,1
Cluster_0734	OG0006764	1,1,10,1,1,2,1,3,1,1,1,3,1
Cluster_0734	OG0014141	1,4,1,1,1,2,1,1,1,2,1
Cluster_0750	OG0005279	2,2,3,2,2,2,2,3,3,2,2,4
Cluster_0750	OG0014490	1,1,1,1,1,1,2,1,1,1,3
Cluster_0753	OG0025960	NA
Cluster_0753	OG0014455	1,1,2,1,1,1,2,1,1,1,3,1
Cluster_0756	OG0016674	1,1,1,1,1,1,3
Cluster_0756	OG0011894	1,1,1,1,1,2,7,1,1,3,1
Cluster_0764	OG0003381	2,1,1,1,1,3,4,1,3,2,12,3
Cluster_0764	OG0012332	1,1,2,2,1,1,1,2,1,1,1,4,1
Cluster_0765	OG0002005	1,2,2,3,3,2,3,6,3,3,3,11,3
Cluster_0765	OG0004501	3,1,1,3,2,2,2,2,3,2,2,7,1
Cluster_0767	OG0007770	1,3,2,1,1,2,2,2,2,1,5,1
Cluster_0767	OG0017629	1,2,1
Cluster_0771	OG0005463	1,1,4,2,1,3,1,2,1,1,1,9,1
Cluster_0771	OG0000450	2,7,4,5,3,8,12,12,9,9,9,6,3
Cluster_0773	OG0022062	NA
Cluster_0773	OG0015162	3,3,1,6
Cluster_0774	OG0008346	2,2,2,2,2,2,4,1,2,2,2
Cluster_0774	OG0025398	1
Cluster_0777	OG0013481	1,1,1,1,1,1,1,2,1,1,4,1
Cluster_0777	OG0004816	1,12,2,1,1,1,2,2,1,1,8,1
Cluster_0783	OG0003810	2,1,2,1,1,1,1,5,4,1,1,5,1
Cluster_0783	OG0000015	2,38,3,17,21,182,7,5,3,115,10
Cluster_0785	OG0000011	50,26,63,35,17,38,43,94,24,35,21,155,55
Cluster_0785	OG0000001	201,117,250,155,18,131,130,340,126,157,118,674,173
Cluster_0523	OG0000724	7,2,7,5,3,6,2,10,3,3,6,22,5
Cluster_0523	OG0017609	1,2,2,1
Cluster_0537	OG0020635	2
Cluster_0537	OG0002180	1,2,13,7,1,2,2,3,1,2,1,10,1
Cluster_0539	OG0001240	7,5,2,7,1,1,2,19,4,12,2
Cluster_0539	OG0012615	1,1,3,1,3,1,1,1,5
Cluster_0540	OG0000002	175,110,251,140,15,88,91,346,74,97,80,869,131
Cluster_0540	OG0022063	1
Cluster_0551	OG0002368	2,2,4,5,2,4,2,5,2,2,2,9,1
Cluster_0551	OG0020572	2,1
Cluster_0568	OG0005376	2,2,2,2,1,3,2,2,2,7,3
Cluster_0568	OG0004191	1,2,2,2,2,2,2,4,3,2,2,6,1
Cluster_0575	OG0006039	1,4,2,1,2,1,9,1,2,1,4
Cluster_0575	OG0006501	2,2,4,1,2,4,1,4,1,5,1
Cluster_0582	OG0012059	3,2,1,2,1,1,5,3
Cluster_0582	OG0008977	2,1,1,2,3,2,8,2
Cluster_0584	OG0013675	2,6,2,2,3,2
Cluster_0584	OG0000252	7,6,15,15,6,10,8,16,8,7,5,21,7
Cluster_0585	OG0002600	1,1,5,2,2,2,2,6,3,3,2,11
Cluster_0585	OG0018793	4
Cluster_0592	OG0010282	1,5,1,1,1,1,1,2,1,1,5
Cluster_0592	OG0004703	2,2,3,1,2,2,4,3,2,2,6,2
Cluster_0594	OG0004241	2,1,3,2,1,2,2,3,2,1,2,8,2
Cluster_0594	OG0014855	6,1,5,1
Cluster_0605	OG0015199	1,1,1,1,1,1,2,1,1,3
Cluster_0605	OG0009551	1,1,3,1,1,1,4,2,1,1,5,1
Cluster_0609	OG0005881	1,2,3,1,1,2,2,2,1,2,3,4,1
Cluster_0609	OG0008932	1,3,1,1,1,2,2,1,1,6,2
Cluster_0610	OG0007517	2,2,4,1,1,1,3,1,1,1,6,2
Cluster_0610	OG0004242	3,2,8,1,1,1,1,1,2,1,1,8,3
Cluster_0614	OG0015827	1,1,1,1,1,2,1,1,1,2
Cluster_0614	OG0006790	1,1,1,2,1,2,2,4,2,2,5,1
Cluster_0618	OG0004483	1,2,2,2,1,2,2,3,3,2,2,7,1
Cluster_0618	OG0002005	1,2,2,3,3,2,3,6,3,3,3,11,3
Cluster_0641	OG0022388	1
Cluster_0641	OG0000185	7,8,20,12,3,12,7,14,10,6,7,38,8
Cluster_0642	OG0006806	1,7,2,2,2,2,1,2,5
Cluster_0642	OG0001419	2,6,3,5,1,3,1,3,18,6
Cluster_0644	OG0002018	2,2,4,3,3,2,3,7,2,3,3,8,2
Cluster_0644	OG0000015	2,38,3,17,21,182,7,5,3,115,10
Cluster_0651	OG0016447	2,1,1,1,1,2,1,1
Cluster_0651	OG0015254	1,1,1,1,1,1,2,1,1,3,1
Cluster_0666	OG0018782	4,1
Cluster_0666	OG0008651	1,1,2,1,1,1,1,2,2,1,1,6,1
Cluster_0671	OG0008710	1,1,1,1,1,1,1,2,4,1,1,5,1
Cluster_0671	OG0000356	5,5,11,6,4,10,6,12,11,6,7,25,4
Cluster_0672	OG0000148	9,10,14,7,8,13,10,18,15,8,7,41,9
Cluster_0672	OG0001862	2,2,3,2,2,4,3,6,4,3,2,11,2
Cluster_0675	OG0009795	1,1,1,1,1,1,1,2,2,1,2,4,1
Cluster_0675	OG0001489	3,3,4,2,3,5,2,4,3,3,6,12,2
Cluster_0696	OG0000132	11,4,11,8,1,9,13,25,2,10,9,81,14
Cluster_0696	OG0001787	4,2,8,2,4,9,10,1,4,2,6,1
Cluster_0698	OG0001470	3,3,17,2,2,2,2,5,2,3,10,3
Cluster_0698	OG0025925	NA
Cluster_0709	OG0000019	35,41,31,33,29,33,87,27,34,35,100,33
Cluster_0709	OG0000346	5,6,10,13,3,7,7,15,4,8,8,15,4
Cluster_1063	OG0013685	1,1,1,1,1,1,1,2,1,1,3,1
Cluster_1063	OG0025293	1
Cluster_1053	OG0004420	2,2,1,3,2,2,5,2,2,2,4,1
Cluster_1053	OG0010921	1,1,1,1,1,1,1,2,2,1,1,3
Cluster_1066	OG0000036	25,16,74,40,10,12,21,39,24,21,27,72,23
Cluster_1066	OG0019480	NA
Cluster_0828	OG0001027	4,5,3,2,4,3,4,9,3,4,4,14,3
Cluster_0828	OG0000056	1,3,94,1,21,41,12
Cluster_0839	OG0001333	2,2,10,2,1,5,2,5,3,2,2,19,2
Cluster_0839	OG0006339	1,1,4,1,1,1,1,3,1,1,1,11,1
Cluster_0894	OG0013787	1,1,1,1,1,2,1,1,1,3,2
Cluster_0894	OG0012086	1,1,1,2,1,2,1,4,1,1,3
Cluster_0916	OG0007015	1,1,2,3,1,1,1,2,1,1,8,1
Cluster_0916	OG0018557	1,1,2
Cluster_1005	OG0008528	2,1,2,1,1,1,1,4,1,1,1,5,2
Cluster_1005	OG0012735	2,2,2,3,1,2,2,4,1
Cluster_1009	OG0002036	2,3,3,5,2,2,3,6,3,3,12,2
Cluster_1009	OG0007917	2,1,3,1,14,4
Cluster_1012	OG0006880	2,1,2,1,1,1,1,2,1,1,1,9,3
Cluster_1012	OG0001232	6,2,9,1,2,1,2,4,1,2,2,26,5
Cluster_1013	OG0009797	1,1,3,1,1,2,1,2,2,1,1,4,1
Cluster_1013	OG0000000	5,254,962,7,1,30,46,226,12,69,14,1077,10
Cluster_1026	OG0024940	1
Cluster_1026	OG0016176	1,1,1,1,1,1,1,1,1,3
Cluster_1029	OG0010291	2,2,4,1,3,2
Cluster_1029	OG0000182	8,9,7,9,5,9,8,13,13,8,8,45,5
Cluster_1030	OG0005935	1,1,1,5,1,2,1,3,3,1,1,6,1
Cluster_1030	OG0025497	1
Cluster_1035	OG0001543	1,3,2,4,2,4,2,8,5,4,3,10,2
Cluster_1035	OG0015568	1,1,2,1,1,3,1,1
Cluster_1036	OG0013507	2,1,1,1,1,1,1,1,6
Cluster_1036	OG0000936	3,3,2,5,3,6,6,8,1,3,6,12,4
Cluster_1049	OG0001478	3,2,19,10,1,2,1,2,2,1,1,11,3
Cluster_1049	OG0003300	2,1,14,7,1,1,2,1,1,7,2
Cluster_1062	OG0020625	1
Cluster_1062	OG0003195	2,2,2,1,2,1,3,6,1,3,4,4,2
Cluster_0826	OG0013401	1,1,1,1,1,1,2,1,1,1,3,1
Cluster_0826	OG0000001	201,117,250,155,18,131,130,340,126,157,118,674,173
Cluster_0833	OG0004772	1,2,2,1,1,1,2,4,4,2,2,9,2
Cluster_0833	OG0003178	1,2,3,1,2,2,2,4,3,2,2,8,2
Cluster_0835	OG0020579	1,1
Cluster_0835	OG0025383	1
Cluster_0836	OG0001078	2,4,3,4,3,6,4,7,6,4,4,15,1
Cluster_0836	OG0000725	5,3,13,3,2,4,2,4,4,3,3,24,4
Cluster_0840	OG0019591	1,1,1
Cluster_0840	OG0000098	20,19,29,16,5,9,14,16,4,13,8,69,18
Cluster_0841	OG0001423	2,3,12,2,2,3,2,7,2,2,2,14,2
Cluster_0841	OG0000421	7,5,7,3,5,4,6,11,7,6,7,15,6
Cluster_0849	OG0005181	1,1,7,3,1,1,1,2,1,1,1,8,1
Cluster_0849	OG0003377	1,1,5,13,2,8
Cluster_0853	OG0002952	2,3,2,2,2,4,5,1,4,3,7,2
Cluster_0853	OG0001921	1,2,5,3,3,3,2,6,2,3,3,14,2
Cluster_0858	OG0019503	1,3
Cluster_0858	OG0013996	1,1,2,1,1,2,1,2,1,1,1,2
Cluster_0870	OG0025430	NA
Cluster_0870	OG0025874	NA
Cluster_0883	OG0000608	9,5,8,4,2,6,11,1,5,4,21,6
Cluster_0883	OG0012560	1,1,3,1,1,1,1,2,1,1,1,3,1
Cluster_0885	OG0014450	1,1,4,1,1,1,2,1,1,1,1
Cluster_0885	OG0014356	1,1,2,1,1,1,2,1,1,4
Cluster_0889	OG0007706	1,1,5,1,1,1,1,5,2,1,1,5
Cluster_0889	OG0006384	1,1,1,2,2,1,3,2,1,1,9,1
Cluster_0892	OG0015118	1,1,1,1,1,1,2,1,1,3,1
Cluster_0892	OG0009273	1,2,2,1,1,1,2,2,2,6
Cluster_0895	OG0005694	2,1,3,1,1,2,1,3,2,1,1,11,1
Cluster_0895	OG0002737	2,2,5,6,1,1,3,5,2,3,1,8,2
Cluster_0899	OG0003100	2,2,1,3,1,4,3,5,3,1,2,6,2
Cluster_0899	OG0000082	11,10,6,10,9,5,9,19,12,11,10,115,21
Cluster_0902	OG0005222	1,2,1,2,2,2,2,4,1,2,2,5,1
Cluster_0902	OG0005727	3,1,2,2,2,1,3,3,2,2,6,1
Cluster_0903	OG0015882	2,1,1,1,1,1,1,1,3
Cluster_0903	OG0007731	1,1,1,3,1,2,1,2,1,2,1,5,1
Cluster_0911	OG0012740	2,1,1,1,1,1,2,2,1,1,3
Cluster_0911	OG0004322	1,2,3,2,1,3,2,1,2,12,2
Cluster_0918	OG0019627	1
Cluster_0918	OG0022332	NA
Cluster_0919	OG0010274	1,1,1,1,1,3,1,2,1,7,2
Cluster_0919	OG0025209	NA
Cluster_0921	OG0003419	3,2,5,2,2,2,3,1,3,2,12,1
Cluster_0921	OG0007203	1,1,3,1,1,1,1,3,1,1,1,8,3
Cluster_0922	OG0005360	1,2,1,1,2,1,2,3,2,2,2,6
Cluster_0922	OG0004577	2,3,2,2,2,1,4,4,2,2,6
Cluster_0928	OG0011438	1,1,1,1,1,1,3,1,1,1,6,1
Cluster_0928	OG0015155	1,1,1,1,1,2,1,1,1,3,1
Cluster_0932	OG0014811	1,1,1,1,1,1,3,1,1,3
Cluster_0932	OG0000346	5,6,10,13,3,7,7,15,4,8,8,15,4
Cluster_0950	OG0004084	1,1,3,1,1,3,10,4,2,2,6,2
Cluster_0950	OG0000365	5,4,11,11,5,7,6,11,6,5,4,25,7
Cluster_0951	OG0005381	1,4,1,3,2,2,4,1,2,2,6
Cluster_0951	OG0005724	1,1,2,2,3,2,4,4,2,2,6
Cluster_0960	OG0013994	1,1,1,1,1,1,1,2,1,1,1,3,1
Cluster_0960	OG0011151	1,4,1,1,1,1,2,1,1,1,3,1
Cluster_0966	OG0014510	1,1,1,1,1,1,2,1,1,1,4,1
Cluster_0966	OG0013221	1,1,2,1,1,1,2,1,1,1,4,1
Cluster_0979	OG0016319	1,1,1,1,1,1,2,1,1
Cluster_0979	OG0013584	1,3,1,1,1,1,2,1,1,4,1
Cluster_0984	OG0008334	1,5,1,3,1,2,1,4,4
Cluster_0984	OG0000151	7,11,17,11,2,13,9,21,2,9,11,33,4
Cluster_0986	OG0000209	20,13,9,6,2,5,6,12,11,9,58,9
Cluster_0986	OG0017957	3,1,1
Cluster_0989	OG0013061	2,1,4,6,2,1,1
Cluster_0989	OG0000578	6,5,7,8,2,8,5,9,4,7,6,12,5
Cluster_1001	OG0002033	2,11,5,1,10,2,2,9,2
Cluster_1001	OG0005838	1,1,8,2,1,2,2,4,2,1,1,3,1
Cluster_1079	OG0000056	1,3,94,1,21,41,12
Cluster_1079	OG0001111	3,2,8,3,5,2,2,7,5,2,2,15,4
Cluster_1086	OG0018830	1,1,2,1
Cluster_1086	OG0009506	1,4,2,3,1,1
Cluster_1099	OG0025811	NA
Cluster_1099	OG0018635	1,2,1
Cluster_1105	OG0020729	1,1
Cluster_1105	OG0001847	2,2,6,5,4,2,2,5,2,2,2,13,2
Cluster_1173	OG0014556	1,1,1,1,1,1,2,1,1,1,3,1
Cluster_1173	OG0004905	1,1,12,1,1,2,1,2,1,1,1,7,1
Cluster_1243	OG0000001	201,117,250,155,18,131,130,340,126,157,118,674,173
Cluster_1243	OG0007734	1,1,5,2,1,2,1,2,1,1,3,1
Cluster_1249	OG0011486	1,1,1,1,1,1,1,2,2,1,1,4,1
Cluster_1249	OG0008609	1,1,3,3,1,1,1,2,1,1,1,4,1
Cluster_1250	OG0006106	1,1,1,1,1,2,1,2,3,1,1,3
Cluster_1250	OG0000536	10,4,4,3,5,5,6,8,1,8,3,31,4
Cluster_1256	OG0003779	2,2,4,2,1,2,2,4,3,2,2,5,2
Cluster_1256	OG0002341	2,2,2,2,1,2,3,8,2,4,3,9,2
Cluster_1258	OG0022398	1
Cluster_1258	OG0008533	1,1,2,2,1,1,1,2,1,1,8,1
Cluster_1261	OG0017269	1,1
Cluster_1261	OG0008080	1,1,4,1,1,3,1,3,1,1,1,3,1
Cluster_1265	OG0020776	1,1
Cluster_1265	OG0001924	2,2,6,6,2,2,2,4,2,2,2,12,2
Cluster_1285	OG0000141	7,9,17,21,9,14,10,22,9,11,12,26,8
Cluster_1285	OG0018227	1,1,1,2
Cluster_1290	OG0004968	2,2,2,2,2,2,2,2,2,3,3,4
Cluster_1290	OG0001131	3,5,6,1,4,4,5,8,2,4,4,9
Cluster_1291	OG0000221	6,6,9,10,5,9,7,24,8,17,11,25,2
Cluster_1291	OG0000463	4,6,6,5,3,5,9,12,4,9,8,19,3
Cluster_1295	OG0009056	1,1,2,1,1,2,1,2,1,1,1,3,1
Cluster_1295	OG0000793	4,3,5,2,3,3,3,6,6,3,3,20,4
Cluster_1080	OG0012893	1,1,1,1,3,4,1,2,1,1
Cluster_1080	OG0022281	1,1
Cluster_1091	OG0003180	1,2,4,2,2,2,2,4,3,2,2,9,1
Cluster_1091	OG0025267	NA
Cluster_1096	OG0012693	1,1,1,1,1,4,1,1,1,5,1
Cluster_1096	OG0018756	3,1
Cluster_1098	OG0003527	2,2,3,2,1,2,2,4,2,2,2,9,2
Cluster_1098	OG0000668	3,3,4,4,2,3,4,9,5,4,4,21,5
Cluster_1102	OG0013979	1,1,2,1,1,1,1,2,1,1,3,1
Cluster_1102	OG0000596	5,5,5,5,2,6,5,8,9,5,5,14,1
Cluster_1104	OG0006832	2,1,1,2,4,1,2,2,6,1
Cluster_1104	OG0001297	2,5,1,4,1,3,4,6,5,5,4,11,1
Cluster_1106	OG0005195	2,2,1,2,2,2,1,3,1,2,2,6,1
Cluster_1106	OG0005720	2,1,2,2,2,1,4,2,2,6,1
Cluster_1107	OG0025273	1
Cluster_1107	OG0022410	2
Cluster_1108	OG0000266	10,5,4,10,5,12,8,18,7,9,7,30,8
Cluster_1108	OG0015368	1,1,1,1,2,2,1,1,3
Cluster_1109	OG0015583	1,1,1,1,1,2,1,1,3
Cluster_1109	OG0010501	1,1,3,1,1,1,1,2,1,1,1,3,1
Cluster_1111	OG0016058	1,1,1,1,1,2,1,1,2,1
Cluster_1111	OG0014214	1,1,1,1,1,2,1,1,1,4,1
Cluster_1112	OG0004799	2,3,2,2,2,2,4,2,2,2,6
Cluster_1112	OG0003702	1,2,2,2,2,2,2,6,2,2,2,6
Cluster_1122	OG0007826	1,1,3,1,1,1,1,2,1,1,1,9,1
Cluster_1122	OG0016195	1,1,1,1,2,1,1,1,2
Cluster_1125	OG0022412	1,1
Cluster_1125	OG0002987	1,2,4,2,2,2,2,4,4,2,2,10,1
Cluster_1126	OG0003988	2,2,1,2,2,3,2,4,2,3,3,5,2
Cluster_1126	OG0000685	3,4,16,4,6,3,4,9,3,4,5,12,3
Cluster_1131	OG0001510	3,3,5,3,2,4,4,8,5,3,12,3
Cluster_1131	OG0003695	4,2,5,2,1,2,2,5,2,2,2,6,2
Cluster_1134	OG0016130	1,1,1,1,1,2,1,1,1
Cluster_1134	OG0000800	3,4,6,7,3,3,4,8,3,4,4,16,3
Cluster_1135	OG0003828	2,2,2,3,2,2,4,1,2,2,8,3
Cluster_1135	OG0003829	2,2,5,2,2,1,2,2,2,2,2,11,2
Cluster_1137	OG0002952	2,3,2,2,2,4,5,1,4,3,7,2
Cluster_1137	OG0001921	1,2,5,3,3,3,2,6,2,3,3,14,2
Cluster_1139	OG0001617	2,2,13,2,2,5,1,1,4,2,2,15,2
Cluster_1139	OG0025660	NA
Cluster_1141	OG0008977	2,1,1,2,3,2,8,2
Cluster_1141	OG0006708	1,1,2,2,2,2,3,3,2,2,2,5
Cluster_1147	OG0009597	1,2,1,2,4,2,2,2
Cluster_1147	OG0025671	NA
Cluster_1154	OG0017625	1,1,1
Cluster_1154	OG0003228	2,2,1,1,1,1,2,5,2,2,2,12,1
Cluster_1158	OG0004191	1,2,2,2,2,2,2,4,3,2,2,6,1
Cluster_1158	OG0005376	2,2,2,2,1,3,2,2,2,7,3
Cluster_1165	OG0003404	1,2,4,2,2,2,2,4,2,2,1,9,2
Cluster_1165	OG0001541	2,2,4,2,2,4,2,4,3,2,2,22,2
Cluster_1169	OG0000007	62,44,150,57,9,49,54,165,48,42,39,222,59
Cluster_1169	OG0000001	201,117,250,155,18,131,130,340,126,157,118,674,173
Cluster_1171	OG0014689	3,2,2,2,3
Cluster_1171	OG0004713	2,1,2,5,1,2,1,2,2,1,2,7,2
Cluster_1172	OG0016431	1,1,4,4,1
Cluster_1172	OG0016686	1,1,1,4
Cluster_1180	OG0013502	1,2,1,1,1,3,1,2,4
Cluster_1180	OG0019561	2,1
Cluster_1181	OG0009403	1,1,2,1,1,1,1,3,3,1,1,3,1
Cluster_1181	OG0026048	1
Cluster_1182	OG0017640	NA
Cluster_1182	OG0006415	1,5,2,1,1,1,2,1,1,1,6
Cluster_1184	OG0000003	112,56,130,91,24,81,68,195,50,71,61,368,76
Cluster_1184	OG0001961	2,2,4,3,1,3,2,6,3,2,2,16,2
Cluster_1187	OG0001482	2,2,1,15,2,2,2,7,5,2,2,9,2
Cluster_1187	OG0020630	1,1
Cluster_1188	OG0000022	14,18,17,7,2,8,21,29,17,22,7
Cluster_1188	OG0008672	2,1,2,1,1,3,1,2,1,2,1,1
Cluster_1190	OG0008672	2,1,2,1,1,3,1,2,1,2,1,1
Cluster_1190	OG0000022	14,18,17,7,2,8,21,29,17,22,7
Cluster_1201	OG0001825	2,2,9,3,3,2,2,4,3,2,2,12,4
Cluster_1201	OG0000685	3,4,16,4,6,3,4,9,3,4,5,12,3
Cluster_1206	OG0001205	3,2,3,4,3,7,3,5,6,3,4,11,3
Cluster_1206	OG0016890	1,3,2,1
Cluster_1207	OG0000004	1,9,58,1,18,105,52,1,97,5,163,15
Cluster_1207	OG0003408	3,2,3,1,1,3,2,2,2,2,1,10,4
Cluster_1213	OG0004348	1,1,3,2,1,1,1,2,2,1,1,7,1
Cluster_1213	OG0001103	2,2,14,3,1,4,1,3,7,2,2,10,1
Cluster_1223	OG0000349	7,7,6,8,5,5,8,12,8,9,25,7
Cluster_1223	OG0006969	2,1,2,2,1,2,2,3,4,1,4,2
Cluster_1227	OG0007486	2,1,3,1,2,1,3,1,1,1,7,2
Cluster_1227	OG0005558	1,3,1,2,2,2,2,3,1,2,2,7,1
Cluster_1229	OG0015053	1,1,1,1,1,1,2,1,1,1,4
Cluster_1229	OG0014773	1,1,1,1,1,1,3,1,1,1,3
Cluster_1532	OG0012823	1,1,1,1,1,1,2,2,1,1,5,1
Cluster_1532	OG0010228	1,1,1,1,1,1,1,2,1,1,1,6,1
Cluster_1453	OG0001719	2,2,3,3,1,4,3,10,2,3,5,13,1
Cluster_1453	OG0025906	NA
Cluster_1482	OG0008627	1,1,1,1,1,1,1,3,3,1,1,5,1
Cluster_1482	OG0019297	1,1,1
Cluster_1503	OG0014230	1,2,1,1,1,1,2,1,1,3,1
Cluster_1503	OG0002546	2,2,3,3,1,1,2,4,3,2,2,13,2
Cluster_1361	OG0013651	1,1,1,1,1,1,1,2,1,1,3,1
Cluster_1361	OG0001529	2,2,5,1,2,2,2,4,3,2,2,22,2
Cluster_1418	OG0005884	1,2,3,2,1,1,2,3,1,2,2,6,1
Cluster_1418	OG0017306	1,1,1,1,1,1,1
Cluster_1422	OG0011098	2,2,2,1,2,2,2,1,2,1,3
Cluster_1422	OG0009213	1,1,2,2,2,1,1,2,1,1,1,6,1
Cluster_1455	OG0017260	1,1,2,1
Cluster_1455	OG0026039	NA
Cluster_1465	OG0000060	19,21,49,39,4,19,7,13,10,7,6,107,18
Cluster_1465	OG0006539	2,1,2,1,1,1,1,3,2,1,1,7,2
Cluster_1481	OG0010688	1,1,2,1,1,1,1,2,1,1,1,6,1
Cluster_1481	OG0002316	1,2,3,2,2,2,2,7,4,2,2,13,1
Cluster_1495	OG0011639	1,1,2,1,1,1,1,3,1,2,5
Cluster_1495	OG0002394	2,2,6,3,2,2,3,4,3,2,2,9,2
Cluster_1500	OG0008431	1,1,1,1,1,1,3,2,1,2,2,4
Cluster_1500	OG0000056	1,3,94,1,21,41,12
Cluster_1515	OG0006796	1,2,1,3,1,1,1,2,3,2,1,5,2
Cluster_1515	OG0013394	1,1,2,1,1,1,1,2,1,1,1,3,1
Cluster_1516	OG0008458	1,1,1,2,1,2,1,3,3,1,2,4,1
Cluster_1516	OG0012591	1,1,3,1,1,1,2,1,1,5,1
Cluster_1518	OG0004812	2,1,1,2,3,2,6,1,2,2,9,1
Cluster_1518	OG0005822	1,1,8,1,1,1,6,2,1,1,5,1
Cluster_1521	OG0007483	1,1,2,2,1,1,1,2,1,1,1,8,1
Cluster_1521	OG0020775	1,2
Cluster_1524	OG0000098	20,19,29,16,5,9,14,16,4,13,8,69,18
Cluster_1524	OG0000039	40,17,74,18,2,28,17,32,10,33,17,95,27
Cluster_1525	OG0003051	3,3,3,1,2,3,6,3,3,8,2
Cluster_1525	OG0025309	1
Cluster_1528	OG0004203	1,2,3,3,2,2,2,3,3,2,2,7,1
Cluster_1528	OG0020670	1,2
Cluster_1299	OG0014853	1,2,1,1,2,1,1,5,1
Cluster_1299	OG0004072	2,2,3,2,1,2,2,4,2,2,2,6,2
Cluster_1301	OG0016688	2,5,1,1
Cluster_1301	OG0000381	5,5,17,7,2,4,5,9,5,5,5,33,5
Cluster_1306	OG0019530	1
Cluster_1306	OG0004521	1,1,3,1,1,1,1,4,2,1,2,8,1
Cluster_1307	OG0001874	1,2,7,6,2,2,2,4,2,2,2,10,2
Cluster_1307	OG0025441	NA
Cluster_1315	OG0005298	1,2,2,3,1,3,2,4,1,5,1,6
Cluster_1315	OG0000076	12,17,1,42,10,2,11,1
Cluster_1333	OG0025695	NA
Cluster_1333	OG0001160	2,3,11,3,3,4,2,5,4,3,4,11,4
Cluster_1340	OG0006019	1,2,1,2,2,2,2,4,3,2,1,6,1
Cluster_1340	OG0025853	1
Cluster_1341	OG0003622	1,2,4,5,1,2,1,6,7,2,2,3
Cluster_1341	OG0006659	1,1,4,3,1,1,1,4,1,1,1,7,1
Cluster_1345	OG0014218	1,1,1,1,1,1,3,1,1,1,3
Cluster_1345	OG0020314	1
Cluster_1347	OG0006223	1,1,1,1,1,2,2,3,3,2,2,5,1
Cluster_1347	OG0006350	1,2,1,2,1,2,2,4,2,2,3,1
Cluster_1350	OG0005713	2,1,1,2,2,2,4,4,2,2,4
Cluster_1350	OG0001824	3,2,2,3,3,2,3,6,1,4,4,13,2
Cluster_1364	OG0013095	1,1,1,1,1,1,1,1,1,7,1
Cluster_1364	OG0017336	1,2,3,1
Cluster_1368	OG0017309	1,1
Cluster_1368	OG0000004	1,9,58,1,18,105,52,1,97,5,163,15
Cluster_1377	OG0018186	4,2
Cluster_1377	OG0002251	5,2,4,3,2,2,2,4,1,2,2,12,4
Cluster_1385	OG0005391	2,2,2,2,2,5,2,2,2,6
Cluster_1385	OG0000278	6,6,3,8,3,5,11,26,3,11,12,21,3
Cluster_1391	OG0015583	1,1,1,1,1,2,1,1,3
Cluster_1391	OG0010501	1,1,3,1,1,1,1,2,1,1,1,3,1
Cluster_1393	OG0004764	1,2,2,2,2,2,2,4,2,2,7,1
Cluster_1393	OG0000118	21,16,10,6,6,7,10,18,7,10,9,77,8
Cluster_1394	OG0004799	2,3,2,2,2,2,4,2,2,2,6
Cluster_1394	OG0003702	1,2,2,2,2,2,2,6,2,2,2,6
Cluster_1397	OG0001964	2,3,2,2,3,2,3,6,4,3,3,9,1
Cluster_1397	OG0004323	2,2,2,3,1,3,4,1,4,3,6
Cluster_1408	OG0002619	2,3,1,2,3,2,2,5,2,2,14,3
Cluster_1408	OG0015225	1,1,1,1,1,3,1,1,3,1
Cluster_1409	OG0012753	1,6,1,1,1,1,2,1,1,1,2,1
Cluster_1409	OG0000736	2,3,11,9,4,5,3,7,6,2,3,21,2
Cluster_1410	OG0005522	3,1,3,1,1,1,2,4,2,2,8,1
Cluster_1410	OG0015727	1,1,1,1,1,1,1,1,3,1
Cluster_1411	OG0012390	2,1,2,1,2,1,1,6,2
Cluster_1411	OG0010156	1,1,2,2,1,3,1,2,1,1,4,1
Cluster_1415	OG0000699	3,1,17,5,1,6,1,6,5,3,3,8,7
Cluster_1415	OG0002398	1,2,3,4,3,3,3,5,2,2,12,1
Cluster_1416	OG0018197	1,2,1,1
Cluster_1416	OG0012620	1,1,1,5,1,2,1,1,1,1,1,2,1
Cluster_1423	OG0009961	2,1,2,1,1,2,1,1,1,8,1
Cluster_1423	OG0013013	1,1,3,1,1,1,1,2,2,1,1,3
Cluster_1428	OG0000651	3,2,24,4,3,5,3,8,4,3,3,16,3
Cluster_1428	OG0005067	1,2,3,2,1,2,4,2,2,2,7
Cluster_1435	OG0012985	1,1,1,1,1,2,2,1,1,3,1
Cluster_1435	OG0000394	13,6,8,4,3,5,4,9,5,4,8,33,9
Cluster_1648	OG0001394	2,2,3,3,5,4,4,10,6,5,2,9,2
Cluster_1648	OG0022104	1
Cluster_1670	OG0000003	112,56,130,91,24,81,68,195,50,71,61,368,76
Cluster_1670	OG0025730	NA
Cluster_1671	OG0022195	1
Cluster_1671	OG0000124	8,7,16,2,11,9,9,25,17,12,10,50,8
Cluster_1672	OG0001875	1,2,8,16,3,1,2,2,1,2,2,7,2
Cluster_1672	OG0002578	1,2,7,1,3,2,3,4,2,2,2,4,1
Cluster_1678	OG0002096	2,3,3,2,3,4,3,6,5,3,3,9,1
Cluster_1678	OG0000051	45,15,11,20,6,25,12,24,6,34,5,127,23
Cluster_1697	OG0004444	2,1,2,1,1,2,2,5,2,2,2,8,2
Cluster_1697	OG0024979	NA
Cluster_1705	OG0008236	1,2,2,1,1,1,1,2,2,1,2,6,2
Cluster_1705	OG0003485	1,1,6,1,1,2,1,2,2,1,1,17,1
Cluster_1708	OG0001721	2,9,6,2,2,2,5,4,2,2,11,2
Cluster_1708	OG0025549	NA
Cluster_1710	OG0002118	2,1,4,2,1,1,1,5,3,1,1,24,3
Cluster_1710	OG0000517	3,4,7,5,4,7,4,9,9,4,4,25,4
Cluster_1713	OG0004971	3,2,3,1,1,10,1,1,1,8,1
Cluster_1713	OG0006235	1,1,12,1,1,1,2,1,1,1,6,1
Cluster_1714	OG0018825	1,2,1
Cluster_1714	OG0001234	3,3,8,2,2,5,3,6,4,3,3,11,4
Cluster_1724	OG0008277	1,1,3,4,1,1,1,4,1,1,1,4,1
Cluster_1724	OG0002732	1,2,2,2,2,2,2,5,1,4,2,11,2
Cluster_1747	OG0022366	NA
Cluster_1747	OG0018843	2,1
Cluster_1538	OG0025540	NA
Cluster_1538	OG0000834	9,8,17,1,1,1,5,2,27,4
Cluster_1545	OG0000052	35,16,10,25,6,28,14,34,1,21,20,119,23
Cluster_1545	OG0014521	1,1,1,1,1,1,1,2,1,1,1,2,1
Cluster_1554	OG0000491	6,6,5,6,3,7,6,13,1,6,5,19,4
Cluster_1554	OG0000001	201,117,250,155,18,131,130,340,126,157,118,674,173
Cluster_1559	OG0025711	NA
Cluster_1559	OG0005231	2,3,2,2,2,2,3,1,2,2,6,2
Cluster_1560	OG0003351	1,1,11,3,1,2,1,7,2,1,1,5,2
Cluster_1560	OG0000056	1,3,94,1,21,41,12
Cluster_1564	OG0005026	1,1,11,2,1,1,1,3,2,1,1,4,1
Cluster_1564	OG0006303	2,1,2,1,1,1,1,3,1,1,1,11,2
Cluster_1573	OG0006486	1,2,3,1,1,1,1,2,1,1,1,8,2
Cluster_1573	OG0025022	1
Cluster_1578	OG0000538	8,5,5,12,3,7,8,16,4,2,15,4
Cluster_1578	OG0001120	3,3,9,3,3,2,3,4,5,2,3,17,2
Cluster_1580	OG0000132	11,4,11,8,1,9,13,25,2,10,9,81,14
Cluster_1580	OG0019645	2
Cluster_1588	OG0000271	8,4,26,5,6,10,4,11,6,7,5,31,8
Cluster_1588	OG0000062	10,12,38,27,13,16,15,37,21,13,12,64,11
Cluster_1600	OG0004238	1,2,5,1,4,1,2,3,2,2,2,7,1
Cluster_1600	OG0007054	1,1,3,2,1,2,1,2,1,1,1,7,1
Cluster_1602	OG0011107	1,2,1,1,2,1,2,1,1,1,6,1
Cluster_1602	OG0003526	1,1,3,3,1,2,2,5,3,2,2,10,1
Cluster_1606	OG0022336	1
Cluster_1606	OG0019533	NA
Cluster_1612	OG0025807	NA
Cluster_1612	OG0000072	19,14,18,17,6,12,14,30,9,15,18,76,16
Cluster_1623	OG0001371	2,3,2,2,2,4,4,7,2,6,5,7,3
Cluster_1623	OG0003419	3,2,5,2,2,2,3,1,3,2,12,1
Cluster_1625	OG0002824	2,2,6,1,2,2,5,3,2,2,10,2
Cluster_1625	OG0009083	3,1,2,1,1,1,1,2,1,1,1,7,1
Cluster_1627	OG0000162	18,10,9,4,2,6,9,13,4,7,8,61,18
Cluster_1627	OG0002547	2,2,5,1,2,3,2,4,3,2,2,13,2
Cluster_1642	OG0016569	2,2,1,2,1,1
Cluster_1642	OG0004183	1,2,1,6,2,2,3,4,2,1,8,3
Cluster_1644	OG0005381	1,4,1,3,2,2,4,1,2,2,6
Cluster_1644	OG0005724	1,1,2,2,3,2,4,4,2,2,6
Cluster_1660	OG0002074	2,2,4,2,2,2,2,7,3,2,2,14,1
Cluster_1660	OG0002894	2,2,4,4,2,2,2,4,2,2,2,10,2
Cluster_1662	OG0016377	6,3,1
Cluster_1662	OG0022201	1,1
Cluster_1663	OG0004327	1,2,3,1,3,2,6,2,2,2,6,3
Cluster_1663	OG0000484	4,4,22,9,3,6,3,6,4,4,4,20,7
Cluster_1911	OG0000001	201,117,250,155,18,131,130,340,126,157,118,674,173
Cluster_1911	OG0002345	2,2,6,3,2,3,2,4,4,2,2,10,2
Cluster_1918	OG0015530	1,1,1,1,1,1,2,1,1,3
Cluster_1918	OG0000002	175,110,251,140,15,88,91,346,74,97,80,869,131
Cluster_1934	OG0009102	1,1,9,1,2,3,1,1,1,2,1
Cluster_1934	OG0003730	1,1,4,1,2,1,2,4,1,1,1,17,1
Cluster_1948	OG0003122	2,2,4,3,2,1,2,4,2,2,2,8,2
Cluster_1948	OG0025956	NA
Cluster_1857	OG0004260	1,1,11,2,1,2,1,3,3,1,1,7,1
Cluster_1857	OG0018739	1,1,1,1
Cluster_1881	OG0007272	1,3,2,4,3,2,9
Cluster_1881	OG0025768	NA
Cluster_1883	OG0025054	NA
Cluster_1883	OG0006184	3,1,4,1,1,3,3,1,1,1,8,1
Cluster_1893	OG0018217	1,2,1,1
Cluster_1893	OG0001680	3,3,2,3,2,2,3,7,2,3,3,15,4
Cluster_1906	OG0000005	109,49,79,53,4,69,66,147,24,86,71,369,93
Cluster_1906	OG0022180	1
Cluster_1907	OG0001991	2,3,6,2,2,3,2,8,1,3,2,13,3
Cluster_1907	OG0013803	1,5,1,1,1,1,1,4,1
Cluster_1920	OG0000223	14,5,5,4,3,3,12,27,4,9,10,39,5
Cluster_1920	OG0000278	6,6,3,8,3,5,11,26,3,11,12,21,3
Cluster_1924	OG0019457	2,1
Cluster_1924	OG0016366	NA
Cluster_1940	OG0005218	1,2,2,2,3,2,2,4,1,2,1,5,1
Cluster_1940	OG0003859	1,1,4,3,1,1,1,2,1,1,1,19,1
Cluster_1941	OG0007263	1,2,2,1,3,1,2,2,1,1,7,1
Cluster_1941	OG0018228	1,3,2
Cluster_1945	OG0000827	3,4,5,7,3,4,4,9,6,4,4,13,3
Cluster_1945	OG0019546	1,1,1
Cluster_1949	OG0000036	25,16,74,40,10,12,21,39,24,21,27,72,23
Cluster_1949	OG0001945	1,1,2,2,1,1,1,2,1,1,2,1
Cluster_1755	OG0010365	1,2,1,2,2,3,2,1,1,5,1
Cluster_1755	OG0000015	2,38,3,17,21,182,7,5,3,115,10
Cluster_1758	OG0017173	2,1,1,2,2
Cluster_1758	OG0000400	5,3,6,7,2,11,11,14,5,12,8,17,4
Cluster_1760	OG0003377	1,1,5,13,2,8
Cluster_1760	OG0003503	2,2,2,5,1,1,1,2,2,2,2,15,1
Cluster_1765	OG0001131	3,5,6,1,4,4,5,8,2,4,4,9
Cluster_1765	OG0004968	2,2,2,2,2,2,2,2,2,3,3,4
Cluster_1770	OG0006886	2,1,2,1,1,2,1,2,1,1,1,7,2
Cluster_1770	OG0014977	1,2,1,1,1,2,1,1,1,2,1
Cluster_1771	OG0010801	1,1,1,1,1,3,1,2,1,1,1,3,1
Cluster_1771	OG0008063	1,1,3,2,1,2,1,1,2,5,1
Cluster_1776	OG0002264	3,3,1,1,2,3,4,1,3,4,13,2
Cluster_1776	OG0002770	2,2,2,1,1,1,3,10,3,3,3,7,1
Cluster_1778	OG0007123	2,1,5,1,1,1,5,1,1,1,6,1
Cluster_1778	OG0007124	1,1,4,3,1,2,2,3,1,1,2,4,1
Cluster_1779	OG0000617	8,3,7,3,3,6,6,11,6,5,6,15,9
Cluster_1779	OG0004242	3,2,8,1,1,1,1,1,2,1,1,8,3
Cluster_1783	OG0015412	1,1,1,1,1,1,3,1,3
Cluster_1783	OG0006984	1,1,1,1,1,3,1,5,1,2,3,5,1
Cluster_1785	OG0007342	2,1,4,1,1,1,1,2,1,1,1,7,2
Cluster_1785	OG0000275	8,7,18,8,6,7,7,12,7,10,7,24,7
Cluster_1790	OG0004483	1,2,2,2,1,2,2,3,3,2,2,7,1
Cluster_1790	OG0002005	1,2,2,3,3,2,3,6,3,3,3,11,3
Cluster_1792	OG0012912	1,1,2,1,1,1,1,2,1,1,1,3,1
Cluster_1792	OG0017183	1,1,2,2,1,1
Cluster_1794	OG0025256	NA
Cluster_1794	OG0000746	5,5,12,4,3,4,8,3,4,4,19,4
Cluster_1811	OG0000424	3,5,8,6,5,10,5,10,11,5,5,20,3
Cluster_1811	OG0026051	1
Cluster_1812	OG0003113	2,2,5,2,2,2,2,4,2,1,2,9
Cluster_1812	OG0018766	1,1,1,1
Cluster_1821	OG0009610	1,2,3,3,2,1,3,1,1,3,1
Cluster_1821	OG0014308	1,1,2,1,1,1,1,2,1,1,3
Cluster_1822	OG0013768	1,1,2,2,2,1,1,2,1,2,1
Cluster_1822	OG0007013	1,1,5,4,2,1,1,1,2,1,6,1
Cluster_1825	OG0004953	5,4,3,1,3,4,1,5,4
Cluster_1825	OG0019598	1,1,1
Cluster_1830	OG0013101	1,1,2,1,1,1,1,2,1,1,1,3,1
Cluster_1830	OG0012046	1,1,2,2,1,2,1,2,1,1,3,1
Cluster_1837	OG0000528	12,10,4,1,1,1,1,3,1,1,2,49,10
Cluster_1837	OG0017031	1,2,2,2,1
Cluster_1841	OG0020745	1,1,1
Cluster_1841	OG0013457	1,5,1,1,1,1,2,1,1,3
Cluster_1874	OG0000356	5,5,11,6,4,10,6,12,11,6,7,25,4
Cluster_1874	OG0008710	1,1,1,1,1,1,1,2,4,1,1,5,1
Cluster_1878	OG0002929	2,1,2,1,2,2,3,3,2,3,15,2
Cluster_1878	OG0004532	1,1,6,1,1,1,1,3,2,1,1,8,1
Cluster_2082	OG0000017	43,30,53,1,8,31,30,64,25,33,31,166,39
Cluster_2082	OG0015107	1,1,1,1,1,1,2,1,1,3,1
Cluster_1967	OG0025356	1
Cluster_1967	OG0003273	2,2,2,2,2,2,2,6,3,2,2,7,2
Cluster_1992	OG0018557	1,1,2
Cluster_1992	OG0007015	1,1,2,3,1,1,1,2,1,1,8,1
Cluster_1995	OG0015383	1,2,1,1,6,2
Cluster_1995	OG0009885	1,1,1,1,1,1,1,2,2,1,1,5,1
Cluster_2017	OG0025020	NA
Cluster_2017	OG0008797	2,2,1,1,1,2,1,2,1,1,1,7,1
Cluster_2062	OG0000004	1,9,58,1,18,105,52,1,97,5,163,15
Cluster_2062	OG0002335	3
Cluster_2065	OG0004420	2,2,1,3,2,2,5,2,2,2,4,1
Cluster_2065	OG0010921	1,1,1,1,1,1,1,2,2,1,1,3
Cluster_2066	OG0025454	NA
Cluster_2066	OG0011477	1,1,1,1,2,1,1,8,3
Cluster_2070	OG0011211	1,1,1,1,1,1,1,2,2,1,1,3,1
Cluster_2070	OG0001572	2,2,16,3,1,4,4,6,3,2,2,7,2
Cluster_2072	OG0002187	3,2,2,3,3,5,2,4,3,3,2,10,2
Cluster_2072	OG0000228	2,1,2,11,7,17,7,41,8,17,13,5
Cluster_2075	OG0016441	1,1,1,2,1,1,1
Cluster_2075	OG0000928	10,1,9,2,1,2,1,12,3,1,2,8,6
Cluster_2076	OG0020755	2
Cluster_2076	OG0025608	NA
Cluster_2078	OG0013208	1,1,2,1,1,3,2,1,1,3,1
Cluster_2078	OG0001710	3,5,3,5,3,5,7,2,3,12,2
Cluster_2081	OG0020679	1,1
Cluster_2081	OG0008524	1,1,2,1,1,2,1,2,2,1,3,5,1
Cluster_2093	OG0010548	1,1,1,1,1,1,1,2,1,1,1,6
Cluster_2093	OG0025672	NA
Cluster_2094	OG0003790	2,3,7,2,1,2,2,4,2,2,2,6
Cluster_2094	OG0014163	1,2,1,1,1,3,1,1,1,3,1
Cluster_2097	OG0000117	10,8,20,13,8,15,10,19,17,9,9,49,9
Cluster_2097	OG0004293	1,2,1,2,2,3,2,4,3,2,2,6,1
Cluster_2109	OG0004834	1,1,3,1,1,2,1,3,4,1,1,9,1
Cluster_2109	OG0025080	NA
Cluster_2115	OG0000151	7,11,17,11,2,13,9,21,2,9,11,33,4
Cluster_2115	OG0006875	1,1,1,1,2,2,1,2,2,1,1,6,1
Cluster_2116	OG0002374	2,2,6,2,2,2,2,5,3,2,2,11,2
Cluster_2116	OG0009787	1,1,3,1,1,1,1,2,2,1,1,3,1
Cluster_1955	OG0020771	1,1,1
Cluster_1955	OG0005796	1,1,2,4,1,1,1,2,1,1,3,8,1
Cluster_1959	OG0016419	1,2,1,2,2,1,1
Cluster_1959	OG0001115	1,2,3,1,3,2,5,5,2,1,34,8
Cluster_1966	OG0014466	1,1,2,1,1,1,2,1,1,3,1
Cluster_1966	OG0000429	4,4,7,5,3,5,7,10,5,7,8,22,7
Cluster_1969	OG0000962	5,3,7,4,6,4,7,2,4,4,20,2
Cluster_1969	OG0002663	2,2,12,3,3,2,2,2,2,2,1,6,2
Cluster_1970	OG0014404	1,1,1,1,1,1,1,2,1,1,1,3
Cluster_1970	OG0000148	9,10,14,7,8,13,10,18,15,8,7,41,9
Cluster_1974	OG0005154	2,2,2,2,1,2,2,3,2,2,5,2
Cluster_1973	OG0001810	2,2,4,4,2,3,3,3,4,3,2,15,2
Cluster_1973	OG0025554	1
Cluster_1974	OG0000129	13,7,27,9,7,7,8,16,5,7,7,73,11
Cluster_1980	OG0020540	1
Cluster_1980	OG0002895	1,2,4,2,2,4,2,6,4,3,2,7
Cluster_1982	OG0006252	1,1,1,1,1,2,1,3,2,1,1,2
Cluster_1982	OG0002952	2,3,2,2,2,4,5,1,4,3,7,2
Cluster_1984	OG0007306	1,1,2,2,1,2,3,4,1,2,2,3,1
Cluster_1984	OG0019671	1,1,1,1
Cluster_1993	OG0004132	2,1,1,2,1,1,2,3,4,2,2,10,2
Cluster_1993	OG0002713	2,2,2,2,3,3,2,3,4,2,2,8,1
Cluster_1994	OG0017648	1,1,3,1
Cluster_1994	OG0003804	2,3,4,2,1,2,2,4,4,2,2,5,2
Cluster_2007	OG0002637	2,1,8,2,2,3,2,5,2,2,2,7,2
Cluster_2007	OG0013775	1,1,1,1,2,1,2,1,1,1,3,1
Cluster_2013	OG0006746	1,2,1,1,1,1,2,4,2,2,2,4,2
Cluster_2013	OG0012175	1,1,2,1,1,1,1,2,1,1,1,4,1
Cluster_2020	OG0014228	1,4,1,1,1,1,2,1,1,3
Cluster_2020	OG0009960	1,1,2,3,1,1,1,2,1,1,1,3,1
Cluster_2025	OG0006018	1,2,3,2,2,2,2,3,1,2,2,6,1
Cluster_2025	OG0001785	1,2,2,4,4,4,4,8,3,3,3,6,1
Cluster_2032	OG0007489	1,1,1,2,1,3,1,2,3,1,1,6,1
Cluster_2032	OG0022175	2
Cluster_2039	OG0015089	1,1,2,1,2,1,2,1,1,2
Cluster_2039	OG0013922	1,1,1,1,1,1,2,1,1,3,1
Cluster_2044	OG0000797	1,2,12,9,2,2,2,3,2,2,2,33,2
Cluster_2044	OG0007091	1,1,4,2,1,3,1,2,1,1,1,5,1
Cluster_2046	OG0010219	1,1,1,1,1,1,1,3,3,1,1,5,1
Cluster_2046	OG0018730	1,1,2
Cluster_2047	OG0003944	2,2,5,1,2,2,2,4,4,2,2,2,2
Cluster_2047	OG0018833	4
Cluster_2050	OG0012740	2,1,1,1,1,1,2,2,1,1,3
Cluster_2050	OG0004322	1,2,3,2,1,3,2,1,2,12,2
Cluster_2051	OG0013369	1,1,1,1,1,1,2,1,1,1,3
Cluster_2051	OG0000905	4,3,11,4,2,3,3,6,4,3,3,15,4
Cluster_2054	OG0005360	1,2,1,1,2,1,2,3,2,2,2,6
Cluster_2054	OG0004577	2,3,2,2,2,1,4,4,2,2,6
Cluster_2055	OG0017278	1,1,3,3
Cluster_2055	OG0001691	2,3,4,7,2,3,3,4,3,3,3,10,3
Cluster_2056	OG0005154	2,2,2,2,1,2,2,3,2,2,5,2
Cluster_2056	OG0000129	13,7,27,9,7,7,8,16,5,7,7,73,11
Cluster_2058	OG0001206	2,3,6,3,2,3,2,8,5,3,3,13,3
Cluster_2058	OG0014769	1,1,1,2,1,1,2,1,1,3,1
Cluster_2271	OG0004136	3,3,1,2,2,4,2,2,1,3,9,3
Cluster_2271	OG0001986	3,1,2,1,2,1,3,11,3,4,2,12,2
Cluster_2278	OG0009808	1,1,4,1,1,1,1,2,2,1,1,4,1
Cluster_2278	OG0000463	4,6,6,5,3,5,9,12,4,9,8,19,3
Cluster_2286	OG0014223	1,1,1,1,1,1,1,2,1,1,3
Cluster_2286	OG0002537	2,1,2,2,1,3,2,5,2,3,1,14,3
Cluster_2160	OG0012720	1,1,1,1,1,2,1,1,1,7,1
Cluster_2160	OG0011567	1,1,2,1,1,1,1,4,1,1,1,3,1
Cluster_2224	OG0000370	16,2,5,4,11,6,2,20,8,4,1,8,14
Cluster_2224	OG0001460	3,2,5,2,2,2,2,4,2,2,2,21,4
Cluster_2233	OG0026045	1
Cluster_2233	OG0004018	1,1,7,2,2,3,3,4,1,2,1,6,3
Cluster_2239	OG0004655	2,1,3,1,2,2,1,2,2,1,1,14,1
Cluster_2239	OG0000030	50,27,34,21,4,23,37,61,13,14,20,108,20
Cluster_2248	OG0012949	1,2,1,1,1,1,3,1,1,1,3,1
Cluster_2248	OG0008927	1,4,1,1,1,1,2,1,1,1,9,1
Cluster_2249	OG0010673	1,1,5,2,1,1,3,1,1,1,3,1
Cluster_2249	OG0002219	2,5,2,3,2,3,3,3,1,6,3,11,2
Cluster_2258	OG0000062	10,12,38,27,13,16,15,37,21,13,12,64,11
Cluster_2258	OG0017302	1,2,1,1,2
Cluster_2267	OG0000007	62,44,150,57,9,49,54,165,48,42,39,222,59
Cluster_2267	OG0005244	4,1,4,1,1,2,1,2,3,1,1,9,1
Cluster_2268	OG0001354	2,3,3,2,1,2,2,5,4,2,2,24,4
Cluster_2268	OG0002910	2,2,3,2,1,4,2,4,4,2,2,11,1
Cluster_2280	OG0025604	NA
Cluster_2280	OG0009080	2,1,1,1,1,2,1,1,2,1,1,6,2
Cluster_2289	OG0000001	201,117,250,155,18,131,130,340,126,157,118,674,173
Cluster_2289	OG0013562	1,1,1,1,1,1,1,1,1,1,6,1
Cluster_2292	OG0015843	1
Cluster_2292	OG0003159	1,2,7,2,1,2,2,4,2,2,2,8,1
Cluster_2123	OG0022130	2
Cluster_2123	OG0018168	1,2,2
Cluster_2141	OG0013010	1,1,1,1,1,1,1,2,2,1,1,2
Cluster_2141	OG0006002	1,1,4,2,2,4,1,2,2,1,1,7,1
Cluster_2142	OG0003679	1,2,2,4,1,2,1,2,3,2,14
Cluster_2142	OG0000244	10,4,3,5,5,5,11,23,3,11,10,24,9
Cluster_2146	OG0004828	3,2,1,2,1,2,4,1,3,2,9,2
Cluster_2146	OG0011847	1,1,2,1,1,1,3,1,1,1,3,1
Cluster_2154	OG0000313	11,4,6,3,3,4,6,15,3,9,6,31,14
Cluster_2154	OG0000076	12,17,1,42,10,2,11,1
Cluster_2157	OG0013589	1,1,4,6,2,1,1
Cluster_2157	OG0001367	3,3,4,4,4,1,7,5,4,3,13,3
Cluster_2164	OG0025337	NA
Cluster_2164	OG0000820	4,4,9,2,3,4,2,6,4,2,1,25,5
Cluster_2181	OG0000722	2,2,15,4,3,5,2,4,2,2,2,32,2
Cluster_2181	OG0004465	1,1,4,3,1,1,1,2,2,1,1,13,1
Cluster_2186	OG0013631	1,1,1,1,1,1,1,1,2,1,1,3,1
Cluster_2186	OG0003819	1,2,3,2,1,2,1,2,2,2,2,12,1
Cluster_2200	OG0010920	1,1,1,1,1,2,1,2,2,1,1,3,1
Cluster_2200	OG0009458	1,1,2,2,2,2,4,1,2,5
Cluster_2206	OG0000512	7,3,3,5,3,3,6,11,6,5,6,19,1
Cluster_2205	OG0000565	16,38,10,4
Cluster_2205	OG0000004	1,9,58,1,18,105,52,1,97,5,163,15
Cluster_2206	OG0012856	1,1,1,1,1,1,1,2,1,1,1,3
Cluster_2210	OG0022307	1,1
Cluster_2210	OG0000275	8,7,18,8,6,7,7,12,7,10,7,24,7
Cluster_2213	OG0001599	3,2,4,1,1,4,9,1,2,5,14,2
Cluster_2213	OG0002535	2,2,4,2,2,3,2,4,2,2,2,13,2
Cluster_2214	OG0005815	1,1,8,1,1,1,1,2,2,1,1,6,1
Cluster_2214	OG0007556	1,1,3,1,1,2,1,2,1,1,1,7,1
Cluster_2219	OG0019542	1,2
Cluster_2219	OG0000521	4,4,4,5,8,6,7,16,4,7,7,10,4
Cluster_2221	OG0004417	1,1,4,1,1,1,1,2,1,1,1,15,1
Cluster_2221	OG0000658	5,1,2,14,2
Cluster_0065	OG0004308	1,1,3,1,1,3,3,6,1,3,2,5,1
Cluster_0065	OG0010941	1,1,1,2,1,2,2,3,1,1,4,1
Cluster_0085	OG0006616	1,1,2,4,1,2,2,4,2,1,6,1
Cluster_0085	OG0025754	1
Cluster_0099	OG0007943	1,1,3,2,1,2,3,2,2,2,1,3,1
Cluster_0099	OG0005396	1,2,2,2,2,3,5,1,2,3,6,1
Cluster_0104	OG0008425	1,1,2,2,1,1,2,5,2,1,1,3,1
Cluster_0104	OG0015594	2,2,1,2,3
Cluster_0120	OG0006788	1,1,4,1,1,1,3,1,1,3,9,1
Cluster_0120	OG0012606	1,1,1,1,2,1,2,2,1,1,4,1
Cluster_0126	OG0004191	1,2,2,2,2,2,2,4,3,2,2,6,1
Cluster_0126	OG0005376	2,2,2,2,1,3,2,2,2,7,3
Cluster_0140	OG0000189	11,5,18,11,8,8,9,22,3,12,10,33,9
Cluster_0140	OG0011713	1,1,2,1,1,1,1,3,1,1,3,1
Cluster_0007	OG0004922	1,2,1,2,1,2,1,4,1,2,2,10,2
Cluster_0007	OG0001961	2,2,4,3,1,3,2,6,3,2,2,16,2
Cluster_0018	OG0005772	3,1,1,2,1,1,4,4,3,3,2,2,2
Cluster_0018	OG0019667	1,1,1
Cluster_0094	OG0008328	1,1,4,1,2,1,4,4,1,1,3
Cluster_0094	OG0001593	2,2,16,6,3,2,2,4,1,2,2,10,2
Cluster_0101	OG0006840	1,2,1,1,2,5,2,2,1,9,1
Cluster_0101	OG0007657	2,1,3,1,1,2,6,1,1,1,4,1
Cluster_0129	OG0022255	1
Cluster_0129	OG0000075	39,15,5,10,1,8,22,53,1,19,20,74,18
Cluster_0130	OG0025089	NA
Cluster_0130	OG0013437	NA
Cluster_0138	OG0022237	2
Cluster_0138	OG0002266	3,2,6,3,1,3,2,10,2,4,1,5,3
Cluster_0139	OG0000871	4,2,7,1,2,2,2,3,2,2,2,42,4
Cluster_0139	OG0022417	1,1
Cluster_0141	OG0008145	1,1,5,2,1,3,1,2,2,1,1,1,1
Cluster_0141	OG0018034	1,2,1,1
Cluster_0145	OG0003774	2,1,6,1,1,1,1,2,2,1,1,14,2
Cluster_0145	OG0002776	2,2,7,4,2,2,2,4,3,2,2,8,1
Cluster_0156	OG0002726	1,1,5,5,2,3,2,4,2,2,2,8,1
Cluster_0156	OG0007869	1,1,1,2,2,2,1,2,2,1,1,7,1
Cluster_0159	OG0001101	3,1,10,4,1,3,3,10,1,1,2,25,3
Cluster_0159	OG0000142	7,7,14,8,2,7,9,18,9,10,10,68,6
Cluster_0177	OG0016595	1,1,1,2,1,1,1,1
Cluster_0177	OG0016137	1,1,1,1,2,1,1,3
Cluster_0002	OG0000056	1,3,94,1,21,41,12
Cluster_0002	OG0002707	2,1,9,7,1,1,3,9,1,1,5,3
Cluster_0009	OG0001517	3,3,4,3,3,3,2,6,4,3,3,10,3
Cluster_0009	OG0008087	1,1,4,3,1,3,1,1,1,6,1
Cluster_0012	OG0018224	1,2
Cluster_0012	OG0007090	1,1,2,1,1,1,2,1,1,2,1
Cluster_0022	OG0017629	1,2,1
Cluster_0022	OG0007770	1,3,2,1,1,2,2,2,2,1,5,1
Cluster_0038	OG0013734	1,1,1,1,2,1,3,1,1,3,1
Cluster_0038	OG0025024	1
Cluster_0046	OG0003527	2,2,3,2,1,2,2,4,2,2,2,9,2
Cluster_0046	OG0000668	3,3,4,4,2,3,4,9,5,4,4,21,5
Cluster_0053	OG0002497	1,2,5,2,3,2,2,5,3,3,2,7,2
Cluster_0053	OG0015709	1,1,1,1,2,2,1,2,1
Cluster_0056	OG0010585	1,2,3,1,1,1,2,1,1,1,6,1
Cluster_0056	OG0001122	4,4,2,2,1,3,5,10,2,4,1,20,3
Cluster_0059	OG0012451	1,1,1,1,1,1,2,1,1,1,4,1
Cluster_0059	OG0009392	2,1,2,1,1,1,1,2,1,1,1,5,2
Cluster_0061	OG0019670	1,1
Cluster_0061	OG0015074	1,2,1,1,1,1,1,1,1,1,3
Cluster_0069	OG0005323	1,1,2,1,1,1,2,3,1,2,2,9,2
Cluster_0069	OG0004739	1,1,1,1,1,2,4,1,2,3,12,2
Cluster_0072	OG0005949	1,1,2,1,3,1,1,7,2,1,1,7,1
Cluster_0072	OG0000249	11,21,2,3,10,1,13,4,7,54,7
Cluster_0074	OG0025008	1
Cluster_0074	OG0017024	1,2,1,1,3
Cluster_0081	OG0014986	1,1,1,1,2,3,1,1,1
Cluster_0081	OG0001960	3,2,9,1,2,2,2,4,3,3,1,12,1
Cluster_2304	OG0025344	1
Cluster_2304	OG0002168	1,2,8,5,1,2,2,5,1,2,2,12,3
