Cluster_0501	OG0003726	2,2,2,2,1,2,2,4,3,2,2,7,2
Cluster_0501	OG0003021	2,2,3,2,1,1,3,3,4,3,3,7,1
Cluster_0501	OG0012945	1,1,3,2,1,2,1,1,1,3,1
Cluster_0522	OG0001599	3,2,4,1,1,4,9,1,2,5,14,2
Cluster_0522	OG0015384	1,1,1,1,1,1,1,6,1
Cluster_0184	OG0000278	6,6,3,8,3,5,11,26,3,11,12,21,3
Cluster_0184	OG0021757	1
Cluster_0223	OG0012856	1,1,1,1,1,1,1,2,1,1,1,3
Cluster_0223	OG0007304	1,1,3,1,1,1,1,2,2,1,1,9,1
Cluster_0223	OG0000512	7,3,3,5,3,3,6,11,6,5,6,19,1
Cluster_0227	OG0014850	1,2,1,1,3,1,1,1,3,1
Cluster_0227	OG0003792	2,1,6,1,2,4,1,4,1,1,1,11,2
Cluster_0227	OG0004737	2,1,1,2,4,2,1,5,4,2,1,6,1
Cluster_0440	OG0014887	1,1,1,1,1,1,3,1,1,3
Cluster_0440	OG0001436	2,2,10,1,3,4,6,4,5,2,11,2
Cluster_0440	OG0003141	3,2,4,3,3,1,5,3,2,10,1
Cluster_0444	OG0004592	2,2,3,2,2,3,2,3,3,2,1,6,2
Cluster_0444	OG0019666	1,2
Cluster_0444	OG0000019	35,41,31,33,29,33,87,27,34,35,100,33
Cluster_0465	OG0001157	4,2,10,2,2,3,2,4,4,2,2,19,5
Cluster_0465	OG0005484	1,2,2,2,2,2,2,4,2,2,2,3,1
Cluster_0467	OG0025967	NA
Cluster_0467	OG0001283	3,3,3,2,2,5,4,10,4,4,5,10,2
Cluster_0482	OG0001271	2,2,5,2,1,5,4,9,1,3,4,16,3
Cluster_0482	OG0018045	2,1,1,2
Cluster_0482	OG0001271	2,2,5,2,1,5,4,9,1,3,4,16,3
Cluster_0483	OG0003512	5,4,1,2,1,10,1,1,5,7,1
Cluster_0483	OG0000358	2,1,3,4,4,7,10,24,1,11,15,7,3
Cluster_0492	OG0022108	1
Cluster_0492	OG0002762	1,1,5,4,1,3,2,4,3,2,2,9,1
Cluster_0494	OG0000864	11,2,2,2,3,11,2,5,4,21,6
Cluster_0494	OG0006144	1,2,2,1,2,2,5,1,3,2,3,1
Cluster_0508	OG0003876	1,1,2,3,2,4,2,7,4,1,3,4,1
Cluster_0508	OG0000122	16,17,16,6,3,14,16,21,8,12,17,44,13
Cluster_0508	OG0014970	1,1,1,1,2,1,2,3
Cluster_0508	OG0000794	6,6,8,1,2,1,12,1,3,2,28,6
Cluster_0508	OG0003213	1,2,3,2,3,3,6,2,4,3,6,1
Cluster_0516	OG0011623	1,1,1,1,1,1,2,1,1,6,2
Cluster_0516	OG0000045	24,12,17,15,2,24,22,45,16,16,33,98,25
Cluster_0518	OG0002867	2,2,4,3,3,3,2,4,3,2,2,6,2
Cluster_0518	OG0000315	8,5,8,4,2,5,8,16,7,7,8,27,7
Cluster_0518	OG0015527	1,1,1,2,1,2,3
Cluster_0186	OG0000007	62,44,150,57,9,49,54,165,48,42,39,222,59
Cluster_0186	OG0000346	5,6,10,13,3,7,7,15,4,8,8,15,4
Cluster_0190	OG0016995	1,3,2,1
Cluster_0190	OG0001177	2,4,9,4,2,6,3,6,3,3,4,11,3
Cluster_0200	OG0019457	2,1
Cluster_0200	OG0008307	1
Cluster_0202	OG0025121	NA
Cluster_0202	OG0002232	2,2,2,2,2,2,3,3,2,2,9,1
Cluster_0211	OG0002615	1,1,7,1,2,1,8,2,1,1,9,2
Cluster_0211	OG0022335	1
Cluster_0211	OG0004898	1,1,14,1,2,1,1,2,1,1,4,1
Cluster_0212	OG0010066	1,2,1,1,1,1,1,2,2,1,1,3
Cluster_0212	OG0025216	NA
Cluster_0216	OG0000005	109,49,79,53,4,69,66,147,24,86,71,369,93
Cluster_0216	OG0002509	5,3,3,5,2,2,5,2,3,9,4
Cluster_0218	OG0001822	4,3,1,2,1,1,4,7,1,4,3,16,3
Cluster_0218	OG0020614	1
Cluster_0237	OG0000573	3,3,6,9,5,5,5,9,6,5,5,22,3
Cluster_0237	OG0025784	NA
Cluster_0240	OG0005755	1,1,4,2,1,1,1,4,1,1,1,9,2
Cluster_0240	OG0000003	112,56,130,91,24,81,68,195,50,71,61,368,76
Cluster_0258	OG0004593	1,2,2,3,1,2,2,3,2,2,8,2
Cluster_0258	OG0000370	16,2,5,4,11,6,2,20,8,4,1,8,14
Cluster_0270	OG0002985	1,3,3,2,1,3,3,6,1,4,3,6,1
Cluster_0270	OG0016391	1,1,1,2,1,1,3
Cluster_0270	OG0000463	4,6,6,5,3,5,9,12,4,9,8,19,3
Cluster_0271	OG0000796	6,4,9,6,3,2,6,4,2,2,23,9
Cluster_0271	OG0002184	3,1,5,1,1,1,2,5,2,2,19,4
Cluster_0277	OG0009622	1,1,1,1,1,1,2,1,2,5,1
Cluster_0277	OG0015791	1,2,1,1,1,2,1,1,1
Cluster_0277	OG0009622	1,1,1,1,1,1,2,1,2,5,1
Cluster_0300	OG0000103	13,14,30,9,6,14,16,27,4,19,14,38,12
Cluster_0300	OG0001983	9,2,2,3,2,1,2,3,1,2,14,6
Cluster_0311	OG0000179	30,14,2,3,4,5,11,31,2,11,13,25,13
Cluster_0311	OG0000814	8,6,2,1,1,7,6,8,7,12,4
Cluster_0317	OG0000001	201,117,250,155,18,131,130,340,126,157,118,674,173
Cluster_0317	OG0010666	2,1,3,1,1,1,2,1,1,5,1
Cluster_0320	OG0001599	3,2,4,1,1,4,9,1,2,5,14,2
Cluster_0320	OG0002535	2,2,4,2,2,3,2,4,2,2,2,13,2
Cluster_0320	OG0008208	1,2,1,1,2,3,3,4,1,4,1
Cluster_0347	OG0002609	3,3,2,2,2,3,2,4,3,2,2,8,1
Cluster_0347	OG0022205	1,1
Cluster_0350	OG0001558	4,1,6,3,6,10,1,2,5,11,2
Cluster_0350	OG0000380	5,3,28,9,3,5,7,15,6,7,19,5
Cluster_0354	OG0017626	1,2,2,1
Cluster_0354	OG0000488	7,3,13,1,1,1,3,7,2,5,3,40,5
Cluster_0357	OG0000244	10,4,3,5,5,5,11,23,3,11,10,24,9
Cluster_0357	OG0013499	1,2,1,1,1,2,1,2,4
Cluster_0370	OG0013630	1,1,2,1,1,1,1,1,1,1,1,3,1
Cluster_0370	OG0001190	5,2,5,2,2,2,3,6,3,3,3,16,5
Cluster_0371	OG0000151	7,11,17,11,2,13,9,21,2,9,11,33,4
Cluster_0371	OG0008334	1,5,1,3,1,2,1,4,4
Cluster_0374	OG0002649	2,1,5,2,1,1,3,6,2,3,3,12,3
Cluster_0374	OG0025172	NA
Cluster_0384	OG0002546	2,2,3,3,1,1,2,4,3,2,2,13,2
Cluster_0384	OG0014230	1,2,1,1,1,1,2,1,1,3,1
Cluster_0387	OG0000272	8,5,8,4,2,7,8,13,6,10,9,32,7
Cluster_0387	OG0026027	1
Cluster_0387	OG0000272	8,5,8,4,2,7,8,13,6,10,9,32,7
Cluster_0390	OG0005018	2,1,2,1,1,1,1,5,2,1,2,10,2
Cluster_0390	OG0022189	NA
Cluster_0390	OG0002772	2,2,4,2,2,3,2,4,4,2,2,8,2
Cluster_0395	OG0022136	1
Cluster_0395	OG0007679	1,1,8,1,1,1,2,1,1,1,5,1
Cluster_0400	OG0001240	7,5,2,7,1,1,2,19,4,12,2
Cluster_0400	OG0009239	1,1,1,1,3,2,1,1,2,1,2,3,1
Cluster_0407	OG0010971	1,2,1,3,2,1,4,1,1,3,1
Cluster_0407	OG0001061	5,3,3,3,3,3,3,4,3,3,3,19,6
Cluster_0409	OG0003368	1,2,1,2,2,2,2,5,4,2,1,7,1
Cluster_0409	OG0000934	5,3,5,1,1,3,3,10,2,3,3,23,6
Cluster_0411	OG0003368	1,2,1,2,2,2,2,5,4,2,1,7,1
Cluster_0411	OG0000934	5,3,5,1,1,3,3,10,2,3,3,23,6
Cluster_0419	OG0015877	1,1,1,1,2,1,1,3,1
Cluster_0419	OG0000330	18,3,9,2,1,3,3,10,4,3,3,50,10
Cluster_0760	OG0006633	1,3,2,1,3,6,1,3,2,2
Cluster_0760	OG0005566	1,1,4,2,1,1,3,2,1,2,6,2
Cluster_0779	OG0004739	1,1,1,1,1,2,4,1,2,3,12,2
Cluster_0779	OG0005323	1,1,2,1,1,1,2,3,1,2,2,9,2
Cluster_0799	OG0000007	62,44,150,57,9,49,54,165,48,42,39,222,59
Cluster_0799	OG0000189	11,5,18,11,8,8,9,22,3,12,10,33,9
Cluster_0799	OG0000044	41,16,57,17,16,14,33,16,19,15,108,26
Cluster_0799	OG0000189	11,5,18,11,8,8,9,22,3,12,10,33,9
Cluster_0799	OG0000044	41,16,57,17,16,14,33,16,19,15,108,26
Cluster_0799	OG0000271	8,4,26,5,6,10,4,11,6,7,5,31,8
Cluster_0799	OG0000044	41,16,57,17,16,14,33,16,19,15,108,26
Cluster_0811	OG0008736	1,1,1,1,1,1,1,2,1,3,1,3,1
Cluster_0811	OG0000084	29,11,7,16,5,16,6,30,2,8,4,95,25
Cluster_0809	OG0015145	1,1,1,1,1,2,1,1,1,1
Cluster_0811	OG0000084	29,11,7,16,5,16,6,30,2,8,4,95,25
Cluster_0809	OG0025459	NA
Cluster_0811	OG0008736	1,1,1,1,1,1,1,2,1,3,1,3,1
Cluster_0811	OG0000084	29,11,7,16,5,16,6,30,2,8,4,95,25
Cluster_0809	OG0015145	1,1,1,1,1,2,1,1,1,1
Cluster_0811	OG0008736	1,1,1,1,1,1,1,2,1,3,1,3,1
Cluster_0811	OG0000084	29,11,7,16,5,16,6,30,2,8,4,95,25
Cluster_0809	OG0015145	1,1,1,1,1,2,1,1,1,1
Cluster_0811	OG0008736	1,1,1,1,1,1,1,2,1,3,1,3,1
Cluster_0811	OG0000084	29,11,7,16,5,16,6,30,2,8,4,95,25
Cluster_0819	OG0002242	2,2,4,2,2,6,2,5,4,2,2,10,2
Cluster_0819	OG0000120	9,9,25,11,4,8,8,21,14,8,8,67,9
Cluster_0819	OG0000001	201,117,250,155,18,131,130,340,126,157,118,674,173
Cluster_0524	OG0014306	1,1,7,1,1,1,1,3
Cluster_0524	OG0000177	5,3,24,42,27,6,16,10,8,3,18,5
Cluster_0546	OG0012451	1,1,1,1,1,1,2,1,1,1,4,1
Cluster_0546	OG0002671	3,1,3,2,1,3,3,6,1,3,3,8,3
Cluster_0548	OG0025116	NA
Cluster_0548	OG0007127	1,1,5,1,1,1,1,5,2,1,1,3,1
Cluster_0570	OG0000314	14,5,6,3,3,3,4,12,3,6,5,45,12
Cluster_0570	OG0003824	1,2,3,2,3,1,2,4,3,2,4,6,2
Cluster_0570	OG0013776	1,1,1,1,1,1,1,2,2,1,1,2
Cluster_0587	OG0003702	1,2,2,2,2,2,2,6,2,2,2,6
Cluster_0587	OG0004799	2,3,2,2,2,2,4,2,2,2,6
Cluster_0656	OG0001297	2,5,1,4,1,3,4,6,5,5,4,11,1
Cluster_0656	OG0006832	2,1,1,2,4,1,2,2,6,1
Cluster_0663	OG0000278	6,6,3,8,3,5,11,26,3,11,12,21,3
Cluster_0663	OG0005391	2,2,2,2,2,5,2,2,2,6
Cluster_0719	OG0004708	2,1,4,2,1,1,1,1,1,15,3
Cluster_0719	OG0000665	6,3,6,1,5,3,5,3,5,3,33,8
Cluster_0719	OG0025197	NA
Cluster_0735	OG0018742	2,1
Cluster_0735	OG0001727	3,1,6,1,1,1,3,5,1,3,2,18,4
Cluster_0738	OG0000003	112,56,130,91,24,81,68,195,50,71,61,368,76
Cluster_0738	OG0000303	4,4,23,8,8,6,4,9,4,4,4,40,3
Cluster_0741	OG0015567	3
Cluster_0741	OG0024951	NA
Cluster_0744	OG0000401	4,5,10,3,2,8,9,13,3,8,7,25,4
Cluster_0744	OG0024938	NA
Cluster_0744	OG0000401	4,5,10,3,2,8,9,13,3,8,7,25,4
Cluster_0752	OG0008759	1,1,2,1,1,2,1,3,1,1,6,1
Cluster_0752	OG0010264	5,2,4,6,2,3
Cluster_0752	OG0008759	1,1,2,1,1,2,1,3,1,1,6,1
Cluster_0755	OG0000216	9,7,9,5,5,5,10,19,12,13,8,32,9
Cluster_0755	OG0025239	NA
Cluster_0755	OG0000216	9,7,9,5,5,5,10,19,12,13,8,32,9
Cluster_0755	OG0003839	2,2,2,2,1,5,2,4,3,2,2,7,1
Cluster_0761	OG0000034	26,25,44,28,2,30,20,51,22,26,22,84,25
Cluster_0761	OG0001158	4,3,5,3,3,3,3,6,4,3,3,14,3
Cluster_0761	OG0025026	NA
Cluster_0761	OG0001158	4,3,5,3,3,3,3,6,4,3,3,14,3
Cluster_0778	OG0022313	1,1
Cluster_0778	OG0003992	2,2,1,3,3,2,2,4,2,2,2,6,2
Cluster_0797	OG0012369	1,1,2,1,1,1,1,2,1,1,5,1
Cluster_0797	OG0001694	6,3,6,2,3,5,2,4,3,2,13,3
Cluster_0806	OG0000694	6,3,7,5,4,8,4,7,4,5,3,14,5
Cluster_0806	OG0025397	NA
Cluster_0806	OG0000030	50,27,34,21,4,23,37,61,13,14,20,108,20
Cluster_0526	OG0000233	8,10,4,10,7,12,9,19,6,11,10,25,8
Cluster_0526	OG0015477	1,1,2,1,1,1,1,1,1,1
Cluster_0526	OG0026009	NA
Cluster_0526	OG0015477	1,1,2,1,1,1,1,1,1,1
Cluster_0532	OG0000519	8,3,12,4,2,7,3,10,3,6,4,18,7
Cluster_0532	OG0012259	1,1,3,2,9,2
Cluster_0532	OG0000519	8,3,12,4,2,7,3,10,3,6,4,18,7
Cluster_0545	OG0003712	2,6,3,2,1,5,1,4,2
Cluster_0545	OG0000315	8,5,8,4,2,5,8,16,7,7,8,27,7
Cluster_0545	OG0003712	2,6,3,2,1,5,1,4,2
Cluster_0555	OG0000556	3,2,1,11,5,6,8,18,1,10,15,4,3
Cluster_0555	OG0025845	NA
Cluster_0555	OG0000556	3,2,1,11,5,6,8,18,1,10,15,4,3
Cluster_0558	OG0008649	1,1,1,1,2,4,1,2,1,1,1,6,1
Cluster_0558	OG0001275	5,4,4,1,2,2,1,6,2,6,3,15,7
Cluster_0558	OG0006258	1,1,4,1,1,2,1,2,2,1,1,7,2
Cluster_0559	OG0016716	1,1,1,1,1,1,2,1
Cluster_0559	OG0011867	1,3,1,1,1,3,1,2,1,1,1,2,1
Cluster_0581	OG0002391	1,2,8,3,3,3,1,2,3,1,2,13,2
Cluster_0581	OG0015473	1,4,1,1,1,1,2
Cluster_0597	OG0019458	NA
Cluster_0597	OG0006064	2,6,1,1,2,2,4,1,7,3
Cluster_0616	OG0002985	1,3,3,2,1,3,3,6,1,4,3,6,1
Cluster_0616	OG0003602	4,2,5,1,1,1,1,3,1,1,1,16,1
Cluster_0616	OG0000463	4,6,6,5,3,5,9,12,4,9,8,19,3
Cluster_0632	OG0002923	2,2,3,2,2,3,2,4,4,2,3,6,2
Cluster_0632	OG0002648	4,1,3,1,2,4,5,1,3,5,10,1
Cluster_0634	OG0001325	5,4,4,2,3,2,4,2,2,2,22,1
Cluster_0634	OG0020774	1
Cluster_0634	OG0001325	5,4,4,2,3,2,4,2,2,2,22,1
Cluster_0635	OG0000099	19,13,34,13,6,5,9,17,5,12,12,63,14
Cluster_0635	OG0001064	3,1,5,5,3,7,10,6,4,8,11
Cluster_0635	OG0000099	19,13,34,13,6,5,9,17,5,12,12,63,14
Cluster_0635	OG0001064	3,1,5,5,3,7,10,6,4,8,11
Cluster_0635	OG0000099	19,13,34,13,6,5,9,17,5,12,12,63,14
Cluster_0645	OG0000110	16,14,11,15,4,16,7,26,12,18,7,64,11
Cluster_0645	OG0000299	3,7,6,8,6,10,4,14,10,9,13,18,6
Cluster_0657	OG0002677	3,1,1,2,1,2,2,6,2,2,2,15,3
Cluster_0657	OG0000110	16,14,11,15,4,16,7,26,12,18,7,64,11
Cluster_0665	OG0000089	22,12,12,4,9,18,29,2,15,11,87,25
Cluster_0665	OG0002465	5,4,2,4,2,2,17,5
Cluster_0673	OG0025798	NA
Cluster_0673	OG0025306	NA
Cluster_0682	OG0016686	1,1,1,4
Cluster_0682	OG0001014	7,1,6,1,2,1,2,3,3,10,22,9
Cluster_0690	OG0010786	1,1,3,1,1,1,2,1,1,1,5
Cluster_0690	OG0022069	NA
Cluster_0699	OG0001895	3,3,3,3,3,2,2,7,2,2,2,15,2
Cluster_0699	OG0017280	NA
Cluster_0699	OG0002452	1,2,6,5,1,2,2,3,2,1,1,12,2
Cluster_0703	OG0018135	2,1
Cluster_0703	OG0025553	NA
Cluster_0703	OG0018135	2,1
Cluster_0712	OG0000005	109,49,79,53,4,69,66,147,24,86,71,369,93
Cluster_0712	OG0000740	3,3,6,3,3,4,10,2,3,7,19,6
Cluster_1010	OG0007020	1,2,3,1,1,2,1,1,11,3
Cluster_1010	OG0015420	2,1,1,3,1,1,4
Cluster_1010	OG0012947	2,1,1,1,1,1,1,1,1,1,6
Cluster_1020	OG0002205	2,4,2,3,2,3,3,6,1,2,3,6,1
Cluster_1020	OG0010484	1,1,2,1,2,2,4,2,2,3
Cluster_1069	OG0001393	6,3,5,3,1,5,2,4,3,1,3,17,7
Cluster_1069	OG0000747	3,5,7,3,1,3,5,8,4,2,3,23,4
Cluster_0877	OG0006837	2,6,1,1,1,1,2,2,1,1,6,1
Cluster_0877	OG0020531	1
Cluster_0877	OG0005808	1,2,10,1,1,1,1,2,3,2,1,3,1
Cluster_0929	OG0000014	41,16,79,45,12,42,29,75,19,27,27,177,37
Cluster_0929	OG0015170	1,2,1,1,1,2,1,2,1,2
Cluster_0929	OG0000014	41,16,79,45,12,42,29,75,19,27,27,177,37
Cluster_0929	OG0003761	4,2,1,2,3,8,1,1,10,2
Cluster_0929	OG0000291	17,5,18,5,1,3,4,6,4,4,46,17
Cluster_0929	OG0000365	5,4,11,11,5,7,6,11,6,5,4,25,7
Cluster_0929	OG0003761	4,2,1,2,3,8,1,1,10,2
Cluster_0929	OG0000291	17,5,18,5,1,3,4,6,4,4,46,17
Cluster_0929	OG0000365	5,4,11,11,5,7,6,11,6,5,4,25,7
Cluster_0931	OG0025058	NA
Cluster_0931	OG0001139	5,3,4,2,2,3,4,11,2,4,4,16,3
Cluster_0931	OG0015163	1,1,2,1,1,1,1,1,4,1
Cluster_0931	OG0015728	3,1,1,1,1,2,1,1,1
Cluster_1007	OG0006402	1,3,2,1,1,2,4,2,2,6
Cluster_1007	OG0000819	7,1,6,2,2,5,12,2,4,3,24,3
Cluster_1007	OG0007407	1,1,3,2,1,1,1,2,1,1,1,9,1
Cluster_1007	OG0005977	1,1,1,3,2,2,4,3,3,2,4,1
Cluster_1015	OG0000190	11,8,12,8,8,11,11,20,10,10,10,22,11
Cluster_1015	OG0015068	1,1,1,1,1,1,1,3,1,1,2
Cluster_1015	OG0000190	11,8,12,8,8,11,11,20,10,10,10,22,11
Cluster_1024	OG0007461	1,3,1,1,1,2,4,1,3,1,5,1
Cluster_1024	OG0022382	1
Cluster_1024	OG0022374	1
Cluster_1032	OG0006739	1,2,1,1,1,2,4,1,2,2,6,2
Cluster_1032	OG0015998	1,1,1,1,1,1,4,1
Cluster_1032	OG0001793	1,2,2,3,9,4,7,3,4,3,7,2
Cluster_1039	OG0019517	NA
Cluster_1039	OG0001493	1,6,12,1,5
Cluster_1044	OG0010610	1,1,1,1,1,2,1,1,2,1,1,6,1
Cluster_1044	OG0001855	2,2,6,1,1,2,2,9,3,2,2,16,2
Cluster_1047	OG0007675	1,1,4,1,1,1,1,2,1,1,7
Cluster_1047	OG0020702	NA
Cluster_1054	OG0025483	NA
Cluster_1054	OG0004059	1,1,3,1,2,1,3,2,1,1,7,1
Cluster_0829	OG0000402	2,5,4,6,68,2,15,2
Cluster_0829	OG0005296	1,1,10,1,2,1,1,3,1,1,8,1
Cluster_0848	OG0000109	3,4,7,1,6,2,1
Cluster_0848	OG0017686	NA
Cluster_0854	OG0000601	13,4,4,2,2,2,6,6,4,4,31,3
Cluster_0854	OG0004480	2,2,2,1,1,3,4,1,3,3,7,1
Cluster_0855	OG0017613	1,1,1,1,1,1
Cluster_0855	OG0002133	2,2,6,2,1,2,2,7,3,2,2,13,2
Cluster_0861	OG0000357	9,4,5,1,1,4,9,15,3,9,9,31,10
Cluster_0861	OG0017279	2,2,2,1
Cluster_0861	OG0000357	9,4,5,1,1,4,9,15,3,9,9,31,10
Cluster_0861	OG0025703	NA
Cluster_0861	OG0016681	1
Cluster_0861	OG0000357	9,4,5,1,1,4,9,15,3,9,9,31,10
Cluster_0862	OG0003353	2,2,5,2,2,2,4,3,2,2,8,1
Cluster_0862	OG0013433	1,1,1,1,1,4,1,1,1,5
Cluster_0866	OG0000578	6,5,7,8,2,8,5,9,4,7,6,12,5
Cluster_0866	OG0011380	1,1,2,1,1,2,1,2,1,1,1,4,1
Cluster_0867	OG0010697	2,2,2,1,1,1,3,1,2,1,3,1
Cluster_0867	OG0000319	14,7,6,4,3,9,4,8,5,7,6,38,10
Cluster_0867	OG0001166	3,6,4,1,2,1,4,8,1,4,3,18,4
Cluster_0867	OG0014718	1,1,1,2,1,2,1,1,2,3
Cluster_0876	OG0001194	6,3,4,4,1,4,3,4,3,3,3,20,3
Cluster_0876	OG0001569	2,2,1,3,1,3,4,13,3,6,4,9,2
Cluster_0887	OG0018204	2,1,1
Cluster_0887	OG0004077	2,3,2,2,2,2,2,4,4,2,1,5
Cluster_0888	OG0002111	2,2,6,1,4,5,2,4,2,2,2,13,2
Cluster_0888	OG0008828	1,1,2,1,1,1,2,5,1,2,1,4,1
Cluster_0891	OG0024995	NA
Cluster_0891	OG0003486	1,1,2,6,1,3,3,1,2,4,3
Cluster_0901	OG0016114	1,2,3,2,2,2
Cluster_0901	OG0015186	1,1,1,1,2,1,1,3,1
Cluster_0901	OG0016950	1,1,1,1,1,1,1,1
Cluster_0904	OG0001851	6,3,2,5,2,3,6,1,3,6,8,4
Cluster_0904	OG0002526	6,2,1,1,1,1,4,6,1,3,4,5,7
Cluster_0917	OG0013730	1,1,2,1,1,1,1,2,2,1,1,3
Cluster_0917	OG0014886	1,1,1,1,1,1,2,1,1,1,3
Cluster_0917	OG0008593	1,1,1,3,1,1,1,2,2,1,1,4,1
Cluster_0925	OG0000129	13,7,27,9,7,7,8,16,5,7,7,73,11
Cluster_0925	OG0008274	1,1,8,2,1,1,1,2,2,1,1,3,1
Cluster_0926	OG0019637	1,1,1
Cluster_0926	OG0001546	3,2,11,3,1,3,2,4,5,2,2,10,4
Cluster_0944	OG0000201	9,7,13,8,7,8,8,15,9,8,8,35,10
Cluster_0944	OG0025821	NA
Cluster_0944	OG0000201	9,7,13,8,7,8,8,15,9,8,8,35,10
Cluster_0944	OG0020475	1
Cluster_0949	OG0007707	1,1,1,2,1,2,1,2,1,1,1,4,1
Cluster_0949	OG0019506	NA
Cluster_0956	OG0006038	1,2,1,2,1,2,1,1,1,3
Cluster_0956	OG0025831	NA
Cluster_0961	OG0007901	1,1,3,1,1,2,1,4,1,1,5,1
Cluster_0961	OG0000149	13,3,6,2,11,7,2,72,6,4,2,48,10
Cluster_0961	OG0007901	1,1,3,1,1,2,1,4,1,1,5,1
Cluster_0964	OG0014952	1,1,1,1,1,2,1,1,4,1
Cluster_0964	OG0012636	1,1,2,1,2,1,2,1,1,1,4,1
Cluster_0964	OG0004729	2,2,1,4,1,2,2,3,3,2,2,6,1
Cluster_0965	OG0014334	1,1,1,1,1,2,2,1,1,3,1
Cluster_0965	OG0001776	3,2,7,3,1,4,3,5,3,3,4,10,1
Cluster_0965	OG0000966	9,3,7,1,1,2,2,4,2,4,5,16,7
Cluster_0967	OG0001448	4,2,3,2,1,2,3,6,1,3,3,23,3
Cluster_0967	OG0019514	1,1
Cluster_0972	OG0001413	3,3,6,4,2,3,3,5,4,3,3,14,3
Cluster_0972	OG0009758	1,1,2,1,1,1,1,2,1,1,1,3,1
Cluster_0972	OG0001413	3,3,6,4,2,3,3,5,4,3,3,14,3
Cluster_0996	OG0015824	1,1,5,1,2,1
Cluster_0996	OG0015151	1,1,1,3,1,3,2
Cluster_0996	OG0015824	1,1,5,1,2,1
Cluster_0996	OG0015151	1,1,1,3,1,3,2
Cluster_1073	OG0020715	1,1
Cluster_1073	OG0000254	9,24,3,3,1,3,7,14,5,4,14,37,9
Cluster_1246	OG0003807	3,1,2,2,1,5,3,1,14,3
Cluster_1246	OG0003459	1,1,1,1,2,1,3,5,1,4,5,10,2
Cluster_1078	OG0000461	3,5,1,14,2,6,14,18,14,3,2,1
Cluster_1078	OG0025972	NA
Cluster_1078	OG0000461	3,5,1,14,2,6,14,18,14,3,2,1
Cluster_1234	OG0000167	6,11,3,3,2,10,8,25,5,15,24,30,10
Cluster_1234	OG0016543	1,3,5
Cluster_1234	OG0000167	6,11,3,3,2,10,8,25,5,15,24,30,10
Cluster_1252	OG0007521	1,1,2,2,1,3,1,2,3,1,1,4,1
Cluster_1252	OG0013025	1,1,2,1,1,1,1,2,1,1,1,3,1
Cluster_1257	OG0020645	NA
Cluster_1257	OG0004021	2,1,2,2,3,2,3,5,1,2,2,4,1
Cluster_1273	OG0000001	201,117,250,155,18,131,130,340,126,157,118,674,173
Cluster_1273	OG0016677	1,1,2,3,1
Cluster_1281	OG0007744	1,4,1,1,1,1,4,1,1,1,3,1
Cluster_1281	OG0019636	NA
Cluster_1293	OG0025452	NA
Cluster_1293	OG0001930	2,2,7,2,1,2,2,4,1,2,2,17,2
Cluster_1093	OG0015868	1,7,2
Cluster_1093	OG0000001	201,117,250,155,18,131,130,340,126,157,118,674,173
Cluster_1093	OG0000570	6,4,7,4,6,16,1,6,2,26,3
Cluster_1093	OG0015868	1,7,2
Cluster_1093	OG0000001	201,117,250,155,18,131,130,340,126,157,118,674,173
Cluster_1093	OG0000570	6,4,7,4,6,16,1,6,2,26,3
Cluster_1093	OG0000001	201,117,250,155,18,131,130,340,126,157,118,674,173
Cluster_1094	OG0000194	20,8,9,10,12,7,11,8,10,8,33,14
Cluster_1094	OG0020623	1,2
Cluster_1094	OG0000194	20,8,9,10,12,7,11,8,10,8,33,14
Cluster_1100	OG0015751	1,2,2,1,1,1,1,1,2
Cluster_1100	OG0000113	7,8,19,7,7,10,14,32,4,18,19,50,8
Cluster_1101	OG0002260	3,2,4,1,1,1,2,4,4,2,2,14,4
Cluster_1101	OG0005201	1,2,4,2,1,2,4,1,2,2,4,1
Cluster_1113	OG0003824	1,2,3,2,3,1,2,4,3,2,4,6,2
Cluster_1113	OG0012643	1,1,1,1,1,1,1,1,1,1,1,4,1
Cluster_1119	OG0010320	1,2,1,1,1,1,3,1,1,1,4
Cluster_1119	OG0001233	6,2,3,1,1,1,5,9,2,3,5,16,5
Cluster_1133	OG0003537	7,1,4,1,2,1,1,2,1,1,1,11,5
Cluster_1133	OG0005212	2,2,3,1,2,2,3,1,2,2,7,2
Cluster_1142	OG0025611	NA
Cluster_1142	OG0008047	1,1,3,5,2,2,4,1,1,1,3,1
Cluster_1142	OG0007050	1,1,3,2,2,2,1,4,1,1,2,3,3
Cluster_1143	OG0002699	1,2,2,2,2,4,9,1,4,5,5,1
Cluster_1143	OG0002051	1,2,3,4,2,2,4,7,2,5,3,6,2
Cluster_1163	OG0001014	7,1,6,1,2,1,2,3,3,10,22,9
Cluster_1163	OG0009582	1,1,2,4,7,3,5
Cluster_1163	OG0000169	11,7,10,9,2,14,8,23,4,9,13,45,10
Cluster_1170	OG0000437	2,2,20,6,3,5,3,6,8,3,3,29,2
Cluster_1170	OG0004969	2,1,1,1,1,1,2,4,3,2,2,11,1
Cluster_1174	OG0000164	22,8,22,7,2,7,9,29,3,6,10,41,14
Cluster_1174	OG0016199	1,8,1,1
Cluster_1196	OG0010206	1,1,2,1,1,1,3,1,1,1,5,1
Cluster_1196	OG0007758	1,1,2,2,1,2,4,1,1,2,3,1
Cluster_1196	OG0000923	1,6,1,3,2,4,6,14,2,8,7,10,1
Cluster_1221	OG0001128	1,1,6,4,11,1,5,5,7
Cluster_1221	OG0009173	1,1,2,1,1,1,1,3,2,1,1,4,1
Cluster_1440	OG0001788	1,2,5,4,1,4,2,4,2,2,8,12,2
Cluster_1440	OG0000156	10,15,8,1,1,3,32,18,2,6,28,9
Cluster_1535	OG0013179	1,1,1,1,1,1,1,2,1,1,5
Cluster_1535	OG0020597	1,1
Cluster_1371	OG0000568	6,6,5,3,4,6,5,6,4,5,5,26,4
Cluster_1371	OG0025884	1
Cluster_1371	OG0000568	6,6,5,3,4,6,5,6,4,5,5,26,4
Cluster_1446	OG0011387	1,1,1,1,3,1,2,1,1,1,4,1
Cluster_1446	OG0007934	1,1,1,1,1,2,4,1,2,2,5,1
Cluster_1298	OG0003947	2,2,1,2,2,3,1,3,4,5,3,6,1
Cluster_1298	OG0000056	1,3,94,1,21,41,12
Cluster_1304	OG0006051	1,4,6,1,3,1,2,1,1,1,6
Cluster_1304	OG0005352	1,1,3,5,1,1,2,8,1,2,3,1
Cluster_1304	OG0015574	1,1,1,2,1,1,1,5
Cluster_1312	OG0012914	1,1,1,1,1,1,1,1,2,1,1,2,1
Cluster_1312	OG0007669	2,1,1,1,1,1,2,2,1,2,3,2
Cluster_1312	OG0022352	1
Cluster_1330	OG0020549	1
Cluster_1330	OG0000244	10,4,3,5,5,5,11,23,3,11,10,24,9
Cluster_1387	OG0003598	2,2,4,2,2,3,8,1,1,3,6,1
Cluster_1387	OG0017329	1,1,1,1,1,1,1
Cluster_1447	OG0000942	5,3,4,6,5,2,8,5,3,2,20,4
Cluster_1447	OG0008884	1,1,1,1,1,1,1,2,4,1,1,6,1
Cluster_1449	OG0000001	201,117,250,155,18,131,130,340,126,157,118,674,173
Cluster_1449	OG0012030	5,1,1,2,1,1,2,1,3,1
Cluster_1449	OG0000001	201,117,250,155,18,131,130,340,126,157,118,674,173
Cluster_1476	OG0004278	2,2,1,2,3,3,6,3,3,3,3
Cluster_1476	OG0002475	2,2,8,2,1,2,2,6,2,2,3,8,3
Cluster_1477	OG0012885	1,1,1,2,1,1,1,2,1,1,1,3
Cluster_1477	OG0010599	1,1,1,1,1,1,2,1,1,1,6,2
Cluster_1477	OG0004395	5,1,1,1,1,1,1,2,2,1,1,13,4
Cluster_1487	OG0000468	6,5,4,4,2,5,5,11,2,9,5,33,7
Cluster_1487	OG0000076	12,17,1,42,10,2,11,1
Cluster_1488	OG0025814	NA
Cluster_1488	OG0025374	NA
Cluster_1489	OG0000083	12,7,63,11,12,12,7,28,21,7,7,47,12
Cluster_1489	OG0018805	3,1
Cluster_1489	OG0000083	12,7,63,11,12,12,7,28,21,7,7,47,12
Cluster_1490	OG0012192	1,1,2,1,1,2,1,1,2,5,1
Cluster_1490	OG0010051	1,2,2,1,1,1,2,1,1,2,4,1
Cluster_1490	OG0001620	3,2,4,2,1,5,3,4,3,2,2,20,2
Cluster_1505	OG0003244	2,3,2,1,4,5,3,5,5,3
Cluster_1505	OG0003518	5,2,2,1,4,1,3,12,2
Cluster_1509	OG0025427	NA
Cluster_1509	OG0013395	1,1,1,1,1,1,1,2,1,2,1,3,1
Cluster_1511	OG0003953	2,2,3,2,2,2,2,4,1,2,2,8,2
Cluster_1512	OG0000354	17,12,2,1,6,3,9,16,7,12,12,15
Cluster_1511	OG0022067	1
Cluster_1512	OG0000354	17,12,2,1,6,3,9,16,7,12,12,15
Cluster_1511	OG0022067	1
Cluster_1512	OG0000354	17,12,2,1,6,3,9,16,7,12,12,15
Cluster_1512	OG0004967	4,3,1,1,2,5,5,4,1,2
Cluster_1512	OG0000354	17,12,2,1,6,3,9,16,7,12,12,15
Cluster_1512	OG0004967	4,3,1,1,2,5,5,4,1,2
Cluster_1526	OG0012083	2,1,1,1,1,1,2,1,1,1,5,1
Cluster_1526	OG0025339	NA
Cluster_1309	OG0025648	NA
Cluster_1309	OG0000501	5,5,3,4,1,5,7,14,1,6,5,11,4
Cluster_1321	OG0010206	1,1,2,1,1,1,3,1,1,1,5,1
Cluster_1321	OG0007758	1,1,2,2,1,2,4,1,1,2,3,1
Cluster_1321	OG0018723	1,2,1
Cluster_1321	OG0000923	1,6,1,3,2,4,6,14,2,8,7,10,1
Cluster_1321	OG0003965	6,3,1,1,1,4,4,2,4,8,2
Cluster_1321	OG0015433	1,1,1,1,2,2,4,1
Cluster_1325	OG0000017	43,30,53,1,8,31,30,64,25,33,31,166,39
Cluster_1325	OG0018140	1,2,1,1
Cluster_1325	OG0000017	43,30,53,1,8,31,30,64,25,33,31,166,39
Cluster_1337	OG0016171	1
Cluster_1337	OG0020662	NA
Cluster_1337	OG0001928	4,3,2,4,1,6,3,6,2,3,1,11,1
Cluster_1337	OG0015356	2,12
Cluster_1337	OG0016171	1
Cluster_1337	OG0020662	NA
Cluster_1337	OG0001928	4,3,2,4,1,6,3,6,2,3,1,11,1
Cluster_1337	OG0016171	1
Cluster_1337	OG0025893	NA
Cluster_1337	OG0001928	4,3,2,4,1,6,3,6,2,3,1,11,1
Cluster_1360	OG0017641	1,2,1,2
Cluster_1360	OG0009974	1,1,1,1,2,1,1,3,1,1,1,6,1
Cluster_1363	OG0006080	2,4,2,1,2,2,4,1,2,2,6,2
Cluster_1363	OG0003839	2,2,2,2,1,5,2,4,3,2,2,7,1
Cluster_1363	OG0000216	9,7,9,5,5,5,10,19,12,13,8,32,9
Cluster_1374	OG0002146	2,2,7,2,1,1,2,5,1,2,2,11,1
Cluster_1374	OG0025245	NA
Cluster_1381	OG0002260	3,2,4,1,1,1,2,4,4,2,2,14,4
Cluster_1381	OG0005201	1,2,4,2,1,2,4,1,2,2,4,1
Cluster_1382	OG0002965	2,2,4,2,2,2,2,3,2,2,2,11,2
Cluster_1382	OG0004107	1,2,3,2,3,2,4,4,2,2,7,2
Cluster_1386	OG0006828	2,2,2,1,4,4,2,2,6
Cluster_1386	OG0006832	2,1,1,2,4,1,2,2,6,1
Cluster_1386	OG0001297	2,5,1,4,1,3,4,6,5,5,4,11,1
Cluster_1388	OG0000710	6,5,5,4,1,4,6,10,1,5,6,16,5
Cluster_1388	OG0000711	4,4,6,3,4,2,7,11,1,6,6,16,6
Cluster_1396	OG0016676	1,1,1,2,1,1,1
Cluster_1396	OG0012643	1,1,1,1,1,1,1,1,1,1,1,4,1
Cluster_1396	OG0000314	14,5,6,3,3,3,4,12,3,6,5,45,12
Cluster_1407	OG0010320	1,2,1,1,1,1,3,1,1,1,4
Cluster_1407	OG0003878	1,2,2,2,2,3,2,4,4,2,2,7,1
Cluster_1407	OG0010320	1,2,1,1,1,1,3,1,1,1,4
Cluster_1407	OG0003878	1,2,2,2,2,3,2,4,4,2,2,7,1
Cluster_1430	OG0016372	1,1,1,2,1,1,3
Cluster_1430	OG0014603	1,1,1,1,1,1,1,2,2,1,1,3
Cluster_1430	OG0014698	2,1,1,1,1,3,1,1,1,3
Cluster_1430	OG0013912	1,1,1,1,1,1,1,2,1,1,3
Cluster_1433	OG0020639	3
Cluster_1433	OG0019464	2
Cluster_1434	OG0011965	1,2,2,1,1,1,2,1,1,1,5,1
Cluster_1434	OG0000659	2,3,6,8,4,4,4,8,4,4,4,18,2
Cluster_1684	OG0011646	1,1,3,1,1,1,1,2,1,1,1,4
Cluster_1684	OG0000536	10,4,4,3,5,5,6,8,1,8,3,31,4
Cluster_1695	OG0011833	1,1,2,1,1,1,2,2,1,1,3,1
Cluster_1695	OG0010287	1,1,1,1,1,1,3,2,1,1,5,1
Cluster_1727	OG0000003	112,56,130,91,24,81,68,195,50,71,61,368,76
Cluster_1727	OG0019575	3
Cluster_1727	OG0000003	112,56,130,91,24,81,68,195,50,71,61,368,76
Cluster_1744	OG0009978	1,1,4,3,1,1,1,2,1,1,4,1
Cluster_1744	OG0003411	4,3,1,5,1,3,1,2,6,4
Cluster_1746	OG0020550	NA
Cluster_1746	OG0025464	NA
Cluster_1539	OG0000185	7,8,20,12,3,12,7,14,10,6,7,38,8
Cluster_1539	OG0018537	2,1,1
Cluster_1540	OG0000501	5,5,3,4,1,5,7,14,1,6,5,11,4
Cluster_1540	OG0014369	1,1,1,1,1,2,2,1,1,3,1
Cluster_1540	OG0000501	5,5,3,4,1,5,7,14,1,6,5,11,4
Cluster_1543	OG0002070	1,1,9,4,1,1,5,7,2,2,4,5
Cluster_1543	OG0024946	NA
Cluster_1543	OG0002070	1,1,9,4,1,1,5,7,2,2,4,5
Cluster_1549	OG0000215	14,9,16,6,3,5,8,18,1,7,6,44,11
Cluster_1549	OG0002064	2,1,3,2,3,2,3,9,4,4,11,3
Cluster_1552	OG0019603	NA
Cluster_1550	OG0014140	2,1,2,2,4,2,1,3
Cluster_1550	OG0009105	3,2,1,1,1,1,1,1,2,1,4,2
Cluster_1552	OG0019607	NA
Cluster_1556	OG0007669	2,1,1,1,1,1,2,2,1,2,3,2
Cluster_1556	OG0000512	7,3,3,5,3,3,6,11,6,5,6,19,1
Cluster_1558	OG0002537	2,1,2,2,1,3,2,5,2,3,1,14,3
Cluster_1558	OG0014223	1,1,1,1,1,1,1,2,1,1,3
Cluster_1563	OG0003913	2,2,2,5,4,2,5,2,2,2,7,1
Cluster_1563	OG0002561	1,1,4,5,6,11,1,6,2,5
Cluster_1568	OG0013031	2,2,1,1,1,4,2,2,1
Cluster_1568	OG0001813	2,2,5,2,1,3,2,7,1,4,2,17,3
Cluster_1568	OG0001249	4,3,3,3,3,3,3,8,5,3,4,12,3
Cluster_1569	OG0026014	NA
Cluster_1569	OG0000022	14,18,17,7,2,8,21,29,17,22,7
Cluster_1571	OG0013249	3,2,1,1,3,1,1,2,1
Cluster_1571	OG0001800	7,1,2,1,1,6,10,3,5,4,4
Cluster_1576	OG0001638	2,2,10,3,1,2,1,3,4,2,2,17,1
Cluster_1576	OG0016347	1,1,1,1,2,2,1
Cluster_1582	OG0000001	201,117,250,155,18,131,130,340,126,157,118,674,173
Cluster_1582	OG0014338	1,1,2,1,1,1,1,1,1,1,3,1
Cluster_1589	OG0000341	6,6,2,2,1,7,9,14,4,10,5,33,6
Cluster_1589	OG0007908	3,2,1,1,5,2,7,1
Cluster_1597	OG0018169	1,1,1,1
Cluster_1597	OG0025297	NA
Cluster_1597	OG0018169	1,1,1,1
Cluster_1608	OG0005222	1,2,1,2,2,2,2,4,1,2,2,5,1
Cluster_1608	OG0005727	3,1,2,2,2,1,3,3,2,2,6,1
Cluster_1608	OG0020581	1,2
Cluster_1609	OG0000079	16,12,39,9,3,15,10,19,6,10,12,97,17
Cluster_1609	OG0003621	3,5,1,5,6,1,5,3,1,1,4,3
Cluster_1611	OG0025805	NA
Cluster_1611	OG0022416	1,1
Cluster_1611	OG0000253	11,4,9,8,2,5,8,12,4,7,6,51,10
Cluster_1618	OG0000919	3,3,5,4,3,5,4,8,8,4,4,12,2
Cluster_1618	OG0006452	7,1,3,1,1,1,1,7,4
Cluster_1618	OG0009160	1,1,7,1,1,2,1,2,2,1,1,1,1
Cluster_1618	OG0019567	1,3
Cluster_1626	OG0005360	1,2,1,1,2,1,2,3,2,2,2,6
Cluster_1626	OG0004577	2,3,2,2,2,1,4,4,2,2,6
Cluster_1634	OG0002427	1,3,2,1,2,3,7,2,6,5,11,1
Cluster_1634	OG0001371	2,3,2,2,2,4,4,7,2,6,5,7,3
Cluster_1634	OG0007037	1,1,2,2,1,3,1,1,1,1,1,7,2
Cluster_1646	OG0009493	1,1,5,3,1,1,1,2,1,1,5
Cluster_1646	OG0005534	2,1,2,1,1,1,2,4,2,2,1,7,2
Cluster_1647	OG0001602	1,2,7,3,5,2,7,2,2,2,12,1
Cluster_1647	OG0019533	NA
Cluster_1647	OG0002446	1,1,8,3,2,2,2,4,4,2,2,10,1
Cluster_1651	OG0010810	2,1,2,1,1,1,1,1,1,5,2
Cluster_1651	OG0001562	4,2,4,1,1,2,3,6,3,3,5,14,3
Cluster_1653	OG0017668	5,1
Cluster_1653	OG0008086	2,1,1,1,1,1,2,3,2,2,2,3,2
Cluster_1658	OG0022116	NA
Cluster_1658	OG0000613	3,3,13,4,3,4,3,7,4,3,3,25,2
Cluster_1864	OG0022157	1
Cluster_1864	OG0025176	NA
Cluster_1766	OG0000162	18,10,9,4,2,6,9,13,4,7,8,61,18
Cluster_1766	OG0013969	1,1,1,1,1,1,2,1,1,1,4,1
Cluster_1766	OG0014999	1,1,1,1,2,2,1,5,1
Cluster_1797	OG0001782	1,2,1,1,2,4,4,14,4,4,3,4,1
Cluster_1797	OG0013446	1,1,1,1,1,2,1,2,4,1
Cluster_1891	OG0017642	1,4,1
Cluster_1891	OG0000009	71,41,53,36,15,42,45,97,30,59,26,141,38
Cluster_1896	OG0020593	1
Cluster_1896	OG0000068	10,18,10,11,19,8,17,70,1,35,46,40,12
Cluster_1946	OG0017721	2,4
Cluster_1946	OG0018192	1,3,1
Cluster_1759	OG0013493	1,2,1,1,1,1,8,2
Cluster_1759	OG0006679	2,2,1,2,2,2,1,2,2,1,7,3
Cluster_1884	OG0003011	2,2,4,1,2,1,1,2,1,6,5,9,1
Cluster_1884	OG0001584	3,3,4,5,2,2,11,2,5,3,7,3
Cluster_1885	OG0001584	3,3,4,5,2,2,11,2,5,3,7,3
Cluster_1885	OG0003469	1,1,7,2,2,3,8,1,3,2,2,1
Cluster_1885	OG0003011	2,2,4,1,2,1,1,2,1,6,5,9,1
Cluster_1885	OG0003469	1,1,7,2,2,3,8,1,3,2,2,1
Cluster_1902	OG0000026	50,34,13,20,6,13,22,53,2,24,30,198,34
Cluster_1902	OG0016434	1,1,1,2,3,1,1
Cluster_1910	OG0025084	NA
Cluster_1910	OG0000711	4,4,6,3,4,2,7,11,1,6,6,16,6
Cluster_1925	OG0010339	1,2,1,1,2,1,2,1,1,1,5,1
Cluster_1925	OG0015579	1,1,1,1,1,1,2,1,1,1
Cluster_1933	OG0000549	3,2,10,3,1,5,3,6,2,3,3,35,12
Cluster_1933	OG0023947	1
Cluster_1933	OG0000549	3,2,10,3,1,5,3,6,2,3,3,35,12
Cluster_1936	OG0000036	25,16,74,40,10,12,21,39,24,21,27,72,23
Cluster_1936	OG0017575	1,3,1,1,1
Cluster_1936	OG0000036	25,16,74,40,10,12,21,39,24,21,27,72,23
Cluster_1947	OG0015199	1,1,1,1,1,1,2,1,1,3
Cluster_1947	OG0003256	1,1,3,4,2,2,1,5,3,1,1,14,2
Cluster_1947	OG0004326	1,1,2,2,2,10,1,2,2,10
Cluster_1951	OG0000397	7,2,11,30,3,12,7,8,6,3,4,11,5
Cluster_1951	OG0016875	2,1,1,1,1,1,1
Cluster_1951	OG0000397	7,2,11,30,3,12,7,8,6,3,4,11,5
Cluster_1952	OG0008035	1,1,2,1,1,1,1,5,2,1,1,5,1
Cluster_1952	OG0019465	1,1,2
Cluster_1753	OG0001301	1,4,3,6,3,4,4,7,2,6,4,9,3
Cluster_1753	OG0015688	1,1,3,1,1,1,1,3,1
Cluster_1753	OG0001301	1,4,3,6,3,4,4,7,2,6,4,9,3
Cluster_1762	OG0001057	5,2,5,2,2,4,4,6,2,4,4,22,4
Cluster_1762	OG0017337	1,1,1,3,1
Cluster_1762	OG0026007	1
Cluster_1787	OG0000221	6,6,9,10,5,9,7,24,8,17,11,25,2
Cluster_1787	OG0002985	1,3,3,2,1,3,3,6,1,4,3,6,1
Cluster_1787	OG0000221	6,6,9,10,5,9,7,24,8,17,11,25,2
Cluster_1787	OG0002985	1,3,3,2,1,3,3,6,1,4,3,6,1
Cluster_1787	OG0000463	4,6,6,5,3,5,9,12,4,9,8,19,3
Cluster_1798	OG0003733	2,3,2,1,3,1,2,1,14,2
Cluster_1798	OG0000353	6,5,13,1,2,6,5,9,4,8,5,41,8
Cluster_1801	OG0003779	2,2,4,2,1,2,2,4,3,2,2,5,2
Cluster_1801	OG0002341	2,2,2,2,1,2,3,8,2,4,3,9,2
Cluster_1809	OG0001626	2,2,6,1,3,1,2,3,1,2,2,22,2
Cluster_1809	OG0003805	2,2,3,1,2,1,3,4,3,2,2,6,2
Cluster_1810	OG0000118	21,16,10,6,6,7,10,18,7,10,9,77,8
Cluster_1810	OG0015911	1,1,1,1,1,3,1,3,1
Cluster_1817	OG0000099	19,13,34,13,6,5,9,17,5,12,12,63,14
Cluster_1817	OG0015853	1,2,1,1,2,1,1,1,2
Cluster_1831	OG0000007	62,44,150,57,9,49,54,165,48,42,39,222,59
Cluster_1831	OG0001495	5,3,5,3,6,4,3,4,3,3,13,5
Cluster_1831	OG0005338	1,10,8,2,2,2,2,2,1
Cluster_1834	OG0000129	13,7,27,9,7,7,8,16,5,7,7,73,11
Cluster_1834	OG0001220	2,2,5,2,2,2,2,4,4,2,2,31,2
Cluster_1834	OG0000011	50,26,63,35,17,38,43,94,24,35,21,155,55
Cluster_1848	OG0000788	2,3,6,2,3,3,5,10,2,5,5,16,4
Cluster_1848	OG0010990	1,1,1,1,1,1,2,1,1,2,8
Cluster_1852	OG0002016	3,3,4,1,2,4,1,4,3,18,4
Cluster_1852	OG0001320	4,5,2,2,1,3,3,1,4,1,29,6
Cluster_1862	OG0012110	1,1,1,2,1,3,1,3,1,1,3
Cluster_1862	OG0011288	1,1,2,1,1,1,2,2,1,1,5
Cluster_1865	OG0000089	22,12,12,4,9,18,29,2,15,11,87,25
Cluster_1865	OG0002465	5,4,2,4,2,2,17,5
Cluster_1865	OG0000089	22,12,12,4,9,18,29,2,15,11,87,25
Cluster_1871	OG0000754	2,3,6,3,5,5,4,7,8,4,7,10,2
Cluster_1871	OG0013121	1,1,1,1,1,1,1,2,1,1,1,3,1
Cluster_1873	OG0001872	2,2,5,2,3,4,2,6,2,2,2,11,3
Cluster_1873	OG0001759	3,3,4,2,1,4,3,7,5,3,3,9,3
Cluster_2096	OG0005484	1,2,2,2,2,2,2,4,2,2,2,3,1
Cluster_2096	OG0000914	7,4,7,1,1,2,5,7,1,3,5,21,7
Cluster_2119	OG0000014	41,16,79,45,12,42,29,75,19,27,27,177,37
Cluster_2119	OG0018207	1,1,1
Cluster_2119	OG0000014	41,16,79,45,12,42,29,75,19,27,27,177,37
Cluster_2119	OG0017643	1,2,1,1
Cluster_2119	OG0000014	41,16,79,45,12,42,29,75,19,27,27,177,37
Cluster_1954	OG0000819	7,1,6,2,2,5,12,2,4,3,24,3
Cluster_1954	OG0006402	1,3,2,1,1,2,4,2,2,6
Cluster_1954	OG0013851	1,1,1,2,1,1,1,8,1
Cluster_1983	OG0000365	5,4,11,11,5,7,6,11,6,5,4,25,7
Cluster_1983	OG0000291	17,5,18,5,1,3,4,6,4,4,46,17
Cluster_1983	OG0000014	41,16,79,45,12,42,29,75,19,27,27,177,37
Cluster_2008	OG0006720	1,1,1,6,1,1,1,4,2,1,1,4,2
Cluster_2008	OG0000001	201,117,250,155,18,131,130,340,126,157,118,674,173
Cluster_2067	OG0000239	11,8,23,9,3,4,6,14,5,11,8,30,11
Cluster_2067	OG0001206	2,3,6,3,2,3,2,8,5,3,3,13,3
Cluster_2067	OG0007335	1,2,6,2,1,4,1,2,1,1,1,2,1
Cluster_2069	OG0000732	4,4,3,3,2,4,4,8,5,4,4,22,5
Cluster_2069	OG0016652	1,1,1,1,1
Cluster_2069	OG0011689	1,1,1,1,1,2,1,2,2,1,1,5
Cluster_2069	OG0025670	NA
Cluster_2071	OG0005590	1,1,6,2,1,2,1,2,1,1,1,9,1
Cluster_2071	OG0000899	5,5,4,3,4,6,10,2,6,6,13,3
Cluster_2095	OG0000056	1,3,94,1,21,41,12
Cluster_2095	OG0000737	7,3,7,4,2,3,3,7,3,3,4,19,5
Cluster_2098	OG0001012	1,4,4,4,3,4,3,8,4,5,3,12,2
Cluster_2098	OG0001033	3,7,3,4,1,7,5,9,3,5,3,8,2
Cluster_2098	OG0025943	1
Cluster_2098	OG0001033	3,7,3,4,1,7,5,9,3,5,3,8,2
Cluster_2104	OG0010291	2,2,4,1,3,2
Cluster_2104	OG0024982	NA
Cluster_2110	OG0017195	1,1,1,3,1
Cluster_2110	OG0007908	3,2,1,1,5,2,7,1
Cluster_2120	OG0007325	1,1,1,1,1,2,1,3,1,1,1,6,1
Cluster_2120	OG0013440	1,2,2,1,3
Cluster_2121	OG0020748	NA
Cluster_2121	OG0020746	1
Cluster_2121	OG0020748	NA
Cluster_2120	OG0013440	1,2,2,1,3
Cluster_2121	OG0009446	1,1,2,1,1,1,2,3,1,2,1,3,1
Cluster_2121	OG0020746	1
Cluster_2120	OG0013440	1,2,2,1,3
Cluster_2122	OG0026042	NA
Cluster_2122	OG0020746	1
Cluster_1965	OG0000003	112,56,130,91,24,81,68,195,50,71,61,368,76
Cluster_1965	OG0000270	6,6,31,10,6,7,6,11,7,6,6,25,3
Cluster_1976	OG0017672	1,1
Cluster_1977	OG0017657	2
Cluster_1977	OG0001653	2,2,2,4,3,2,5,1,2,3,10,2
Cluster_1978	OG0010350	1,2,1,1,1,1,2,2,1,1,5,1
Cluster_1976	OG0017672	1,1
Cluster_1977	OG0001653	2,2,2,4,3,2,5,1,2,3,10,2
Cluster_1978	OG0010350	1,2,1,1,1,1,2,2,1,1,5,1
Cluster_1976	OG0017672	1,1
Cluster_1976	OG0012727	1,1,1,1,1,1,2,2,1,1,3
Cluster_1976	OG0022326	NA
Cluster_1978	OG0022359	2
Cluster_1978	OG0010350	1,2,1,1,1,1,2,2,1,1,5,1
Cluster_1981	OG0006739	1,2,1,1,1,2,4,1,2,2,6,2
Cluster_1981	OG0001427	3,2,5,1,3,6,2,3,4,15,5
Cluster_1981	OG0001793	1,2,2,3,9,4,7,3,4,3,7,2
Cluster_2018	OG0000365	5,4,11,11,5,7,6,11,6,5,4,25,7
Cluster_2018	OG0005603	2,2,3,1,7,1,5,1,5,3
Cluster_2018	OG0000014	41,16,79,45,12,42,29,75,19,27,27,177,37
Cluster_2031	OG0000608	9,5,8,4,2,6,11,1,5,4,21,6
Cluster_2031	OG0012581	1,1,1,2,1,1,2,1,1,1,5,1
Cluster_2031	OG0000608	9,5,8,4,2,6,11,1,5,4,21,6
Cluster_2043	OG0003100	2,2,1,3,1,4,3,5,3,1,2,6,2
Cluster_2043	OG0000082	11,10,6,10,9,5,9,19,12,11,10,115,21
Cluster_2048	OG0018732	3
Cluster_2048	OG0000839	4,4,3,5,4,4,6,7,7,12,3
Cluster_2057	OG0026041	1
Cluster_2057	OG0001657	2,2,3,2,2,5,2,11,3,2,2,13,2
Cluster_2057	OG0022174	NA
Cluster_2061	OG0000997	12,4,4,1,2,2,3,4,4,2,2,21,5
Cluster_2061	OG0012849	6,1,1,3,5,2
Cluster_2061	OG0008576	1,2,6,1,1,1,1,1,1,1,6,1
Cluster_2061	OG0001371	2,3,2,2,2,4,4,7,2,6,5,7,3
Cluster_2281	OG0011536	2,2,1,1,1,1,1,2,2,1,4,1
Cluster_2281	OG0001510	3,3,5,3,2,4,4,8,5,3,12,3
Cluster_2281	OG0000284	15,3,4,37,1,3,8,32
Cluster_2281	OG0001510	3,3,5,3,2,4,4,8,5,3,12,3
Cluster_2281	OG0005231	2,3,2,2,2,2,3,1,2,2,6,2
Cluster_2190	OG0000347	3,3,15,2,4,1,5,1,3,70,11
Cluster_2188	OG0010266	3,1,1,2,1,3,2,2,1,3
Cluster_2188	OG0025144	NA
Cluster_2190	OG0014657	1
Cluster_2188	OG0010266	3,1,1,2,1,3,2,2,1,3
Cluster_2216	OG0000003	112,56,130,91,24,81,68,195,50,71,61,368,76
Cluster_2216	OG0007734	1,1,5,2,1,2,1,2,1,1,3,1
Cluster_2250	OG0003727	2,1,7,5,1,1,1,2,1,1,1,10,1
Cluster_2250	OG0003869	2,2,3,2,2,4,1,2,3,2,2,6,2
Cluster_2251	OG0012279	2,1,1,1,1,1,2,1,1,6,1
Cluster_2251	OG0004474	2,2,1,2,2,3,3,6,1,2,3,6,1
Cluster_2257	OG0015028	1,1,1,2,1,2,1,1,3,1
Cluster_2257	OG0013267	1,1,1,1,2,2,1,1,1,1,4,1
Cluster_2257	OG0014378	1,1,1,1,1,1,3,1,1,3,1
Cluster_2260	OG0004321	1,1,3,1,1,5,6,4,4,3,3,1
Cluster_2260	OG0000137	25,8,11,13,4,13,6,18,7,12,8,50,17
Cluster_2261	OG0018767	1,1,1,1
Cluster_2261	OG0003878	1,2,2,2,2,3,2,4,4,2,2,7,1
Cluster_2261	OG0013249	3,2,1,1,3,1,1,2,1
Cluster_2261	OG0001233	6,2,3,1,1,1,5,9,2,3,5,16,5
Cluster_2261	OG0001800	7,1,2,1,1,6,10,3,5,4,4
Cluster_2272	OG0006189	1,4,1,2,2,3,2,4,1,2,2,4
Cluster_2272	OG0000923	1,6,1,3,2,4,6,14,2,8,7,10,1
Cluster_2272	OG0009105	3,2,1,1,1,1,1,1,2,1,4,2
Cluster_2272	OG0011714	1,2,1,1,1,1,1,2,2,1,2,3,1
Cluster_2272	OG0016474	1,3,2,1,2,1
Cluster_2272	OG0003082	5,5,1,1,4,7,4,4,7,1
Cluster_2272	OG0011517	1,1,7,1,1,1,2,1,1,2,1
Cluster_2283	OG0000215	14,9,16,6,3,5,8,18,1,7,6,44,11
Cluster_2283	OG0002064	2,1,3,2,3,2,3,9,4,4,11,3
Cluster_2288	OG0006927	2,1,1,1,1,1,3,6,1,2,2,4,1
Cluster_2288	OG0007792	2,2,3,2,1,1,2,3,2,6,1
Cluster_2288	OG0025168	NA
Cluster_2126	OG0000364	8,3,4,8,2,3,6,15,2,7,8,32,9
Cluster_2126	OG0019516	1,1,1
Cluster_2126	OG0000364	8,3,4,8,2,3,6,15,2,7,8,32,9
Cluster_2126	OG0000353	6,5,13,1,2,6,5,9,4,8,5,41,8
Cluster_2126	OG0000364	8,3,4,8,2,3,6,15,2,7,8,32,9
Cluster_2132	OG0025406	NA
Cluster_2132	OG0000686	6,2,8,4,2,2,2,6,6,2,4,24,5
Cluster_2147	OG0002867	2,2,4,3,3,3,2,4,3,2,2,6,2
Cluster_2147	OG0000315	8,5,8,4,2,5,8,16,7,7,8,27,7
Cluster_2147	OG0018177	1,2,1,1
Cluster_2147	OG0015527	1,1,1,2,1,2,3
Cluster_2148	OG0025757	NA
Cluster_2148	OG0006669	1,1,1,1,1,1,1,3,1,1,2,7,1
Cluster_2149	OG0024977	NA
Cluster_2149	OG0000045	24,12,17,15,2,24,22,45,16,16,33,98,25
Cluster_2149	OG0025728	NA
Cluster_2149	OG0000045	24,12,17,15,2,24,22,45,16,16,33,98,25
Cluster_2159	OG0000613	3,3,13,4,3,4,3,7,4,3,3,25,2
Cluster_2159	OG0022116	NA
Cluster_2167	OG0000370	16,2,5,4,11,6,2,20,8,4,1,8,14
Cluster_2167	OG0002210	3,2,2,4,2,3,2,6,4,2,2,9,3
Cluster_2178	OG0003168	2,2,4,2,1,2,3,7,3,3,6,1
Cluster_2178	OG0022059	NA
Cluster_2179	OG0016472	3,1,1,2,1,1,1
Cluster_2179	OG0004729	2,2,1,4,1,2,2,3,3,2,2,6,1
Cluster_2193	OG0025510	NA
Cluster_2193	OG0025092	1
Cluster_2202	OG0016872	1,1,1,1
Cluster_2202	OG0002527	2,2,3,2,3,3,3,6,5,3,4,5,2
Cluster_2208	OG0008807	1,1,1,1,1,1,1,2,1,1,1,3
Cluster_2208	OG0008808	1,1,6,1,1,1,1,2,1,1,1,5,1
Cluster_2211	OG0005068	2,1,2,2,2,1,3,3,1,1,9,1
Cluster_2211	OG0000523	4,5,10,4,2,4,5,12,5,5,5,18,4
Cluster_2211	OG0003084	2,2,3,2,2,1,2,4,3,2,2,10,2
Cluster_2220	OG0003213	1,2,3,2,3,3,6,2,4,3,6,1
Cluster_2220	OG0000122	16,17,16,6,3,14,16,21,8,12,17,44,13
Cluster_0125	OG0001430	2,2,4,6,3,5,4,4,4,3,3,7,2
Cluster_0125	OG0001434	1,1,1,1,3,2,5,15,2,5,6,11,1
Cluster_0091	OG0004030	2,3,4,2,2,2,2,3,2,2,2,6,2
Cluster_0091	OG0022034	NA
Cluster_0093	OG0019497	1,1,1
Cluster_0093	OG0001131	3,5,6,1,4,4,5,8,2,4,4,9
Cluster_0091	OG0022034	NA
Cluster_0093	OG0019497	1,1,1
Cluster_0093	OG0001131	3,5,6,1,4,4,5,8,2,4,4,9
Cluster_0107	OG0000004	1,9,58,1,18,105,52,1,97,5,163,15
Cluster_0107	OG0000173	9,5,13,10,7,15,11,19,6,11,7,40,16
Cluster_0111	OG0006822	1,3,3,1,2,2,5,1,1,1,6,1
Cluster_0111	OG0018220	2,1,2,1
Cluster_0111	OG0025931	1
Cluster_0119	OG0001970	2,2,6,2,3,2,3,6,2,5,3,7,2
Cluster_0119	OG0016994	1,1,1,1,1
Cluster_0119	OG0001970	2,2,6,2,3,2,3,6,2,5,3,7,2
Cluster_0119	OG0016994	1,1,1,1,1
Cluster_0171	OG0005064	2,1,4,1,1,1,6,1,1,1,9,1
Cluster_0171	OG0025003	NA
Cluster_0171	OG0019663	2
Cluster_0175	OG0000001	201,117,250,155,18,131,130,340,126,157,118,674,173
Cluster_0175	OG0001532	3,1,1,2,1,2,5,16,3,3,14,6
Cluster_0175	OG0000001	201,117,250,155,18,131,130,340,126,157,118,674,173
Cluster_0096	OG0000175	13,9,8,7,5,9,10,20,2,10,10,49,9
Cluster_0096	OG0025130	NA
Cluster_0096	OG0000175	13,9,8,7,5,9,10,20,2,10,10,49,9
Cluster_0097	OG0014119	2,1,3,2,2,2,1
Cluster_0097	OG0004156	2,2,3,2,2,2,2,5,1,2,2,6,1
Cluster_0106	OG0006407	1,4,1,1,1,1,3,2,1,1,6,1
Cluster_0106	OG0016930	1,1,1,1
Cluster_0124	OG0001962	5,2,2,3,2,4,12,2,1,15,2
Cluster_0124	OG0000630	8,9,2,2,3,4,6,11,1,7,5,21,8
Cluster_0132	OG0008152	1,1,1,1,1,3,7,3,2,3,1
Cluster_0132	OG0000530	7,4,6,1,3,1,6,10,1,5,4,34,8
Cluster_0132	OG0002671	3,1,3,2,1,3,3,6,1,3,3,8,3
Cluster_0136	OG0001891	4,3,3,1,4,3,6,1,3,4,6,1
Cluster_0136	OG0022017	2
Cluster_0136	OG0001891	4,3,3,1,4,3,6,1,3,4,6,1
Cluster_0148	OG0006065	2,1,4,2,1,6,7,2,2,1,1
Cluster_0148	OG0018110	3
Cluster_0149	OG0018110	3
Cluster_0149	OG0024980	1
Cluster_0158	OG0001793	1,2,2,3,9,4,7,3,4,3,7,2
Cluster_0158	OG0003967	2,9,2,1,3,3,2,1,1,7,3
Cluster_0158	OG0006207	2,1,1,3,6,4,3,4,2
Cluster_0162	OG0012197	1,1,1,3,1,1,1,2,1,1,1,3,1
Cluster_0162	OG0022363	1
Cluster_0167	OG0000379	14,5,9,3,3,10,2,11,3,3,37,12
Cluster_0167	OG0001796	5,4,8,5,2,5,2,3,7,7,1
Cluster_0168	OG0019530	1
Cluster_0168	OG0004521	1,1,3,1,1,1,1,4,2,1,2,8,1
Cluster_0019	OG0025189	NA
Cluster_0019	OG0000295	4,6,6,6,6,8,7,17,12,8,7,18,3
Cluster_0025	OG0025986	NA
Cluster_0025	OG0006192	2,1,1,1,2,1,1,10
Cluster_0030	OG0004524	1,1,2,1,2,2,1,2,1,1,1,8,1
Cluster_0030	OG0025212	NA
Cluster_0030	OG0004524	1,1,2,1,2,2,1,2,1,1,1,8,1
Cluster_0047	OG0000019	35,41,31,33,29,33,87,27,34,35,100,33
Cluster_0047	OG0000113	7,8,19,7,7,10,14,32,4,18,19,50,8
Cluster_0048	OG0013776	1,1,1,1,1,1,1,2,2,1,1,2
Cluster_0048	OG0000314	14,5,6,3,3,3,4,12,3,6,5,45,12
Cluster_0048	OG0025190	NA
Cluster_0052	OG0000711	4,4,6,3,4,2,7,11,1,6,6,16,6
Cluster_0052	OG0000710	6,5,5,4,1,4,6,10,1,5,6,16,5
Cluster_0052	OG0000711	4,4,6,3,4,2,7,11,1,6,6,16,6
Cluster_0054	OG0001297	2,5,1,4,1,3,4,6,5,5,4,11,1
Cluster_0054	OG0006828	2,2,2,1,4,4,2,2,6
Cluster_0054	OG0005391	2,2,2,2,2,5,2,2,2,6
Cluster_0055	OG0002357	6,1,4,1,1,2,1,3,1,1,18,5
Cluster_0055	OG0002522	3,2,3,2,2,3,2,4,3,2,2,10,2
Cluster_0064	OG0000044	41,16,57,17,16,14,33,16,19,15,108,26
Cluster_0064	OG0000189	11,5,18,11,8,8,9,22,3,12,10,33,9
Cluster_0073	OG0006633	1,3,2,1,3,6,1,3,2,2
Cluster_0073	OG0005566	1,1,4,2,1,1,3,2,1,2,6,2
Cluster_0075	OG0025898	NA
Cluster_0075	OG0002820	2,2,5,3,2,4,1,5,3,1,1,11,2
Cluster_2300	OG0025069	1
Cluster_2300	OG0003242	2,2,2,3,2,2,2,5,2,2,2,5,1
Cluster_2302	OG0000167	6,11,3,3,2,10,8,25,5,15,24,30,10
Cluster_2302	OG0022112	NA
Cluster_2302	OG0000167	6,11,3,3,2,10,8,25,5,15,24,30,10
Cluster_2305	OG0019479	NA
Cluster_2305	OG0020738	NA
