Orthogroup	Null_lnL	Ha1_lnL	Ha2_lnL	Ha3_lnL	Ha1_P	Ha2_P	Ha3_P
OG0005890	NA	NA	NA	NA	NA	NA	NA
OG0006161	NA	NA	NA	NA	NA	NA	NA
OG0006219	-17983.630166	-17981.532958	-17972.898008	-17971.966609	0.0405573202194	3.60474652372e-06	8.60164580796e-06
OG0006284	NA	NA	NA	NA	NA	NA	NA
OG0006305	NA	NA	NA	-7530.823095	NA	NA	NA
OG0006314	-3129.517549	-3098.463115	-3128.007052	-3098.459287	3.21964677141e-15	0.0821930737904	3.25295346215e-14
OG0006894	-1981.337406	-1930.229573	-1977.396829	-1927.983708	0.0	0.00499525948487	0.0
OG0006958	NA	NA	NA	NA	NA	NA	NA
OG0007130	NA	NA	NA	-5346.215326	NA	NA	NA
OG0007167	NA	NA	NA	NA	NA	NA	NA
OG0007382	-13301.00984	-13174.772368	-13060.576326	-13060.092554	0.0	0.0	0.0
OG0007474	NA	NA	NA	NA	NA	NA	NA
OG0007493	NA	-9112.869855	NA	NA	NA	NA	NA
OG0007518	NA	NA	NA	-4299.056291	NA	NA	NA
OG0007735	-5024.372306	-5021.994453	-5024.348016	-5020.938	0.0292013113284	0.825552861618	0.0322477824289
OG0007740	NA	NA	NA	-14509.759427	NA	NA	NA
OG0007945	-9504.830971	-9449.397628	-9358.443072	-9358.432862	0.0	0.0	0.0
OG0008284	-2737.559049	-2730.15004	NA	NA	0.00011839886978	NA	NA
OG0008301	-11885.457994	-11883.540822	-11885.252029	-11882.973292	0.050212636498	0.520991535566	0.0833503892275
OG0008320	NA	-4362.640112	NA	NA	NA	NA	NA
OG0008365	NA	NA	NA	-3515.503899	NA	NA	NA
OG0008561	-2841.540228	NA	-2841.540228	-2839.216259	NA	1.0	0.09788431077
OG0008568	-5609.829577	NA	NA	NA	NA	NA	NA
OG0008625	NA	NA	NA	NA	NA	NA	NA
OG0008907	-17008.341268	-16905.873835	-16951.220175	-16905.493352	0.0	0.0	0.0
OG0008956	-10848.984882	-10826.228821	-10848.657345	-10819.424615	1.51697543416e-11	0.418304412192	1.45217171621e-13
OG0009016	NA	NA	NA	NA	NA	NA	NA
OG0009112	NA	NA	NA	NA	NA	NA	NA
OG0009156	NA	NA	NA	NA	NA	NA	NA
OG0009173	-7965.611979	-7965.570906	-7965.464808	-7965.404637	0.77441001095	0.587451416043	0.812741644808
OG0009200	NA	NA	NA	NA	NA	NA	NA
OG0009225	NA	-7399.012466	NA	-7398.672321	NA	NA	NA
OG0009969	-8339.903801	-8339.889656	-8339.47769	-8339.476787	0.866428840735	0.35592450384	0.652454417802
OG0010190	NA	NA	-6963.410692	-6964.981772	NA	NA	NA
OG0010401	-5610.16467	-5610.007645	-5610.078985	-5610.007459	0.575205512103	0.678897104522	0.854523735286
OG0010566	-10942.333309	-10885.348888	-10894.598698	-10877.59511	0.0	0.0	0.0
OG0011341	-5147.954153	-5146.852636	-5146.652242	-5146.363918	0.137739399091	0.106606345611	0.203877694846
OG0011628	NA	NA	NA	NA	NA	NA	NA
OG0011677	-7566.607602	-7566.53473	-7551.700212	-7548.047234	0.702636182475	4.75354248186e-08	8.69630167877e-09
OG0011733	-9390.541676	-9386.883263	-9381.300572	NA	0.00683119534114	1.71497838851e-05	NA
OG0011747	NA	NA	-15599.137854	NA	NA	NA	NA
OG0012108	-2701.522428	-2685.216351	-2701.381269	-2688.153851	1.12508983241e-08	0.595185926855	1.56351041303e-06
OG0012691	NA	NA	NA	NA	NA	NA	NA
OG0013369	-6579.167874	NA	-6578.916633	NA	NA	0.478411578356	NA
OG0013468	-5480.001057	-5478.933914	-5477.019345	-5475.4543	0.144037514352	0.0146056495971	0.0106015294557
OG0014169	-6202.657912	-6201.706904	-6200.865787	-6200.617731	0.167852837994	0.0583297410897	0.130005177812
OG0014240	-6881.184216	-6879.535842	-6881.184079	-6878.281563	0.0694171855584	0.986793263574	0.0548774369204
OG0014518	-5882.792823	-5882.727704	-5864.2221	-5864.186517	0.718185399921	1.09863629305e-09	8.30584789835e-09
