OrthogroupID	Null_lnL	Ha1_lnL	Ha2_lnL	Ha3_lnL	Ha1_v_Null	Ha2_v_Null	Ha3_v_Null	Ha3_v_Ha1	Ha3_v_Ha2	Null_Kappa	Null_Omega0	Null_PropOmega0	Null_Omega1	Null_PropOmega1	Null_Omega2	Null_PropOmega2	Ha1_Kappa	Ha1_Omega0_Grass	Ha1_Omega0_Maize	Ha1_PropOmega0	Ha1_Omega1_Grass	Ha1_Omega1_Maize	Ha1_PropOmega1	Ha1_Omega2_Grass	Ha1_Omega2_Maize	Ha1_PropOmega2	Ha2_Kappa	Ha2_Omega0_Grass	Ha2_Omega0_Tandem	Ha2_PropOmega0	Ha2_Omega1_Grass	Ha2_Omega1_Tandem	Ha2_PropOmega1	Ha2_Omega2_Grass	Ha2_Omega2_Tandem	Ha2_PropOmega2	Ha3_Kappa	Ha3_Omega0_Grass	Ha3_Omega0_Tandem	Ha3_Omega0_Maize	Ha3_PropOmega0	Ha3_Omega1_Grass	Ha3_Omega1_Tandem	Ha3_Omega1_Maize	Ha3_PropOmega1	Ha3_Omega2_Grass	Ha3_Omega2_Tandem	Ha3_Omega2_Maize	Ha3_PropOmega2
OG0000280	-62871.320228	-62865.198417	-62863.531345	-62862.464846	0.000466851181166	7.91802238257e-05	0.000142612128644	0.0193772884325	0.144158560423	2.25684	0.10555	0.38372	1.00000	0.1189	0.35540	0.49739	2.26016	0.10219	0.10219	0.36786	1.0	1.0	0.12501	0.34585	0.7192	0.50713	2.25957	0.10305	0.10305	0.37141	1.0	1.0	0.12424	0.34825	1.67976	0.50435	2.26048	0.10236	0.10236	0.10236	0.36808	1.0	1.0	1.0	0.12567	0.34588	1.58497	0.5047	0.50624
OG0000399	-50959.704415	-50940.860139	-50923.658627	-50923.657438	8.29901813937e-10	0.0	2.22044604925e-16	4.47479575616e-09	0.961106781127	1.74385	0.04867	0.5492	1.00000	0.03105	0.26282	0.41976	1.74547	0.04726	0.04726	0.53857	1.0	1.0	0.03172	0.24634	0.43444	0.42971	1.74335	0.04655	0.04655	0.53184	1.0	1.0	0.03081	0.24365	0.68478	0.43735	1.74407	0.04656	0.04656	0.04656	0.53204	1.0	1.0	1.0	0.03079	0.24362	0.68497	0.24516	0.43717
OG0000447	-12606.253193	-12598.133513	-12590.847444	-12590.845677	5.58222090774e-05	2.84348068424e-08	2.03517060537e-07	0.000134641637174	0.952595715591	2.52069	0.08162	0.74555	1.00000	0.03085	0.41460	0.2236	2.48268	0.08141	0.08141	0.72914	1.0	1.0	0.04621	0.37179	1.96788	0.22465	2.48124	0.08191	0.08191	0.72841	1.0	1.0	0.05197	0.37041	8.45733	0.21962	2.4814	0.08192	0.08192	0.08192	0.72855	1.0	1.0	1.0	0.05189	0.37044	8.45534	0.38404	0.21956
OG0000512	-14055.024543	-13989.622097	-13988.806039	-13988.577596	0.0	0.0	0.0	0.148362962725	0.499082912498	2.03952	0.00000	0.00785	1.00000	0.29311	0.13586	0.69904	2.09424	0.09416	0.09416	0.61378	1.0	1.0	0.15468	0.40851	0.40272	0.23155	2.09718	0.09457	0.09457	0.612	1.0	1.0	0.1622	0.40806	0.20772	0.2258	2.09898	0.09439	0.09439	0.09439	0.61031	1.0	1.0	1.0	0.16343	0.40145	0.19464	0.46491	0.22625
OG0000562	-11155.559955	-11127.210836	-11152.100539	-11141.73857	5.08482145278e-14	0.00852926671835	9.94142778765e-07	1.0	5.30486679129e-06	1.48423	0.01592	0.39785	1.00000	0.03059	0.17012	0.57156	1.48509	0.1804	0.1804	0.51316	1.0	1.0	0.03044	0.0127	0.16055	0.4564	1.48401	0.0157	0.0157	0.39599	1.0	1.0	0.03054	0.17115	0.0	0.57347	1.48543	0.0119	0.0119	0.0119	0.3627	1.0	1.0	1.0	0.03104	0.14971	0.0	0.33954	0.60625
OG0000626	-28905.89634	-28888.288258	-28903.570783	-28887.022364	2.95064306322e-09	0.0310334015347	6.3553046159e-09	0.111573724017	8.76811967476e-09	1.93597	0.07704	0.47327	1.00000	0.06915	0.32921	0.45757	1.95699	0.05759	0.05759	0.35408	1.0	1.0	0.08819	0.25776	0.58261	0.55773	1.93873	0.07312	0.07312	0.45086	1.0	1.0	0.07271	0.31766	1.01539	0.47643	1.96053	0.05448	0.05448	0.05448	0.33539	1.0	1.0	1.0	0.09126	0.25107	1.42327	0.55498	0.57335
OG0000664	-18669.940249	-18668.966166	-18667.642389	-18667.606168	0.162784618843	0.0320518776509	0.0968994922535	0.0990982637612	0.7878138584	2.57755	0.04371	0.53673	1.00000	0.07805	0.25363	0.38521	2.58008	0.04394	0.04394	0.53873	1.0	1.0	0.07771	0.25803	0.20545	0.38357	2.58147	0.04402	0.04402	0.53979	1.0	1.0	0.07809	0.25887	0.16153	0.38211	2.58131	0.044	0.044	0.044	0.53964	1.0	1.0	1.0	0.07822	0.25832	0.16141	0.27548	0.38213
OG0000702	-17546.231513	-17545.99609	-17545.252368	-17545.098391	0.492598226263	0.161696318005	0.322026319243	0.180269851423	0.578938414808	2.24343	0.02663	0.55037	1.00000	0.07612	0.19281	0.37351	2.2433	0.02691	0.02691	0.55327	1.0	1.0	0.07528	0.19614	0.17672	0.37145	2.24281	0.02711	0.02711	0.55531	1.0	1.0	0.07487	0.19818	0.15132	0.36982	2.24324	0.027	0.027	0.027	0.55424	1.0	1.0	1.0	0.07525	0.19658	0.15123	0.22292	0.3705
OG0000713	-8017.687449	-8016.321408	-8017.064181	-8016.308585	0.0983509960999	0.264215115262	0.251864508688	0.872767889187	0.218957287818	2.18144	0.04422	0.43372	1.00000	0.05062	0.26929	0.51566	2.18165	0.04404	0.04404	0.43278	1.0	1.0	0.05171	0.26423	0.47212	0.51551	2.18414	0.044	0.044	0.43307	1.0	1.0	0.04944	0.26702	0.54835	0.51749	2.18214	0.04401	0.04401	0.04401	0.43273	1.0	1.0	1.0	0.05142	0.26419	0.51563	0.45254	0.51584
OG0000799	-19656.625995	-19654.222837	-19656.609672	-19656.521354	0.0283556019642	0.856617155846	0.900647797116	1.0	0.674280291569	1.71652	0.03758	0.3879	1.00000	0.07768	0.26999	0.53442	1.71578	0.26747	0.26747	0.54136	1.0	1.0	0.07793	0.03789	0.01329	0.38071	1.71671	0.03761	0.03761	0.38808	1.0	1.0	0.07765	0.27038	0.26077	0.53427	1.71686	0.03754	0.03754	0.03754	0.38755	1.0	1.0	1.0	0.07795	0.27093	0.26091	0.24739	0.5345
OG0000878	-21603.769403	-21601.754046	-21602.939122	-21601.192156	0.0446790281267	0.197527460835	0.0759828972657	0.289105975695	0.0615941252619	1.64339	0.04972	0.56222	1.00000	0.02726	0.25219	0.41052	1.64548	0.04965	0.04965	0.5642	1.0	1.0	0.02678	0.24667	0.32254	0.40902	1.64397	0.0498	0.0498	0.56372	1.0	1.0	0.02679	0.25193	0.98858	0.40949	1.6459	0.04972	0.04972	0.04972	0.56529	1.0	1.0	1.0	0.02642	0.24679	0.96227	0.3172	0.40829
OG0000928	-5088.030285	-5087.9974	-5085.956383	-5085.956229	0.797598269677	0.041688556149	0.125675008722	0.0433335567386	0.985997901593	1.48166	0.02574	0.68552	1.00000	0.0	0.18296	0.31448	1.4815	0.02576	0.02576	0.68491	1.0	1.0	0.0	0.18377	0.16674	0.31509	1.4828	0.02571	0.02571	0.68501	1.0	1.0	0.0	0.18381	0.00596	0.31499	1.48279	0.02571	0.02571	0.02571	0.68497	1.0	1.0	1.0	0.0	0.18386	0.00596	0.18261	0.31503
OG0000944	-30570.407282	-30564.299936	-30567.52451	-30562.399648	0.000474146378076	0.0163434245366	0.000332911456412	0.0512349548898	0.00136705052456	2.34086	0.04399	0.46455	1.00000	0.05432	0.33469	0.48113	2.34288	0.04368	0.04368	0.46363	1.0	1.0	0.05332	0.32754	0.62501	0.48305	2.34115	0.04426	0.04426	0.46577	1.0	1.0	0.05454	0.33441	726.82733	0.4797	2.34307	0.04386	0.04386	0.04386	0.46446	1.0	1.0	1.0	0.05348	0.32777	902.97014	0.59896	0.48205
OG0000968	-13471.507861	-13471.442047	-13471.448569	-13470.862059	0.716750008856	0.730575358844	0.524241931435	0.281470517876	0.278781579676	1.8972	0.03027	0.41513	1.00000	0.0731	0.19729	0.51177	1.89688	0.03027	0.03027	0.41489	1.0	1.0	0.07317	0.19786	0.17963	0.51194	1.89777	0.03029	0.03029	0.41555	1.0	1.0	0.07295	0.19691	0.22145	0.5115	1.89839	0.03032	0.03032	0.03032	0.41582	1.0	1.0	1.0	0.07265	0.19804	0.22715	0.11961	0.51153
OG0000977	-27954.550523	-27954.438466	-27953.938221	-27953.812756	0.635922978106	0.268459003945	0.478180501293	0.263281438203	0.616420995854	2.37918	0.04552	0.44474	1.00000	0.09715	0.29052	0.45811	2.37882	0.04543	0.04543	0.44424	1.0	1.0	0.09682	0.29148	0.27226	0.45894	2.37794	0.04543	0.04543	0.44424	1.0	1.0	0.09647	0.29233	0.23554	0.4593	2.3779	0.04552	0.04552	0.04552	0.44477	1.0	1.0	1.0	0.09666	0.29171	0.23545	0.32427	0.45858
OG0000981	-19005.044559	-19003.342598	-19005.021674	-19003.194071	0.0650415992169	0.830594436582	0.157160453296	0.585735219782	0.0558942426783	2.32671	0.03806	0.61755	1.00000	0.03023	0.23330	0.35223	2.3281	0.03824	0.03824	0.62181	1.0	1.0	0.02926	0.23184	0.38636	0.34893	2.32647	0.03794	0.03794	0.61625	1.0	1.0	0.0306	0.23251	0.27581	0.35315	2.32835	0.03853	0.03853	0.03853	0.62514	1.0	1.0	1.0	0.02844	0.23346	0.26139	0.41263	0.34642
OG0001027	-5869.040008	-5867.940834	-5868.141977	-5866.719945	0.138158732137	0.180189309905	0.0982673945635	0.11814224706	0.0917119883167	1.59047	0.05088	0.57435	1.00000	0.02965	0.31341	0.396	1.58894	0.04832	0.04832	0.55627	1.0	1.0	0.02983	0.29164	0.42897	0.41391	1.59091	0.05003	0.05003	0.56721	1.0	1.0	0.03276	0.30951	0.0	0.40002	1.58957	0.04585	0.04585	0.04585	0.53608	1.0	1.0	1.0	0.03563	0.2789	0.0	0.44302	0.42828
OG0001065	-21273.403901	-21273.262495	-21273.01268	-21272.650738	0.59486402782	0.37639532839	0.470874817757	0.268672128937	0.394872834466	2.09506	0.07254	0.31914	1.00000	0.25081	0.38722	0.43005	2.09537	0.07263	0.07263	0.31958	1.0	1.0	0.25011	0.38461	0.4255	0.43031	2.096	0.07209	0.07209	0.31735	1.0	1.0	0.25302	0.38824	0.22599	0.42963	2.09652	0.07198	0.07198	0.07198	0.31726	1.0	1.0	1.0	0.25227	0.38384	0.23224	0.45528	0.43047
OG0001085	-23800.923716	-23800.511228	-23800.921207	-23800.510073	0.363729305744	0.943526813089	0.661236970733	0.961666464731	0.364517889402	2.14995	0.03077	0.6142	1.00000	0.00841	0.15311	0.37739	2.15135	0.03073	0.03073	0.61495	1.0	1.0	0.00836	0.15187	0.17567	0.37669	2.14999	0.03077	0.03077	0.61411	1.0	1.0	0.00841	0.15307	0.16711	0.37748	2.15133	0.03073	0.03073	0.03073	0.61503	1.0	1.0	1.0	0.00836	0.15189	0.16571	0.17587	0.37661
OG0001087	-13330.550583	-13322.529624	-13330.498846	-13322.492637	6.19555095555e-05	0.74769986788	0.00031657638585	0.785636154201	6.29283751612e-05	2.5682	0.07612	0.20534	1.00000	0.14311	0.44120	0.65154	2.56665	0.08872	0.08872	0.22759	1.0	1.0	0.13485	0.49255	0.21395	0.63756	2.56809	0.07667	0.07667	0.20651	1.0	1.0	0.14197	0.44252	0.32025	0.65152	2.56714	0.09287	0.09287	0.09287	0.23493	1.0	1.0	1.0	0.13469	0.49829	0.11099	0.21061	0.63039
OG0001225	-26959.816478	-26957.026476	-26958.693468	-26947.133713	0.0181666811676	0.133958550361	3.10416748284e-06	8.66362624197e-06	1.52238126616e-06	1.85945	0.04151	0.51647	1.00000	0.03527	0.28437	0.44826	1.8607	0.04134	0.04134	0.51416	1.0	1.0	0.03688	0.2906	0.214	0.44897	1.85893	0.2838	0.2838	0.44951	1.0	1.0	0.03539	0.04046	0.0654	0.51511	1.85856	0.04118	0.04118	0.04118	0.51163	1.0	1.0	1.0	0.03889	0.288	0.40163	0.12941	0.44948
OG0001349	-9424.95697	-9342.172325	-9358.476655	-9332.256112	0.0	0.0	0.0	8.45363632462e-06	4.43312053733e-13	1.39953	0.12736	0.43029	1.00000	0.10226	0.43530	0.46745	1.54752	0.21374	0.21374	0.63507	1.0	1.0	0.21938	0.3016	387.34927	0.14556	1.42115	0.3186	0.3186	0.63113	1.0	1.0	0.17195	0.06858	999.0	0.19693	1.53021	0.21234	0.21234	0.21234	0.63034	1.0	1.0	1.0	0.21486	0.30315	1.84381	356.40121	0.1548
OG0001382	-8860.772708	-8858.743633	-8858.952875	-8858.330096	0.0439586333508	0.0564182513982	0.0869334843886	0.363119979254	0.26440257416	2.06537	0.06658	0.48545	1.00000	0.09502	0.33008	0.41953	2.06607	0.06467	0.06467	0.47454	1.0	1.0	0.09568	0.33464	0.1694	0.42978	2.06408	0.06664	0.06664	0.48625	1.0	1.0	0.09173	0.33629	0.10589	0.42202	2.06496	0.06523	0.06523	0.06523	0.47809	1.0	1.0	1.0	0.09353	0.33649	0.10621	0.21429	0.42838
OG0001507	-25627.030289	-25626.326766	-25626.979822	-25625.987884	0.235547393652	0.75071166354	0.352605644825	0.410357747596	0.158982673061	1.90263	0.10653	0.3041	1.00000	0.27936	0.41148	0.41654	1.90596	0.10446	0.10446	0.29615	1.0	1.0	0.28649	0.40114	0.55086	0.41736	1.90313	0.10626	0.10626	0.30302	1.0	1.0	0.28055	0.4098	0.45809	0.41644	1.90659	0.10393	0.10393	0.10393	0.29417	1.0	1.0	1.0	0.28751	0.3996	0.45994	0.69127	0.41831
OG0001514	-14435.293033	-14425.671416	-14435.050594	-14425.661242	1.1507749158e-05	0.486221051761	6.5609438027e-05	0.886569437629	1.46797166052e-05	1.73173	0.07089	0.40765	1.00000	0.12494	0.34115	0.46741	1.73332	0.06897	0.06897	0.39829	1.0	1.0	0.12411	0.31513	0.67603	0.4776	1.73191	0.07094	0.07094	0.40775	1.0	1.0	0.12577	0.3406	0.6181	0.46648	1.73328	0.06896	0.06896	0.06896	0.39823	1.0	1.0	1.0	0.12396	0.3151	0.5997	0.67912	0.4778
OG0001562	-19789.776266	-19787.120315	-19788.362031	-19788.156764	0.0211802209764	0.0926065468692	0.197997277179	1.0	0.521698592437	1.96732	0.05088	0.561	1.00000	0.04641	0.26795	0.39259	1.96538	0.26731	0.26731	0.39491	1.0	1.0	0.04663	0.05173	0.01748	0.55845	1.9655	0.05085	0.05085	0.56305	1.0	1.0	0.04425	0.26478	0.48295	0.3927	1.96506	0.05077	0.05077	0.05077	0.56279	1.0	1.0	1.0	0.04441	0.26378	0.47724	0.33983	0.39279
OG0001601	-9254.654772	-9254.121195	-9253.574772	-9253.243971	0.301589175736	0.141644690295	0.243947802684	0.18531853253	0.415994946143	1.83889	0.30556	0.33024	1.00000	0.25854	0.06654	0.41121	1.84022	0.30343	0.30343	0.33292	1.0	1.0	0.25899	0.06445	0.11114	0.40809	1.83812	0.06614	0.06614	0.40961	1.0	1.0	0.25753	0.30624	0.0	0.33286	1.839	0.06568	0.06568	0.06568	0.40706	1.0	1.0	1.0	0.25887	0.30018	0.0	0.4117	0.33406
OG0001644	-15984.455776	-15977.119641	-15983.180684	-15982.078529	0.000127914362424	0.11028141112	0.0928057202931	1.0	0.137625461775	1.93783	0.02787	0.52267	1.00000	0.07661	0.27206	0.40072	1.94197	0.0265	0.0265	0.51315	1.0	1.0	0.07842	0.2776	0.06807	0.40843	1.93653	0.02778	0.02778	0.52246	1.0	1.0	0.07591	0.27309	0.0	0.40163	1.93296	0.28308	0.28308	0.28308	0.38389	1.0	1.0	1.0	0.07341	0.03254	0.0	0.0001	0.54271
OG0001653	-6640.860267	-6633.997516	-6640.188682	-6633.764745	0.000211562212731	0.246475705093	0.000828808028176	0.49504523791	0.000337862887867	1.65466	0.00000	0.02195	1.00000	0.27241	0.29534	0.70564	1.63891	0.0	0.0	0.022	1.0	1.0	0.24563	0.24899	0.45325	0.73237	1.65459	0.0	0.0	0.02192	1.0	1.0	0.25948	0.28627	0.42657	0.7186	1.63627	0.0	0.0	0.0	0.02208	1.0	1.0	1.0	0.24561	0.24926	0.38321	0.48	0.73231
OG0001654	-9422.460665	-9421.315063	-9422.456052	-9421.276056	0.130108959682	0.923479218438	0.305865749629	0.780007037209	0.124482827555	2.22351	0.08427	0.45212	1.00000	0.15066	0.30066	0.39722	2.21982	0.08905	0.08905	0.47543	1.0	1.0	0.15615	0.31831	0.13295	0.36843	2.22372	0.08433	0.08433	0.45286	1.0	1.0	0.15011	0.30082	0.39942	0.39702	2.21942	0.08904	0.08904	0.08904	0.47476	1.0	1.0	1.0	0.15698	0.31837	0.0	0.13112	0.36826
OG0001738	-10007.859767	-10007.457786	-10007.808238	-10006.092469	0.369911430381	0.748190324981	0.170793850905	0.09844019972	0.0639625091872	1.97416	0.38564	0.29334	1.00000	0.06129	0.04519	0.64537	1.97583	0.04437	0.04437	0.64095	1.0	1.0	0.06199	0.37541	0.48756	0.29706	1.97445	0.04522	0.04522	0.64547	1.0	1.0	0.06152	0.38508	0.59713	0.29301	1.97354	0.39317	0.39317	0.39317	0.28683	1.0	1.0	1.0	0.05995	0.04399	0.0	0.09262	0.65322
OG0001745	-34075.280592	-34066.869681	-34075.275576	-34066.487088	4.10584396994e-05	0.920217403081	0.000151715424367	0.381710434143	2.75908725811e-05	2.18436	0.04420	0.53255	1.00000	0.03532	0.31373	0.43213	2.20523	0.03472	0.03472	0.47028	1.0	1.0	0.0496	0.26525	0.47949	0.48012	2.18442	0.04419	0.04419	0.53249	1.0	1.0	0.03534	0.31374	0.28489	0.43217	2.20653	0.0344	0.0344	0.0344	0.46814	1.0	1.0	1.0	0.05032	0.26394	0.19958	0.48674	0.48154
OG0001972	-11154.027221	-11150.267268	-11152.667076	-11152.575531	0.00610208643139	0.0990800126218	0.234174199096	1.0	0.66873108212	2.05085	0.01686	0.48219	1.00000	0.0	0.11624	0.51781	2.04939	0.11415	0.11415	0.5309	1.0	1.0	0.0	0.01443	0.04102	0.4691	2.04355	0.01652	0.01652	0.47373	1.0	1.0	0.00121	0.11353	0.2592	0.52506	2.04421	0.01654	0.01654	0.01654	0.47378	1.0	1.0	1.0	0.00102	0.11421	0.25734	0.10286	0.5252
OG0001984	-11338.524473	-11338.112542	-11337.501449	-11337.390579	0.364053422136	0.152601863237	0.321777810861	0.229505083423	0.637717311981	2.22863	0.34040	0.33777	1.00000	0.13929	0.07029	0.52294	2.22893	0.07002	0.07002	0.52202	1.0	1.0	0.13937	0.3353	0.42688	0.33862	2.22636	0.07081	0.07081	0.52916	1.0	1.0	0.13273	0.34389	1.25824	0.33811	2.22689	0.07063	0.07063	0.07063	0.528	1.0	1.0	1.0	0.13364	0.3407	1.21499	0.38873	0.33836
OG0002014	-5944.253594	-5893.273335	-5933.310842	-5893.264376	0.0	2.89411926035e-06	0.0	0.89351475661	0.0	1.56676	0.02411	0.72158	1.00000	0.10488	0.43886	0.17354	1.55169	0.0313	0.0313	0.75961	1.0	1.0	1e-05	0.46564	8.32011	0.24037	1.51686	0.02849	0.02849	0.75054	1.0	1.0	0.03064	0.5341	7.19352	0.21882	1.55121	0.03133	0.03133	0.03133	0.75971	1.0	1.0	1.0	0.0	0.4659	8.69078	8.01827	0.24028
OG0002070	-14045.002365	-14028.301519	-14031.977734	-14028.275392	7.49587225624e-09	3.32816042392e-07	5.43961204968e-08	0.819186557275	0.00650542698318	1.8039	0.04318	0.24868	1.00000	0.1141	0.31401	0.63722	1.80748	0.0493	0.0493	0.26791	1.0	1.0	0.10562	0.27913	0.58318	0.62647	1.81716	0.04612	0.04612	0.25954	1.0	1.0	0.10536	0.28931	0.57847	0.6351	1.80808	0.04918	0.04918	0.04918	0.26766	1.0	1.0	1.0	0.10539	0.2792	0.58845	0.56391	0.62695
OG0002183	-3933.085425	-3932.709653	-3932.81724	-3932.207075	0.385987831107	0.463941021852	0.41546786842	0.316066114856	0.26929589911	2.59968	0.13463	0.06528	1.00000	0.52478	0.41352	0.40994	2.65485	0.36647	0.36647	0.44766	1.0	1.0	0.48119	1.62857	4.61688	0.07115	2.65665	0.35819	0.35819	0.43259	1.0	1.0	0.51968	1.89577	0.0	0.04773	2.62851	0.35758	0.35758	0.35758	0.45603	1.0	1.0	1.0	0.0	1.04474	0.0	1.76097	0.54397
OG0002309	-19285.960174	-19284.631304	-19283.470628	-19280.653531	0.103047054522	0.0256554450725	0.00495854464325	0.00479402442135	0.0176134414922	1.95059	0.03889	0.42503	1.00000	0.16733	0.29675	0.40764	1.94887	0.04025	0.04025	0.43167	1.0	1.0	0.16484	0.30661	0.20567	0.40349	1.95245	0.03783	0.03783	0.4196	1.0	1.0	0.16992	0.29122	1.20623	0.41048	1.95127	0.03847	0.03847	0.03847	0.42277	1.0	1.0	1.0	0.16785	0.30115	1.20594	0.16291	0.40938
OG0002416	-14899.959656	-14899.757982	-14899.672982	-14899.510476	0.525365255918	0.448931569125	0.638151221134	0.481700043885	0.568611070746	2.33016	0.02488	0.61261	1.00000	0.02337	0.27642	0.36402	2.32922	0.025	0.025	0.61371	1.0	1.0	0.02269	0.28047	0.24828	0.3636	2.33041	0.02494	0.02494	0.61301	1.0	1.0	0.02349	0.27592	0.62956	0.3635	2.33023	0.27657	0.27657	0.27657	0.36382	1.0	1.0	1.0	0.02334	0.02576	0.0	0.01647	0.61284
OG0002441	-7099.757923	-7098.57211	-7099.75789	-7098.572088	0.12355829577	0.993518026462	0.305490987996	0.994707471363	0.123560036859	1.59708	0.02953	0.62305	1.00000	0.02053	0.26221	0.35642	1.59518	0.03036	0.03036	0.63393	1.0	1.0	0.02141	0.27866	0.18071	0.34467	1.59708	0.02953	0.02953	0.62306	1.0	1.0	0.02053	0.26221	0.0	0.35641	1.59518	0.03036	0.03036	0.03036	0.63393	1.0	1.0	1.0	0.02141	0.27866	0.0	0.18071	0.34467
OG0002574	-6782.62813	-6709.061297	-6759.85818	-6708.881091	0.0	1.49560364093e-11	0.0	0.548277510259	0.0	1.4816	0.10414	0.51197	1.00000	0.0	0.29280	0.48803	1.50704	0.17338	0.17338	0.9143	1.0	1.0	0.00996	0.08809	15.06212	0.07575	1.4867	0.16617	0.16617	0.86761	1.0	1.0	0.01262	0.23142	19.32698	0.11977	1.50498	0.17164	0.17164	0.17164	0.90787	1.0	1.0	1.0	0.01036	0.09776	19.19542	11.71425	0.08178
OG0002591	-15064.622998	-15062.832564	-15062.368332	-15062.232968	0.0584486034319	0.0337104036638	0.0916269350282	0.273483231273	0.602843841377	2.29999	0.04100	0.49503	1.00000	0.07061	0.17203	0.43436	2.30109	0.04043	0.04043	0.49205	1.0	1.0	0.07073	0.16725	0.25663	0.43721	2.29874	0.03927	0.03927	0.47874	1.0	1.0	0.07159	0.16508	0.3188	0.44967	2.29964	0.0396	0.0396	0.0396	0.48284	1.0	1.0	1.0	0.07133	0.1652	0.3182	0.19618	0.44583
OG0002614	-9886.061306	-9857.335751	-9886.030423	-9855.3343	3.46389583683e-14	0.803726168226	4.51860771022e-14	0.045421994003	4.66293670343e-15	1.94213	0.03618	0.39159	1.00000	0.14645	0.33744	0.46196	1.95206	0.03789	0.03789	0.39974	1.0	1.0	0.13518	0.29463	1.47898	0.46508	1.94182	0.03653	0.03653	0.39311	1.0	1.0	0.14618	0.33879	0.2277	0.4607	1.95317	0.0407	0.0407	0.0407	0.41067	1.0	1.0	1.0	0.13464	0.30035	0.04341	1.68325	0.45468
OG0002744	-9626.355238	-9626.248437	-9626.396757	-9626.24806	0.643958723715	1.0	0.898365749654	0.978093592555	0.585520779829	1.71644	0.29360	0.27515	1.00000	0.00339	0.04952	0.72145	1.71667	0.04937	0.04937	0.72012	1.0	1.0	0.00352	0.29312	0.17598	0.27636	1.71632	0.04952	0.04952	0.72146	1.0	1.0	0.00339	0.29363	87.68744	0.27514	1.71668	0.04937	0.04937	0.04937	0.72011	1.0	1.0	1.0	0.00352	0.29312	268.12333	0.17584	0.27637
OG0002844	-13108.332047	-13107.815766	-13104.532338	-13104.446921	0.309557686272	0.0058387145071	0.0205452398981	0.00943967790922	0.679371666713	1.71377	0.03855	0.46684	1.00000	0.16643	0.25075	0.36674	1.71166	0.03774	0.03774	0.46023	1.0	1.0	0.16637	0.24368	0.31959	0.3734	1.71149	0.03875	0.03875	0.4741	1.0	1.0	0.1608	0.24901	0.99343	0.3651	1.71229	0.03908	0.03908	0.03908	0.47735	1.0	1.0	1.0	0.16048	0.25208	0.99478	0.22131	0.36216
OG0002930	-7620.902068	-7618.643342	-7620.660821	-7618.183176	0.0335507626703	0.487294803647	0.0659477841052	0.337387815009	0.0260109619086	1.6778	0.01875	0.2123	1.00000	0.25329	0.27676	0.5344	1.67887	0.01862	0.01862	0.21289	1.0	1.0	0.24497	0.26913	0.54463	0.54214	1.67797	0.01869	0.01869	0.21207	1.0	1.0	0.25347	0.27674	0.0	0.53446	1.67922	0.01855	0.01855	0.01855	0.21265	1.0	1.0	1.0	0.2449	0.26877	0.0	0.56444	0.54244
OG0003051	-9708.951273	-9706.008537	-9708.951329	-9706.008549	0.0152663049582	1.0	0.0527219184518	1.0	0.0152655420419	1.54256	0.04337	0.38659	1.00000	0.21695	0.28821	0.39646	1.54072	0.04031	0.04031	0.36199	1.0	1.0	0.23366	0.2557	0.51083	0.40436	1.54256	0.04337	0.04337	0.38659	1.0	1.0	0.21695	0.28821	0.6964	0.39646	1.54072	0.04031	0.04031	0.04031	0.36198	1.0	1.0	1.0	0.23366	0.2557	0.61183	0.51083	0.40436
OG0003162	-22290.128488	-22289.336234	-22290.035676	-22288.959044	0.208112545623	0.666583957981	0.310539553267	0.385093030094	0.14226715963	2.36154	0.24436	0.45977	1.00000	0.10998	0.04684	0.43025	2.35953	0.04637	0.04637	0.42622	1.0	1.0	0.11084	0.24699	0.20634	0.46294	2.35995	0.04651	0.04651	0.42776	1.0	1.0	0.11045	0.24459	0.22673	0.46178	2.35824	0.04712	0.04712	0.04712	0.43169	1.0	1.0	1.0	0.11006	0.24883	0.22772	0.17698	0.45825
OG0003242	-8869.344305	-8868.110345	-8864.304723	-8863.894893	0.11619159439	0.00149955354504	0.00429883166077	0.00368896900535	0.365279592587	1.66161	0.02763	0.41821	1.00000	0.13959	0.28275	0.4422	1.66166	0.02688	0.02688	0.41448	1.0	1.0	0.13866	0.27218	0.39859	0.44686	1.66348	0.2794	0.2794	0.44529	1.0	1.0	0.14053	0.02273	0.18516	0.41418	1.6633	0.28041	0.28041	0.28041	0.44471	1.0	1.0	1.0	0.14019	0.02372	0.1851	0.0001	0.41511
OG0003260	-5048.328515	-5041.711054	-5050.414181	-5028.919055	0.000274781309366	1.0	3.72030573015e-09	4.23537250271e-07	5.5013327227e-11	1.70529	0.23176	0.4803	1.00000	0.27673	0.49738	0.24296	1.71982	0.0	0.0	0.00849	1.0	1.0	0.38732	0.24427	0.70132	0.6042	1.7109	0.0	0.0	0.00792	1.0	1.0	0.35651	0.2928	0.41983	0.63556	1.72497	0.29561	0.29561	0.29561	0.37267	1.0	1.0	1.0	0.35689	0.18105	0.0	2.1197	0.27045
OG0003366	-10729.023807	-10725.106954	-10729.023524	-10725.106579	0.00512808507159	0.981019514819	0.0198961705588	0.97815176241	0.00512756309132	1.68946	0.03877	0.40219	1.00000	0.09229	0.27270	0.50552	1.68152	0.04538	0.04538	0.43964	1.0	1.0	0.08136	0.30284	0.11882	0.479	1.68946	0.03877	0.03877	0.40218	1.0	1.0	0.09229	0.27269	120.19242	0.50553	1.68152	0.04538	0.04538	0.04538	0.43964	1.0	1.0	1.0	0.08135	0.30283	218.08172	0.11881	0.47901
OG0003412	-7765.766583	-7763.844146	-7765.766567	-7763.839169	0.0498982706922	0.995486507409	0.145524037475	0.920527136189	0.0496039587066	2.43983	0.27441	0.2975	1.00000	0.0764	0.01705	0.62611	2.44026	0.01823	0.01823	0.63402	1.0	1.0	0.0767	0.2875	0.07166	0.28927	2.43988	0.01701	0.01701	0.62579	1.0	1.0	0.07644	0.27415	0.28597	0.29777	2.44095	0.01739	0.01739	0.01739	0.62742	1.0	1.0	1.0	0.07743	0.28181	0.28919	0.07116	0.29515
OG0003492	-26805.321113	-26803.440822	-26805.321131	-26804.998233	0.0524743107742	1.0	0.724060736441	1.0	0.421619741442	2.63881	0.07748	0.27077	1.00000	0.26694	0.37742	0.4623	2.64291	0.07498	0.07498	0.26313	1.0	1.0	0.27298	0.37017	1.91639	0.46389	2.63881	0.07748	0.07748	0.27077	1.0	1.0	0.26694	0.37742	0.65525	0.4623	2.63848	0.3785	0.3785	0.3785	0.46168	1.0	1.0	1.0	0.26611	0.07763	0.74858	0.28868	0.27222
OG0003608	-6484.668625	-6484.393127	-6484.297869	-6484.130507	0.457911014451	0.389176960711	0.583846017257	0.468614966077	0.562890577211	2.39863	0.00474	0.77168	1.00000	0.01651	0.08645	0.21182	2.40262	0.00481	0.00481	0.77464	1.0	1.0	0.01603	0.08876	0.05772	0.20933	2.3992	0.00473	0.00473	0.7715	1.0	1.0	0.01644	0.08666	0.0	0.21206	2.40238	0.0048	0.0048	0.0048	0.77406	1.0	1.0	1.0	0.01606	0.08852	0.0	0.06274	0.20987
OG0003796	-6971.497555	-6970.217674	-6969.359956	-6955.577564	0.109615084239	0.0386724580306	1.21908996564e-07	6.26317711028e-08	1.51919708369e-07	2.16336	0.00028	0.34875	1.00000	0.151	0.17071	0.50025	2.1595	0.00291	0.00291	0.36253	1.0	1.0	0.15112	0.16415	0.25594	0.48634	2.16157	0.17766	0.17766	0.47882	1.0	1.0	0.14977	0.0	0.19857	0.37141	2.391	0.09544	0.09544	0.09544	0.81426	1.0	1.0	1.0	0.14406	2.30275	0.51783	12.14489	0.04168
OG0003894	-6560.155721	-6557.180681	-6551.752677	-6551.747417	0.0147166182265	4.14002708202e-05	0.000223007757525	0.000979179286677	0.918306594179	1.81853	0.01208	0.54259	1.00000	0.1033	0.18836	0.35411	1.84267	0.01418	0.01418	0.56602	1.0	1.0	0.09641	0.20948	0.05821	0.33757	1.84522	0.01275	0.01275	0.55157	1.0	1.0	0.09807	0.20126	0.0	0.35036	1.84497	0.0127	0.0127	0.0127	0.55106	1.0	1.0	1.0	0.09817	0.20072	0.0	0.21247	0.35077
OG0003945	-4610.699847	-4610.550423	-4609.054685	-4609.036129	0.584605524152	0.0696892692347	0.189433355942	0.0818091823124	0.847237195277	1.92161	0.18566	0.35937	1.00000	0.0	0.62795	0.64063	1.92179	0.1859	0.1859	0.36035	1.0	1.0	0.0	0.62336	0.84099	0.63965	1.92316	0.18641	0.18641	0.36112	1.0	1.0	0.0	0.62258	191.8307	0.63888	1.92313	0.18662	0.18662	0.18662	0.36145	1.0	1.0	1.0	0.0	0.62442	179.95534	0.55148	0.63855
OG0004076	-5354.653743	-5353.901939	-5353.083996	-5349.373422	0.2201170457	0.0764175120342	0.00509079638475	0.00261686129268	0.00644616744658	1.59685	0.00120	0.66681	1.00000	0.04579	0.13362	0.28739	1.59443	0.00143	0.00143	0.671	1.0	1.0	0.04477	0.13857	0.0576	0.28423	1.59748	0.00104	0.00104	0.66379	1.0	1.0	0.04647	0.13018	1.11736	0.28974	1.59417	0.00074	0.00074	0.00074	0.66005	1.0	1.0	1.0	0.04524	0.13425	1.12007	0.0001	0.29471
OG0004246	-6723.798017	-6723.789947	-6713.095863	-6708.784753	0.898906127972	3.71934547638e-06	3.0187162281e-07	4.29737968544e-08	0.00332086867603	1.19885	0.00000	0.33825	1.00000	0.13077	0.15658	0.53098	1.1987	0.1589	0.1589	0.52234	1.0	1.0	0.13028	0.00149	0.0	0.34738	1.2006	0.15931	0.15931	0.47721	1.0	1.0	0.13047	0.00257	0.51475	0.39232	1.20097	0.00623	0.00623	0.00623	0.37918	1.0	1.0	1.0	0.12649	0.16475	0.72636	0.02098	0.49432
OG0004304	-16487.585199	-16475.415615	-16486.60611	-16475.190895	8.07797033264e-07	0.161708312188	4.14211512845e-06	0.502601009443	1.76941844587e-06	2.21435	0.03168	0.48856	1.00000	0.06051	0.21053	0.45092	2.22276	0.20223	0.20223	0.46967	1.0	1.0	0.06246	0.02561	0.08673	0.46787	2.21486	0.03141	0.03141	0.48619	1.0	1.0	0.06164	0.20829	0.38256	0.45217	2.22245	0.20197	0.20197	0.20197	0.47091	1.0	1.0	1.0	0.06252	0.02549	0.05189	0.08948	0.46657
OG0004609	-9886.65672	-9843.019173	-9877.650945	-9832.08627	0.0	2.19568736182e-05	0.0	2.92398102475e-06	0.0	2.5436	0.04581	0.62797	1.00000	0.05634	0.20133	0.3157	2.58687	0.08622	0.08622	0.86584	1.0	1.0	0.07506	0.00351	4.63476	0.0591	2.55688	0.03773	0.03773	0.5306	1.0	1.0	0.05951	0.15874	0.62594	0.40989	2.58536	0.08624	0.08624	0.08624	0.87437	1.0	1.0	1.0	0.07488	0.00497	1.04359	11.98452	0.05074
OG0004618	-3092.575886	-3025.512808	-3075.083713	-3025.435265	0.0	3.32366645317e-09	0.0	0.693721617206	0.0	2.19565	0.00788	0.51477	1.00000	0.10719	0.12935	0.37804	2.52246	0.03521	0.03521	0.77957	1.0	1.0	0.00733	0.17605	999.0	0.2131	2.3639	0.03687	0.03687	0.79944	1.0	1.0	0.04398	0.21929	999.0	0.15658	2.51621	0.0353	0.0353	0.0353	0.77968	1.0	1.0	1.0	0.00732	0.17736	999.0	999.0	0.213
OG0004694	-9576.119394	-9534.834855	-9576.049531	-9533.528629	0.0	0.708553557408	0.0	0.106027708009	0.0	1.39652	0.22312	0.62903	1.00000	0.09519	0.60091	0.27578	1.41308	0.32227	0.32227	0.66288	1.0	1.0	0.18987	0.02846	2.08618	0.14725	1.39595	0.22515	0.22515	0.63917	1.0	1.0	0.08988	0.61479	1.18405	0.27095	1.41289	0.32247	0.32247	0.32247	0.66152	1.0	1.0	1.0	0.18992	0.02942	0.0	2.17378	0.14856
OG0004751	-4040.268723	-4040.211984	-4039.98844	-4039.529898	0.736218702327	0.454032282441	0.477674853858	0.242815744198	0.338241785278	1.97663	0.03117	0.30441	1.00000	0.23937	0.29322	0.45622	1.97904	0.0308	0.0308	0.30268	1.0	1.0	0.2436	0.28884	0.35365	0.45373	1.97259	0.03179	0.03179	0.30751	1.0	1.0	0.23278	0.29985	0.13431	0.45971	1.97765	0.03106	0.03106	0.03106	0.30437	1.0	1.0	1.0	0.24144	0.29062	0.13623	0.57617	0.45419
OG0004806	-8060.851661	-8060.73568	-8060.851652	-8060.73567	0.63007283588	0.996614872765	0.890483237611	0.996431763707	0.630071360647	1.90255	0.05674	0.35776	1.00000	0.0373	0.24097	0.60494	1.90423	0.05711	0.05711	0.36082	1.0	1.0	0.03738	0.23979	0.28171	0.6018	1.90255	0.05673	0.05673	0.35775	1.0	1.0	0.0373	0.24097	0.65047	0.60495	1.90423	0.05711	0.05711	0.05711	0.36083	1.0	1.0	1.0	0.03738	0.23979	0.64462	0.2817	0.60179
OG0005306	-16220.626031	-16220.6028	-16218.221256	-16217.641307	0.829338176583	0.0283024350363	0.0505534543772	0.0149446102797	0.281486695336	1.78088	0.05422	0.41643	1.00000	0.1962	0.25995	0.38737	1.78059	0.05423	0.05423	0.41639	1.0	1.0	0.19648	0.26084	0.25057	0.38714	1.77961	0.05449	0.05449	0.41687	1.0	1.0	0.19665	0.2647	0.12328	0.38647	1.78076	0.05413	0.05413	0.05413	0.41477	1.0	1.0	1.0	0.19588	0.25966	0.1244	0.32621	0.38935
OG0005322	-11077.73401	-11075.761366	-11077.733934	-11074.448322	0.0470028074931	0.990163267662	0.03741483483	0.105120427625	0.0103640649394	1.98619	0.02796	0.37998	1.00000	0.15459	0.22939	0.46543	1.99185	0.01976	0.01976	0.33109	1.0	1.0	0.1625	0.20454	0.34997	0.50641	1.98619	0.02796	0.02796	0.37998	1.0	1.0	0.15459	0.22939	0.0	0.46543	1.98876	0.20783	0.20783	0.20783	0.52198	1.0	1.0	1.0	0.16143	0.01183	0.0	0.11381	0.31659
OG0005337	-22856.340032	-22855.560876	-22856.339878	-22855.560927	0.211912547164	0.985997901511	0.458816468337	1.0	0.21197267238	2.91913	0.12370	0.29691	1.00000	0.20716	0.51742	0.49593	2.91699	0.12733	0.12733	0.30662	1.0	1.0	0.19919	0.53285	0.33445	0.49419	2.91912	0.1237	0.1237	0.29691	1.0	1.0	0.20716	0.51742	0.0	0.49593	2.91698	0.12733	0.12733	0.12733	0.30662	1.0	1.0	1.0	0.19919	0.53284	0.57979	0.33445	0.49419
OG0005353	-619.598754	-619.089693	-619.598753	-619.090106	0.312964890564	0.99887162121	0.601307997906	1.0	0.313161740982	2.66108	0.33108	0.56221	1.00000	0.18882	0.11619	0.24897	2.65228	0.4607	0.4607	0.22572	1.0	1.0	0.20516	0.20208	0.0	0.56912	2.66108	0.33108	0.33108	0.56221	1.0	1.0	0.18882	0.11619	0.0	0.24897	2.6523	0.46067	0.46067	0.46067	0.22572	1.0	1.0	1.0	0.20516	0.20209	0.0	0.0001	0.56913
OG0005584	-2323.848657	-2317.043533	-2316.886624	-2314.889289	0.000224954170686	0.000190345668294	0.000128527457424	0.037922653176	0.0456443897698	2.62375	0.02131	0.42762	1.00000	0.07177	0.18380	0.50061	2.62958	0.16159	0.16159	0.55206	1.0	1.0	0.07956	0.0	0.18783	0.36838	2.67266	0.0	0.0	0.25931	1.0	1.0	0.08141	0.12641	1.00975	0.65928	2.65219	0.0	0.0	0.0	0.26171	1.0	1.0	1.0	0.07997	0.13773	1.06195	0.04838	0.65831
OG0005868	-4558.948771	-4565.058102	-4555.666922	-4518.920886	1.0	0.0104079856992	0.0	0.0	0.0	2.00508	0.37995	0.33119	1.00000	0.61564	2.82475	0.05317	1.94444	0.0	0.0	0.01182	1.0	1.0	0.60932	0.42677	0.1266	0.37886	2.01287	0.37877	0.37877	0.32676	1.0	1.0	0.61799	3.08817	0.0	0.05524	1.99219	0.37668	0.37668	0.37668	0.38886	1.0	1.0	1.0	0.39085	0.99543	999.0	0.1458	0.22028
OG0005890	-4198.612405	-4135.309368	-4081.887348	-4081.693774	0.0	0.0	0.0	0.0	0.533802356486	1.39536	0.08364	0.38287	1.00000	0.14545	0.42885	0.47168	1.48065	0.14426	0.14426	0.55508	1.0	1.0	0.17181	0.29884	13.66407	0.27311	1.53445	0.15771	0.15771	0.5679	1.0	1.0	0.21039	0.32062	795.32682	0.2217	1.53396	0.15805	0.15805	0.15805	0.5681	1.0	1.0	1.0	0.21053	0.32593	795.31348	0.20931	0.22137
OG0006161	-7495.707748	-7424.123304	-7426.329019	-7399.459903	0.0	0.0	0.0	2.16682227716e-12	2.2903900998e-13	1.55446	0.02393	0.57716	1.00000	0.04562	0.42123	0.37722	1.66551	0.08303	0.08303	0.77165	1.0	1.0	0.13992	0.26894	21.37852	0.08843	1.68956	0.08438	0.08438	0.76981	1.0	1.0	0.1406	0.48177	999.0	0.08959	1.68341	0.08416	0.08416	0.08416	0.77341	1.0	1.0	1.0	0.13684	0.30632	846.46331	4.6992	0.08974
OG0006219	-15825.80737	-15825.80737	-15779.860937	-15778.803412	1.0	0.0	0.0	0.0	0.145857290061	2.19111	0.00000	0.07437	1.00000	0.42272	0.30434	0.50291	2.19111	0.30434	0.30434	0.50291	1.0	1.0	0.42272	0.0	0.0	0.07437	2.22177	0.23525	0.23525	0.50901	1.0	1.0	0.43233	0.46883	999.0	0.05866	2.22228	0.2353	0.2353	0.2353	0.50807	1.0	1.0	1.0	0.43373	0.43748	999.0	1.2529	0.0582
OG0006284	-18760.048654	-18710.706769	-18630.482782	-18629.860344	0.0	0.0	0.0	0.0	0.264533394869	2.09759	0.22886	0.59743	1.00000	0.36639	1.87953	0.03618	2.07984	0.18808	0.18808	0.5168	1.0	1.0	0.3106	0.4126	5.2703	0.17259	2.11287	0.16824	0.16824	0.42428	1.0	1.0	0.33393	0.37669	919.51711	0.24179	2.11398	0.16887	0.16887	0.16887	0.42278	1.0	1.0	1.0	0.33714	0.38258	914.01236	0.22393	0.24008
OG0006305	-4532.20984	-4531.641109	-4532.209849	-4531.641106	0.286189259118	1.0	0.566241847296	0.998045591872	0.286184175754	1.64285	0.00000	0.13179	1.00000	0.28413	0.26044	0.58408	1.64244	0.0	0.0	0.13362	1.0	1.0	0.28351	0.26663	0.08559	0.58287	1.64285	0.0	0.0	0.13179	1.0	1.0	0.28413	0.26044	0.67591	0.58408	1.64244	0.0	0.0	0.0	0.13362	1.0	1.0	1.0	0.28351	0.26663	0.0	0.08559	0.58287
OG0006314	-3129.517549	-3098.463115	-3128.007131	-3108.843727	3.21964677141e-15	0.0822010816148	1.05068653777e-09	1.0	5.9834981414e-10	1.90226	0.01407	0.48951	1.00000	0.04456	0.22154	0.46593	1.93634	0.18074	0.18074	0.40558	1.0	1.0	0.0408	0.00291	0.45038	0.55362	1.90282	0.01426	0.01426	0.49133	1.0	1.0	0.04452	0.21937	999.0	0.46415	1.91161	0.0031	0.0031	0.0031	0.42541	1.0	1.0	1.0	0.03385	0.12037	999.0	1.08305	0.54075
OG0006894	-1981.337406	-1930.229573	-1980.20816	-1927.983708	0.0	0.13288340333	0.0	0.0340591940826	0.0	2.42575	0.00000	0.2626	1.00000	0.0821	0.18104	0.6553	2.82188	0.07366	0.07366	0.64562	1.0	1.0	0.02642	0.14114	92.28958	0.32796	2.42475	0.18636	0.18636	0.63489	1.0	1.0	0.08075	0.0	0.39652	0.28436	2.80193	0.07318	0.07318	0.07318	0.64957	1.0	1.0	1.0	0.02634	0.14749	3.57579	93.76415	0.32409
OG0006958	-2190.639457	-2185.871622	-2190.638208	-2185.816033	0.00201516595736	0.960138329271	0.00803921369261	0.738806964789	0.00189934896796	1.23439	0.02844	0.68339	1.00000	0.0	0.45779	0.31661	1.25952	0.02478	0.02478	0.66365	1.0	1.0	0.0	0.49569	0.09682	0.33635	1.23425	0.45821	0.45821	0.31616	1.0	1.0	0.0	0.0286	0.02701	0.68384	1.25923	0.02478	0.02478	0.02478	0.66367	1.0	1.0	1.0	0.0	0.49577	0.08167	0.11831	0.33633
OG0007130	-5137.112735	-5117.372494	-5137.112719	-5117.372441	3.31354832461e-10	0.995486507409	2.67238631224e-09	0.99178542081	3.31342286941e-10	1.88699	0.00000	0.23192	1.00000	0.15982	0.21642	0.60826	1.95475	0.11427	0.11427	0.66172	1.0	1.0	0.20865	0.10778	4.31298	0.12963	1.88699	0.0	0.0	0.23192	1.0	1.0	0.15982	0.21642	0.0	0.60826	1.95475	0.11427	0.11427	0.11427	0.66172	1.0	1.0	1.0	0.20865	0.10778	0.08906	4.31299	0.12963
OG0007167	-4578.633449	-4578.620738	-4573.745306	-4571.48989	0.87332003665	0.00176777033821	0.000789935706494	0.000159069215207	0.0336808536792	2.15038	0.00000	0.3473	1.00000	0.16051	0.22570	0.49219	2.15076	0.0	0.0	0.34687	1.0	1.0	0.16084	0.22432	0.24852	0.49228	2.15952	0.0	0.0	0.34217	1.0	1.0	0.16673	0.2112	2.6876	0.4911	2.1401	0.01686	0.01686	0.01686	0.43412	1.0	1.0	1.0	0.1486	0.26707	2.93267	0.0001	0.41727
OG0007382	-6162.084911	-5982.161812	-5879.23304	-5878.473969	0.0	0.0	0.0	0.0	0.217900880694	2.22308	0.00000	0.15762	1.00000	0.0	0.22467	0.84238	2.53105	0.14852	0.14852	0.62692	1.0	1.0	0.04701	0.01988	18.59359	0.32607	2.6313	0.16388	0.16388	0.61076	1.0	1.0	0.04676	0.0271	999.0	0.34248	2.63248	0.16403	0.16403	0.16403	0.61098	1.0	1.0	1.0	0.04668	0.02491	999.0	0.07369	0.34234
OG0007474	-3558.202732	-3558.106923	-3558.202654	-3554.289919	0.661573368227	0.990034684127	0.0199842063478	0.00572778789913	0.00515150491123	2.87931	0.05548	0.61054	1.00000	0.02222	0.38482	0.36724	2.87751	0.05425	0.05425	0.60255	1.0	1.0	0.02609	0.36878	0.45287	0.37136	2.8793	0.05548	0.05548	0.61054	1.0	1.0	0.02222	0.38482	0.0	0.36724	2.87561	0.38559	0.38559	0.38559	0.35544	1.0	1.0	1.0	0.02386	0.04934	0.0	0.20514	0.6207
OG0007493	-8730.096367	-8729.416157	-8728.539237	-8726.940389	0.243464705196	0.0776097245018	0.0425967210213	0.0260674988351	0.0737420886243	2.47606	0.00496	0.57296	1.00000	0.00489	0.12703	0.42215	2.47479	0.00467	0.00467	0.56874	1.0	1.0	0.00499	0.12355	0.17551	0.42628	2.47953	0.00489	0.00489	0.57195	1.0	1.0	0.0048	0.12839	0.0	0.42325	2.47981	0.00443	0.00443	0.00443	0.56519	1.0	1.0	1.0	0.00494	0.12341	0.0	0.22167	0.42987
OG0007518	-3809.093455	-3770.149731	-3741.62263	-3740.121871	0.0	0.0	0.0	9.21485110439e-15	0.0831865408774	1.34	0.01388	0.72666	1.00000	0.0	0.49767	0.27334	1.36541	0.01593	0.01593	0.73072	1.0	1.0	0.04055	0.20542	2.91159	0.22873	1.43631	0.02537	0.02537	0.76125	1.0	1.0	0.10161	0.21933	999.0	0.13714	1.43633	0.02501	0.02501	0.02501	0.75879	1.0	1.0	1.0	0.10681	0.24167	999.0	0.03312	0.1344
OG0007735	-4120.295145	-4120.226779	-4118.345436	-4114.669603	0.711551706509	0.0483028380604	0.00360460890844	0.000856622483423	0.00670006400473	2.22331	0.04596	0.5684	1.00000	0.0829	0.22625	0.3487	2.22337	0.22916	0.22916	0.34107	1.0	1.0	0.08248	0.04619	0.06107	0.57645	2.22463	0.04687	0.04687	0.5771	1.0	1.0	0.08421	0.22454	1.47735	0.3387	2.24445	0.04558	0.04558	0.04558	0.57351	1.0	1.0	1.0	0.08451	0.20364	1.45518	0.66458	0.34198
OG0007740	-10798.620569	-10774.468167	-10797.511283	-10749.834502	3.64852592583e-12	0.136359131982	0.0	2.23354668094e-12	0.0	2.02115	0.02119	0.55414	1.00000	0.05402	0.31740	0.39184	2.04433	0.03632	0.03632	0.63787	1.0	1.0	0.04962	0.2995	1.32405	0.3125	2.01842	0.02244	0.02244	0.56261	1.0	1.0	0.04904	0.31885	0.55644	0.38835	2.13475	0.08108	0.08108	0.08108	0.79901	1.0	1.0	1.0	0.13438	0.20091	0.39875	18.84329	0.06661
OG0007945	-8604.64291	-8543.47371	-8461.003332	-8460.987402	0.0	0.0	0.0	0.0	0.858335270494	2.408	0.08717	0.32794	1.00000	0.11922	0.47256	0.55284	2.57329	0.20651	0.20651	0.52459	1.0	1.0	0.29031	0.15608	14.27667	0.18509	2.65239	0.1884	0.1884	0.43994	1.0	1.0	0.31925	0.19831	999.0	0.24081	2.65242	0.18857	0.18857	0.18857	0.44007	1.0	1.0	1.0	0.3191	0.19733	999.0	0.22657	0.24084
OG0008090	-3609.856507	-3573.926003	-3609.856506	-3573.988455	0.0	0.998871621275	2.22044604925e-16	1.0	0.0	1.44348	0.02886	0.51787	1.00000	0.0	0.58299	0.48213	1.62599	0.06077	0.06077	0.57697	1.0	1.0	0.0087	0.45917	124.98953	0.41433	1.44349	0.02886	0.02886	0.51787	1.0	1.0	0.0	0.58299	0.73136	0.48213	1.61754	0.06402	0.06402	0.06402	0.58513	1.0	1.0	1.0	0.0	0.46606	0.68091	118.84812	0.41487
OG0008284	-2711.193471	-2704.910726	-2701.780664	-2691.653128	0.000392935703202	1.43230636837e-05	3.26390015015e-09	2.61473190766e-07	6.77735474763e-06	1.30693	0.00000	0.40846	1.00000	0.0262	0.27301	0.56533	1.36667	0.10042	0.10042	0.79011	1.0	1.0	0.07465	0.13344	7.09425	0.13524	1.38708	0.12025	0.12025	0.82901	1.0	1.0	0.08786	0.1047	999.0	0.08313	1.39145	0.10049	0.10049	0.10049	0.77645	1.0	1.0	1.0	0.07757	0.13096	999.0	3.05855	0.14599
OG0008301	-11429.335828	-11427.331636	-11429.073292	-11426.884599	0.0452745256329	0.468686093817	0.0861875968257	0.344375675228	0.0364188087557	1.573	0.02442	0.58367	1.00000	0.04644	0.23881	0.36988	1.57123	0.02394	0.02394	0.57832	1.0	1.0	0.04871	0.2426	0.13206	0.37296	1.57256	0.0246	0.0246	0.58454	1.0	1.0	0.04716	0.24077	0.17801	0.3683	1.57125	0.02306	0.02306	0.02306	0.57176	1.0	1.0	1.0	0.04877	0.23955	0.17844	0.09475	0.37947
OG0008320	-4341.62097	-4334.065712	-4340.077422	-4334.060785	0.00010139687721	0.0789155294614	0.000520778890878	0.920926028368	0.000522592029928	1.87924	0.04358	0.51104	1.00000	0.11073	0.34058	0.37823	1.89071	0.05769	0.05769	0.59047	1.0	1.0	0.09918	0.36212	2.97599	0.31035	1.88845	0.04756	0.04756	0.53967	1.0	1.0	0.09978	0.37301	0.0142	0.36055	1.89094	0.05798	0.05798	0.05798	0.59124	1.0	1.0	1.0	0.09966	0.3621	3.25101	2.93714	0.3091
OG0008365	-3398.925195	-3397.409224	-3398.925189	-3397.409209	0.081640247468	0.997236052388	0.219591560791	0.995629828117	0.0816393418569	1.95973	0.01794	0.61675	1.00000	0.0	0.26246	0.38325	1.9585	0.0186	0.0186	0.62021	1.0	1.0	0.0	0.27142	0.07726	0.37979	1.95973	0.01794	0.01794	0.61674	1.0	1.0	0.0	0.26246	4.96359	0.38326	1.95849	0.0186	0.0186	0.0186	0.62021	1.0	1.0	1.0	0.0	0.27142	11.63653	0.07726	0.37979
OG0008561	-2584.147644	-2581.758831	-2584.147658	-2581.758818	0.0288318421142	1.0	0.0917373202966	0.995931588636	0.0288309379603	1.6828	0.00177	0.42235	1.00000	0.1172	0.14746	0.46045	1.68428	0.0	0.0	0.40321	1.0	1.0	0.1215	0.13261	0.40043	0.47529	1.68273	0.14747	0.14747	0.46044	1.0	1.0	0.1172	0.00177	0.63306	0.42237	1.68424	0.0	0.0	0.0	0.4032	1.0	1.0	1.0	0.1215	0.13261	0.74092	0.40045	0.4753
OG0008568	-5534.41492	-5456.857363	-5501.293363	-5501.275747	0.0	4.4408920985e-16	4.10782519111e-15	1.0	0.851110347576	1.90206	0.00000	0.28048	1.00000	0.09543	0.25395	0.62409	2.13036	0.18194	0.18194	0.89146	1.0	1.0	0.05634	0.92098	240.35141	0.0522	1.96128	0.13974	0.13974	0.77969	1.0	1.0	0.14296	0.09605	253.5695	0.07735	1.96139	0.13972	0.13972	0.13972	0.77969	1.0	1.0	1.0	0.14277	0.09425	251.36384	0.11648	0.07754
OG0008625	-8588.148847	-8493.989488	-8583.067701	-8446.54705	0.0	0.00143342305918	0.0	0.0	0.0	1.95655	0.01002	0.4531	1.00000	0.06515	0.23542	0.48175	2.08093	0.06574	0.06574	0.73814	1.0	1.0	0.13208	0.03645	5.80137	0.12978	1.9515	0.02112	0.02112	0.52752	1.0	1.0	0.05407	0.26289	1.42803	0.4184	2.16772	0.06609	0.06609	0.06609	0.74597	1.0	1.0	1.0	0.12786	0.04603	0.13146	999.0	0.12616
OG0008907	-15890.859261	-15792.946347	-15837.382753	-15792.683337	0.0	0.0	0.0	0.468284957267	0.0	1.78805	0.00000	0.22089	1.00000	0.12708	0.23692	0.65203	1.81865	0.22434	0.22434	0.57425	1.0	1.0	0.13345	0.01596	5.94548	0.2923	1.81453	0.24637	0.24637	0.57561	1.0	1.0	0.12698	0.02073	7.65223	0.29741	1.81966	0.22347	0.22347	0.22347	0.57489	1.0	1.0	1.0	0.13378	0.0165	7.26391	5.01448	0.29132
OG0008956	-8918.087109	-8895.155504	-8917.737374	-8888.235754	1.26805232981e-11	0.402961839241	1.08579811808e-13	0.000199106187932	1.57651669497e-14	1.89946	0.01793	0.57084	1.00000	0.09021	0.28843	0.33895	1.91818	0.01725	0.01725	0.561	1.0	1.0	0.10934	0.23499	2.46711	0.32966	1.89918	0.01746	0.01746	0.56752	1.0	1.0	0.09093	0.28727	0.10896	0.34155	1.91617	0.01841	0.01841	0.01841	0.56759	1.0	1.0	1.0	0.11383	0.23497	0.0966	4.26013	0.31858
OG0009016	-4498.607239	-4498.594977	-4497.774457	-4497.707482	0.875558995298	0.196853755118	0.406668468173	0.182765730954	0.714371191994	2.59831	0.01415	0.68134	1.00000	0.01112	0.24198	0.30754	2.59855	0.01403	0.01403	0.68015	1.0	1.0	0.01141	0.24003	0.25542	0.30844	2.59725	0.01401	0.01401	0.68114	1.0	1.0	0.01013	0.23963	0.98357	0.30873	2.59742	0.01421	0.01421	0.01421	0.68337	1.0	1.0	1.0	0.00939	0.2437	1.02391	0.20873	0.30725
OG0009112	-7599.431198	-7598.577363	-7597.991993	-7597.606317	0.19128795536	0.089774627029	0.161236830171	0.163441567946	0.379799125022	1.64428	0.00575	0.60131	1.00000	0.04991	0.35334	0.34878	1.6416	0.0202	0.0202	0.68093	1.0	1.0	0.02214	0.48495	0.23881	0.29692	1.64241	0.00667	0.00667	0.60883	1.0	1.0	0.04378	0.36917	0.0	0.34738	1.64095	0.01803	0.01803	0.01803	0.67106	1.0	1.0	1.0	0.02243	0.47047	0.0	0.28384	0.3065
OG0009156	-3044.863892	-3036.130967	-3043.377009	-3035.94467	2.92515201755e-05	0.0846246400784	0.000133792294716	0.541593700048	0.000115505715014	1.53965	0.07309	0.67439	1.00000	0.04655	0.34954	0.27906	1.52497	0.29603	0.29603	0.43911	1.0	1.0	0.06773	0.00748	0.17943	0.49315	1.54088	0.07308	0.07308	0.67538	1.0	1.0	0.04878	0.34221	999.0	0.27583	1.52447	0.29958	0.29958	0.29958	0.4337	1.0	1.0	1.0	0.06737	0.00838	0.0	0.18296	0.49893
OG0009173	-6760.160598	-6760.099975	-6760.160634	-6760.099984	0.727687011594	1.0	0.941186467645	1.0	0.727628789522	1.98205	0.00000	0.57075	1.00000	0.03403	0.23358	0.39523	1.98152	0.0	0.0	0.57159	1.0	1.0	0.03338	0.23616	0.2019	0.39503	1.98203	0.23357	0.23357	0.39523	1.0	1.0	0.03403	0.0	0.60739	0.57075	1.98151	0.0	0.0	0.0	0.57159	1.0	1.0	1.0	0.03338	0.23616	0.55502	0.2019	0.39503
OG0009200	-10392.620578	-10361.083249	-10358.67941	-10352.306295	1.99840144433e-15	2.22044604925e-16	0.0	2.79276212639e-05	0.000356727470889	2.8316	0.03270	0.66907	1.00000	0.00957	0.32828	0.32136	2.86675	0.03773	0.03773	0.68919	1.0	1.0	0.02138	0.2503	1.51124	0.28943	2.87551	0.03564	0.03564	0.67836	1.0	1.0	0.02224	0.26741	3.55514	0.29939	2.90045	0.04172	0.04172	0.04172	0.70772	1.0	1.0	1.0	0.02683	0.24719	4.37221	0.80703	0.26546
OG0009225	-6784.125035	-6784.04378	-6782.669458	-6782.656827	0.686856056259	0.0879689092286	0.230337881052	0.0958121010861	0.873715956439	3.35193	0.02285	0.63383	1.00000	0.15909	0.36911	0.20708	3.35197	0.0227	0.0227	0.63219	1.0	1.0	0.16075	0.35796	0.46004	0.20706	3.34746	0.02942	0.02942	0.67315	1.0	1.0	0.13384	0.46934	4.517	0.19301	3.34687	0.02955	0.02955	0.02955	0.67403	1.0	1.0	1.0	0.13194	0.4765	4.56498	0.43242	0.19403
OG0009969	-6343.919647	-6343.515712	-6343.489896	-6342.942105	0.368750736071	0.353878090854	0.376234748233	0.284133117261	0.295237719116	1.97613	0.01483	0.71655	1.00000	0.04184	0.26218	0.2416	1.96619	0.01663	0.01663	0.73392	1.0	1.0	0.03421	0.27755	0.41719	0.23187	1.97611	0.01472	0.01472	0.71562	1.0	1.0	0.04171	0.26257	0.0	0.24266	1.96442	0.01676	0.01676	0.01676	0.73525	1.0	1.0	1.0	0.03295	0.28019	0.0	0.44942	0.23181
OG0010190	-6550.556628	-6550.54804	-6550.397788	-6550.318856	0.895730027334	0.573005227022	0.788382421796	0.498387679776	0.691130742139	2.13191	0.00577	0.54569	1.00000	0.05848	0.14937	0.39583	2.13182	0.00591	0.00591	0.5472	1.0	1.0	0.05847	0.15023	0.14238	0.39433	2.13198	0.00366	0.00366	0.52196	1.0	1.0	0.05958	0.14199	0.23081	0.41846	2.1316	0.00324	0.00324	0.00324	0.51709	1.0	1.0	1.0	0.0599	0.14177	0.22969	0.11952	0.423
OG0010401	-4327.884959	-4327.84148	-4327.310776	-4326.850709	0.768080647091	0.28389146441	0.355492900643	0.1592280545	0.337439790703	1.84534	0.03883	0.46976	1.00000	0.23986	0.32930	0.29038	1.84611	0.03865	0.03865	0.46827	1.0	1.0	0.24176	0.32172	0.35611	0.28997	1.84628	0.03819	0.03819	0.46396	1.0	1.0	0.24757	0.3054	0.45735	0.28847	1.84271	0.03789	0.03789	0.03789	0.46235	1.0	1.0	1.0	0.24925	0.31353	0.44733	0.16085	0.28841
OG0010566	-8868.671101	-8849.382495	-8868.455528	-8846.817274	5.26298338244e-10	0.511427158666	3.22852078405e-10	0.023509740112	4.75255390597e-11	2.18487	0.04164	0.6733	1.00000	0.09011	0.54658	0.23659	2.2992	0.07286	0.07286	0.76509	1.0	1.0	0.22688	0.43817	158.21731	0.00802	2.18576	0.04088	0.04088	0.66927	1.0	1.0	0.09613	0.52884	1.91397	0.2346	2.30147	0.07294	0.07294	0.07294	0.76515	1.0	1.0	1.0	0.22639	0.46707	0.0	355.26456	0.00846
OG0011341	-4694.304883	-4692.196007	-4693.205008	-4692.196007	0.0400031259533	0.138033122424	0.121374314521	1.0	0.155443558452	2.84792	0.03085	0.6447	1.00000	0.02594	0.44531	0.32936	2.85325	0.0232	0.0232	0.60421	1.0	1.0	0.03735	0.39181	999.0	0.35844	2.84889	0.02815	0.02815	0.63084	1.0	1.0	0.02987	0.42545	413.24575	0.33929	2.85323	0.0232	0.0232	0.0232	0.60421	1.0	1.0	1.0	0.03735	0.39181	999.0	999.0	0.35844
OG0011628	-3170.354727	-3170.222387	-3169.770489	-3169.770417	0.606923009097	0.279714602861	0.557490397507	0.341727444594	0.990425615068	2.25957	0.00296	0.86904	1.00000	0.0	0.17347	0.13096	2.25936	0.00293	0.00293	0.86859	1.0	1.0	0.0	0.17462	0.10377	0.13141	2.25641	0.00293	0.00293	0.86856	1.0	1.0	0.0	0.17467	0.0	0.13144	2.25641	0.00293	0.00293	0.00293	0.86854	1.0	1.0	1.0	0.0	0.17468	0.0	0.17234	0.13146
OG0011677	-7379.689988	-7370.062052	-7365.793551	-7364.630926	1.14318229741e-05	1.35022523384e-07	2.88358309453e-07	0.000981442746946	0.127289768568	1.46739	0.00000	0.35392	1.00000	0.18076	0.26436	0.46532	1.52552	0.11934	0.11934	0.73694	1.0	1.0	0.23643	3.04677	10.01104	0.02663	1.46952	0.0	0.0	0.3519	1.0	1.0	0.18785	0.23707	2.40427	0.46025	1.47339	0.25943	0.25943	0.25943	0.43235	1.0	1.0	1.0	0.18315	0.0	1.62673	0.0199	0.3845
OG0011733	-8520.344766	-8517.568462	-8511.835671	-8510.655817	0.0184531719402	3.70234281638e-05	6.19644948912e-05	0.000200617625116	0.124505492324	2.42724	0.01701	0.72255	1.00000	0.0293	0.25846	0.24815	2.42235	0.01598	0.01598	0.7118	1.0	1.0	0.03134	0.23488	0.43097	0.25686	2.41254	0.01443	0.01443	0.69335	1.0	1.0	0.03397	0.21474	0.8509	0.27269	2.41369	0.01455	0.01455	0.01455	0.69494	1.0	1.0	1.0	0.03286	0.22071	0.86998	0.10163	0.2722
OG0011747	-11443.012187	-11429.413921	-11441.032326	-11426.027991	1.83788049224e-07	0.0466013989625	4.20588504024e-08	0.00926062720242	4.30118873851e-08	1.62754	0.01878	0.11571	1.00000	0.45397	0.29974	0.43032	1.62922	0.0162	0.0162	0.11311	1.0	1.0	0.46012	0.26408	0.82959	0.42677	1.63384	0.06863	0.06863	0.21035	1.0	1.0	0.39177	0.38695	0.0	0.39788	1.63576	0.04761	0.04761	0.04761	0.16363	1.0	1.0	1.0	0.43414	0.29808	0.0	1.19479	0.40222
OG0012108	-2590.712879	-2578.087463	-2589.728298	-2578.004052	5.03378508543e-07	0.160536839033	3.02431178945e-06	0.682951780401	1.28303256375e-06	2.69947	0.02255	0.85029	1.00000	0.04157	0.37460	0.10815	2.66841	0.0	0.0	0.56601	1.0	1.0	0.08374	0.08619	0.74554	0.35025	2.7011	0.365	0.365	0.11056	1.0	1.0	0.04225	0.02169	0.21207	0.84719	2.67512	0.0	0.0	0.0	0.56785	1.0	1.0	1.0	0.08259	0.08705	0.41039	0.7963	0.34956
OG0012691	-1271.683056	-1271.144888	-1271.086387	-1270.966389	0.299518666173	0.274657274752	0.488377307874	0.550178214932	0.624209003792	2.18851	0.00964	0.57591	1.00000	0.01436	0.27138	0.40972	2.17897	0.01141	0.01141	0.58889	1.0	1.0	0.01539	0.29404	0.1395	0.39573	2.18062	0.01173	0.01173	0.59066	1.0	1.0	0.01559	0.28959	0.08276	0.39375	2.17837	0.01215	0.01215	0.01215	0.59393	1.0	1.0	1.0	0.01548	0.29767	0.08072	0.19477	0.39059
OG0013369	-5361.299706	-5359.254224	-5361.093778	-5358.930932	0.0431130462049	0.52102897318	0.0935954039316	0.421336642778	0.0375411466769	2.0808	0.01885	0.44785	1.00000	0.07586	0.22502	0.47628	2.08315	0.0159	0.0159	0.42473	1.0	1.0	0.08144	0.20427	0.40919	0.49383	2.08204	0.0178	0.0178	0.43967	1.0	1.0	0.07792	0.21916	0.30897	0.48241	2.0821	0.01647	0.01647	0.01647	0.42908	1.0	1.0	1.0	0.08042	0.20594	0.29982	0.51687	0.49049
OG0013468	-5233.684863	-5232.762186	-5230.932227	-5229.375902	0.174324719967	0.018959231246	0.0134475143057	0.0092569542914	0.077686467101	1.43669	0.03528	0.65035	1.00000	0.03339	0.31982	0.31626	1.43891	0.02923	0.02923	0.60366	1.0	1.0	0.04503	0.26938	0.58038	0.35131	1.44129	0.0279	0.0279	0.59154	1.0	1.0	0.0491	0.25573	0.91092	0.35937	1.44229	0.02726	0.02726	0.02726	0.58797	1.0	1.0	1.0	0.04738	0.25814	0.92006	0.0001	0.36465
OG0014169	-5211.106345	-5211.08051	-5209.980141	-5209.977024	0.820182417427	0.133406664297	0.323252670486	0.137388104839	0.937067872192	1.87459	0.02237	0.54961	1.00000	0.02159	0.26835	0.42881	1.87424	0.02163	0.02163	0.54419	1.0	1.0	0.02316	0.26367	0.29708	0.43265	1.87748	0.0156	0.0156	0.49312	1.0	1.0	0.03508	0.23072	999.0	0.47179	1.8775	0.01553	0.01553	0.01553	0.49253	1.0	1.0	1.0	0.03538	0.23014	999.0	0.2392	0.47209
OG0014240	-6029.874789	-6027.492856	-6029.874779	-6026.353916	0.0290631989573	0.996431763545	0.029573606137	0.131231146317	0.00796322540021	2.29467	0.06995	0.30645	1.00000	0.09559	0.38539	0.59796	2.30713	0.06658	0.06658	0.29468	1.0	1.0	0.11074	0.35284	0.72089	0.59458	2.29468	0.06995	0.06995	0.30642	1.0	1.0	0.09561	0.38535	0.38626	0.59797	2.3084	0.06887	0.06887	0.06887	0.29989	1.0	1.0	1.0	0.11429	0.35266	0.39293	1.02515	0.58582
OG0014518	-5061.914344	-5061.126679	-5059.870445	-5059.868759	0.209434653759	0.043193880278	0.129304524701	0.112707561938	0.95369372722	1.88511	0.07551	0.27234	1.00000	0.1881	0.35038	0.53957	1.89453	0.06926	0.06926	0.24782	1.0	1.0	0.19708	0.31782	0.4918	0.55511	1.90138	0.0724	0.0724	0.25705	1.0	1.0	0.18881	0.32114	0.80261	0.55415	1.9016	0.07213	0.07213	0.07213	0.25604	1.0	1.0	1.0	0.18937	0.32004	0.80282	0.32831	0.5546
