Cluster_0346	OG0002867	2,2,4,3,3,3,2,4,3,2,2,6,2
Cluster_0346	OG0000315	8,5,8,4,2,5,8,16,7,7,8,27,7
Cluster_0689	OG0026297	1
Cluster_0689	OG0006321	2,2,2,1,1,1,1,3,2,1,1,9,2
Cluster_0698	OG0021172	2,1
Cluster_0698	OG0001976	3,3,1,2,7,4,2,4,2,2,2,8,3
Cluster_0764	OG0005068	2,1,2,2,2,1,3,3,1,1,9,1
Cluster_0764	OG0000523	4,5,10,4,2,4,5,12,5,5,5,18,4
Cluster_0810	OG0000506	10,4,4,4,2,4,8,12,1,10,7,22,4
Cluster_0810	OG0006645	1,2,1,1,1,1,2,3,2,2,2,5
Cluster_0279	OG0013844	1,1,2,1,1,1,1,2,1,1,1,3
Cluster_0279	OG0014737	1,1,1,1,1,1,2,1,1,3
Cluster_0283	OG0015234	1,2,1,1,1,1,2,1,1,1,2
Cluster_0283	OG0015551	1,1,1,1,1,1,3,1,1,2
Cluster_0319	OG0007692	1,1,8,1,1,1,2,1,1,1,6,1
Cluster_0319	OG0010185	1,1,3,1,1,2,1,2,1,1,1,5,1
Cluster_0325	OG0003853	1,1,14,2,2,2,2,4,2,2,4,1
Cluster_0325	OG0001444	3,3,3,4,2,4,4,6,3,4,3,9,2
Cluster_0414	OG0000580	2,4,8,9,3,3,4,9,7,4,5,25,1
Cluster_0414	OG0021228	2,1
Cluster_0416	OG0002018	2,2,4,3,3,2,3,7,2,3,3,8,2
Cluster_0416	OG0013340	1,1,2,1,1,1,1,2,1,1,2,1
Cluster_0502	OG0001424	3,3,4,8,3,3,3,4,5,3,3,10,3
Cluster_0502	OG0008784	1,1,4,2,1,1,3,2,1,2,2,2,1
Cluster_0563	OG0011084	1,2,1,2,1,2,2,1,1,1,5,1
Cluster_0563	OG0000159	3,12,1,3,32,14,7,114
Cluster_0615	OG0001408	4,2,4,4,4,4,2,7,4,4,1,13,3
Cluster_0615	OG0011746	1,1,1,1,1,1,1,4,1,1,3,1
Cluster_0675	OG0014887	1,1,1,1,1,1,3,1,1,3
Cluster_0675	OG0001436	2,2,10,1,3,4,6,4,5,2,11,2
Cluster_0678	OG0002593	2,2,5,2,1,2,2,5,3,2,2,12,2
Cluster_0678	OG0027276	1
Cluster_0680	OG0025930	NA
Cluster_0680	OG0017654	1
Cluster_0684	OG0002566	1,1,6,2,1,2,2,5,4,2,2,4,1
Cluster_0684	OG0020750	1
Cluster_0685	OG0003098	2,2,2,3,1,2,3,4,1,7,2
Cluster_0685	OG0008803	1,1,3,1,1,1,1,2,1,1,1,8,1
Cluster_0692	OG0006681	1,1,2,1,1,1,1,6,1,1,1,9,1
Cluster_0692	OG0000660	5,4,3,4,3,5,4,10,8,3,3,22,4
Cluster_0695	OG0021090	1,2
Cluster_0695	OG0006705	1,1,3,1,1,1,1,2,2,1,1,9,1
Cluster_0697	OG0019484	1
Cluster_0697	OG0021216	2
Cluster_0699	OG0002904	2,2,4,2,1,2,2,4,3,2,2,10,2
Cluster_0699	OG0014139	1,5,1,1,1,1,2,1,1,1,1
Cluster_0701	OG0000921	4,4,5,4,2,4,4,8,7,4,4,16,4
Cluster_0700	OG0004412	3,1,3,1,1,2,1,3,1,1,1,12,2
Cluster_0700	OG0011829	1,1,2,2,1,1,1,2,1,2,1,3,1
Cluster_0701	OG0011524	1,1,4,1,1,1,1,2,1,1,1,3,1
Cluster_0702	OG0000852	4,3,13,6,5,2,2,4,4,3,3,16,5
Cluster_0702	OG0025287	NA
Cluster_0704	OG0011240	1,1,1,1,1,1,1,2,2,1,1,3,1
Cluster_0704	OG0027638	1
Cluster_0705	OG0003692	3,2,4,3,1,2,1,2,2,1,1,12,3
Cluster_0705	OG0019424	1,1,1
Cluster_0706	OG0001762	3,2,6,3,3,4,2,4,4,3,3,10,2
Cluster_0706	OG0000039	40,17,74,18,2,28,17,32,10,33,17,95,27
Cluster_0719	OG0001157	4,2,10,2,2,3,2,4,4,2,2,19,5
Cluster_0719	OG0017806	1,3,2
Cluster_0720	OG0023018	1
Cluster_0720	OG0001759	3,3,4,2,1,4,3,7,5,3,3,9,3
Cluster_0734	OG0002582	2,3,5,1,3,2,5,4,2,2,8,1
Cluster_0734	OG0003279	2,2,4,2,1,4,2,4,3,2,2,7,3
Cluster_0741	OG0022968	1,1
Cluster_0741	OG0009239	1,1,1,1,3,2,1,1,2,1,2,3,1
Cluster_0742	OG0022970	1,1
Cluster_0742	OG0009209	2,1,2,1,2,1,2,1,1,1,4,2
Cluster_0751	OG0001367	3,3,4,4,4,1,7,5,4,3,13,3
Cluster_0751	OG0013589	1,1,4,6,2,1,1
Cluster_0754	OG0001925	1,1,1,2,2,4,1,2,2,1,1,30
Cluster_0754	OG0025787	NA
Cluster_0763	OG0019779	2,1,1
Cluster_0763	OG0002302	2,2,6,3,4,3,2,4,3,2,2,10,2
Cluster_0787	OG0013644	1,1,2,1,1,1,1,2,2,1,1,2
Cluster_0787	OG0000419	4,5,13,7,3,6,5,11,10,5,5,19,5
Cluster_0789	OG0016230	1,1,1,1,2,1,1,3,1
Cluster_0789	OG0000742	1,2,3,13,1,10,4
Cluster_0792	OG0012923	1,1,2,1,2,1,2,1,1,1,3,1
Cluster_0792	OG0010141	1,1,4,1,1,1,2,1,1,1,7
Cluster_0796	OG0005115	2,2,1,2,3,2,2,4,2,2,6,1
Cluster_0796	OG0025199	NA
Cluster_0803	OG0009382	1,1,3,1,1,1,1,2,1,1,1,7,1
Cluster_0803	OG0002433	2,2,6,3,2,3,2,3,2,2,2,9,2
Cluster_0813	OG0010118	1,1,1,1,1,2,1,2,2,1,1,4,1
Cluster_0813	OG0024992	NA
Cluster_0263	OG0004982	1,1,1,1,1,1,1,2,2,1,1,16,1
Cluster_0263	OG0008559	1,1,4,1,1,1,2,1,1,9,1
Cluster_0268	OG0007880	1,1,5,1,1,2,1,3,2,1,1,4,1
Cluster_0268	OG0000000	5,254,962,7,1,30,46,226,12,69,14,1077,10
Cluster_0269	OG0012750	1,3,1,1,1,2,1,1,6,1
Cluster_0269	OG0010296	1,2,1,1,1,1,2,2,1,1,2,1
Cluster_0297	OG0014295	7,1,4,4
Cluster_0297	OG0006326	1,2,1,2,1,2,4,4,2,2,2,1
Cluster_0298	OG0010437	1,1,2,1,1,1,1,2,2,1,1,5,1
Cluster_0298	OG0012068	1,1,1,1,1,1,1,3,2,1,1,3,1
Cluster_0301	OG0004588	2,2,2,2,1,2,1,2,5,1,1,8,1
Cluster_0301	OG0010224	1,1,1,1,1,1,2,2,1,2,4,1
Cluster_0302	OG0027643	1
Cluster_0302	OG0012532	1,1,1,1,1,2,2,3,1,3,1
Cluster_0312	OG0016787	8,1,1
Cluster_0312	OG0003430	2,1,1,3,3,5,1,3,2,2,1,10,1
Cluster_0318	OG0003753	3,2,1,3,2,2,2,4,3,2,2,5,2
Cluster_0318	OG0023186	1,1
Cluster_0324	OG0004143	2,2,5,1,1,2,1,2,1,2,2,11,3
Cluster_0324	OG0026516	1
Cluster_0329	OG0000029	23,20,30,26,8,27,23,45,25,20,23,123,28
Cluster_0329	OG0015679	1,3,3
Cluster_0330	OG0000076	12,17,1,42,10,2,11,1
Cluster_0330	OG0003926	2,2,3,2,2,3,2,4,3,2,2,3,2
Cluster_0332	OG0016489	1,2,4,1
Cluster_0332	OG0014691	1,1,1,2,2,2,1,1,3,1
Cluster_0350	OG0000076	12,17,1,42,10,2,11,1
Cluster_0350	OG0004573	2,4,1,2,5,4,4,6,4
Cluster_0376	OG0025702	NA
Cluster_0376	OG0000094	31,16,8,4,4,11,17,6,19,102,13
Cluster_0377	OG0004483	1,2,2,2,1,2,2,3,3,2,2,7,1
Cluster_0377	OG0011580	1,1,2,1,1,1,1,2,2,1,1,4,1
Cluster_0379	OG0012052	1,1,1,1,1,2,1,2,1,1,1,4,1
Cluster_0379	OG0011451	1,1,1,1,1,1,3,2,1,1,6
Cluster_0391	OG0000000	5,254,962,7,1,30,46,226,12,69,14,1077,10
Cluster_0391	OG0013558	1,2,1,1,1,2,1,1,1,4,2
Cluster_0399	OG0013953	1,1,1,1,1,1,1,2,1,1,1,3,1
Cluster_0399	OG0027646	1
Cluster_0406	OG0004593	1,2,2,3,1,2,2,3,2,2,8,2
Cluster_0406	OG0000370	16,2,5,4,11,6,2,20,8,4,1,8,14
Cluster_0408	OG0002284	2,2,2,2,2,3,4,6,1,3,3,6,1
Cluster_0408	OG0027647	1
Cluster_0409	OG0010761	1,1,2,1,1,1,1,2,1,1,1,4,1
Cluster_0409	OG0016449	1,1,2,1,2,1,1,1
Cluster_0410	OG0020678	NA
Cluster_0410	OG0002608	2,3,2,1,1,3,3,6,2,4,2,8,3
Cluster_0423	OG0000307	8,4,17,5,6,4,5,10,4,5,8,38,9
Cluster_0423	OG0007340	3,5,1,1,3,1,3,1,1,3,4
Cluster_0428	OG0004261	1,2,2,2,1,2,4,2,2,2,7,2
Cluster_0428	OG0025061	NA
Cluster_0445	OG0004968	2,2,2,2,2,2,2,2,2,3,3,4
Cluster_0445	OG0001131	3,5,6,1,4,4,5,8,2,4,4,9
Cluster_0448	OG0022997	1,1
Cluster_0448	OG0001328	2,3,5,3,3,4,3,5,4,3,3,12,3
Cluster_0450	OG0007539	1,1,3,2,1,3,1,2,1,1,1,5,1
Cluster_0450	OG0000738	3,1,2,45,6,3,2,9,5
Cluster_0454	OG0012599	1,1,1,1,1,1,1,2,1,1,1,3,1
Cluster_0454	OG0025338	NA
Cluster_0455	OG0027479	1
Cluster_0455	OG0000607	3,4,9,8,4,4,4,9,7,4,4,16,3
Cluster_0460	OG0014903	1,1,1,1,1,1,1,1,1,1,3,1
Cluster_0460	OG0009253	1,1,2,3,1,1,1,2,1,1,5,3
Cluster_0461	OG0014640	1,1,1,2,1,2,1,1,1,3,1
Cluster_0461	OG0018798	1,1,1,1
Cluster_0462	OG0022896	2
Cluster_0462	OG0013098	1,1,1,1,1,1,1,2,1,2,1,4
Cluster_0463	OG0000091	17,23,15,3,10,56,74,3,17,25,7
Cluster_0463	OG0008328	1,1,4,1,2,1,4,4,1,1,3
Cluster_0467	OG0011766	1,1,4,1,1,1,2,1,1,1,3,1
Cluster_0467	OG0000468	6,5,4,4,2,5,5,11,2,9,5,33,7
Cluster_0477	OG0000842	5,2,5,2,2,4,5,10,3,4,5,20,5
Cluster_0477	OG0011912	1,3,1,1,1,1,4,1,1,1,3,1
Cluster_0479	OG0010606	1,1,1,1,1,2,2,2,2,1,1,4,1
Cluster_0479	OG0012955	1,1,2,1,1,1,3,1,1,3
Cluster_0490	OG0000001	201,117,250,155,18,131,130,340,126,157,118,674,173
Cluster_0490	OG0010666	2,1,3,1,1,1,2,1,1,5,1
Cluster_0491	OG0006645	1,2,1,1,1,1,2,3,2,2,2,5
Cluster_0491	OG0000506	10,4,4,4,2,4,8,12,1,10,7,22,4
Cluster_0492	OG0000107	8,10,20,15,7,20,12,26,16,13,12,31,8
Cluster_0492	OG0007782	1,2,2,5,1,3,2,1,1,3,4
Cluster_0503	OG0005621	1,1,9,4,1,1,1,2,1,1,1,6,1
Cluster_0503	OG0016989	2,1,1,2,1,1
Cluster_0505	OG0002854	1,1,3,6,2,4,1,2,3,1,1,12,1
Cluster_0505	OG0021111	1,1,1
Cluster_0517	OG0002055	2,2,2,3,3,1,3,8,3,3,3,8,3
Cluster_0517	OG0019042	1,2,1
Cluster_0535	OG0001417	1,3,5,2,2,3,3,6,3,3,9,2
Cluster_0535	OG0020607	NA
Cluster_0541	OG0005757	2,1,4,2,2,1,1,2,3,1,1,7,2
Cluster_0541	OG0000230	5,6,16,11,6,9,7,16,7,8,8,27,6
Cluster_0542	OG0001496	2,2,3,4,1,3,2,5,3,2,2,23,1
Cluster_0542	OG0021112	1,2
Cluster_0547	OG0001575	2,2,6,2,2,6,2,4,4,2,2,16,2
Cluster_0547	OG0012795	1,3,1,1,1,1,2,1,1,1,4,1
Cluster_0551	OG0025592	NA
Cluster_0551	OG0001881	5,1,7,2,2,1,2,2,1,1,22,4
Cluster_0555	OG0003872	3,1,2,1,1,2,2,4,4,2,2,9,2
Cluster_0555	OG0015524	3,1,1,1,2,4,1
Cluster_0569	OG0015747	1,1,1,2,1,1,3,1
Cluster_0569	OG0014087	1,1,1,1,1,1,1,2,1,1,1,3,1
Cluster_0574	OG0004573	2,4,1,2,5,4,4,6,4
Cluster_0574	OG0022334	NA
Cluster_0575	OG0002270	2,2,1,4,2,3,3,6,4,2,2,8,2
Cluster_0575	OG0001814	2,2,6,3,3,6,2,4,4,2,2,10,2
Cluster_0580	OG0002649	2,1,5,2,1,1,3,6,2,3,3,12,3
Cluster_0580	OG0025172	NA
Cluster_0586	OG0010285	2,3,2,1,1,1,2,1,1,1,5,1
Cluster_0586	OG0023189	1,1
Cluster_0587	OG0001706	2,3,2,3,2,3,3,5,5,3,3,15,1
Cluster_0587	OG0000148	9,10,14,7,8,13,10,18,15,8,7,41,9
Cluster_0589	OG0001109	3,4,3,3,5,4,6,9,5,5,12,3
Cluster_0589	OG0015032	1,1,1,1,1,1,1,1,1,4,1
Cluster_0590	OG0010863	1,1,2,1,1,2,1,2,2,1,1,4,1
Cluster_0590	OG0003743	3,1,2,1,2,1,1,2,1,1,15,2
Cluster_0592	OG0009916	1,1,2,1,1,2,1,2,2,1,1,4,1
Cluster_0592	OG0026546	1
Cluster_0599	OG0014930	1,1,1,1,1,1,1,2,1,1,3
Cluster_0599	OG0018133	NA
Cluster_0603	OG0002382	2,2,7,2,2,2,2,4,6,2,2,10,1
Cluster_0603	OG0015057	1,1,2,1,1,1,1,1,1,3,1
Cluster_0612	OG0000057	1,11,2,3,1,2,1,231,6
Cluster_0612	OG0011407	1,1,3,1,1,1,1,2,1,1,3,1
Cluster_0613	OG0003330	2,1,2,2,2,2,2,5,3,2,2,8,2
Cluster_0613	OG0027654	1
Cluster_0621	OG0000151	7,11,17,11,2,13,9,21,2,9,11,33,4
Cluster_0621	OG0000766	2,2,5,5,2,3,2,4,3,2,2,44,2
Cluster_0622	OG0001023	5,2,5,2,2,3,4,5,3,3,3,24,4
Cluster_0622	OG0012909	1,1,3,2,1,2,1,1,5
Cluster_0634	OG0027655	1
Cluster_0634	OG0003907	2,3,1,2,3,5,1,3,3,10,1
Cluster_0640	OG0004811	4,14
Cluster_0640	OG0003817	1,1,5,2,1,2,1,4,5,1,1,7,5
Cluster_0641	OG0015877	1,1,1,1,2,1,1,3,1
Cluster_0641	OG0000330	18,3,9,2,1,3,3,10,4,3,3,50,10
Cluster_0642	OG0012749	1,2,1,1,1,2,1,1,1,6,1
Cluster_0642	OG0011875	1,1,1,1,1,1,2,3,1,1,3,1
Cluster_0647	OG0008157	1,1,5,2,1,1,1,2,2,1,1,5,1
Cluster_0647	OG0014851	1,2,1,1,2,1,1,1,1,3,1
Cluster_0652	OG0007261	5,9,1,3,2,1,5
Cluster_0652	OG0002606	4,1,5,2,1,3,1,2,1,4,3,9,3
Cluster_0655	OG0008421	1,1,1,1,1,1,1,2,2,1,1,7,1
Cluster_0655	OG0015724	1,1,1,1,1,2,1,1,2
Cluster_0656	OG0000959	3,4,5,3,2,4,4,13,4,4,3,14,2
Cluster_0656	OG0000145	7,8,16,16,7,9,8,19,13,8,9,38,4
Cluster_0659	OG0016292	1,1,1,2
Cluster_0659	OG0003992	2,2,1,3,3,2,2,4,2,2,2,6,2
Cluster_0661	OG0009596	2,2,1,2,2,5,2,2,2
Cluster_0661	OG0002702	2,2,3,5,2,3,2,4,2,2,2,7,2
Cluster_0664	OG0007983	2,1,5,1,2,1,1,2,3,1,1,4
Cluster_0664	OG0011424	2,1,3,2,1,1,1,2,1,1,1,3
Cluster_0667	OG0014241	1,2,1,1,1,1,2,1,1,1,3,1
Cluster_0667	OG0014181	1,1,1,1,1,4,1,1,1,3
Cluster_0671	OG0003238	2,2,1,10,2,1,2,4,3,2,2,4,2
Cluster_0671	OG0022490	1,1
Cluster_0942	OG0002513	3,1,3,1,2,1,3,4,1,2,3,14,3
Cluster_0942	OG0003837	1,1,2,2,1,4,1,4,2,1,1,14,1
Cluster_1150	OG0008854	1,1,4,1,1,1,1,2,1,1,1,5,1
Cluster_1150	OG0018600	2,2,1
Cluster_1162	OG0006008	3,2,1,1,1,1,4,3,1,1,1,8,2
Cluster_1162	OG0011625	1,1,2,1,1,1,1,1,2,1,1,4
Cluster_1177	OG0000141	7,9,17,21,9,14,10,22,9,11,12,26,8
Cluster_1177	OG0018227	1,1,1,2
Cluster_1193	OG0008069	1,1,1,2,1,1,1,2,1,1,2,6,1
Cluster_1193	OG0012321	1,1,1,1,1,1,1,2,1,1,1,3,1
Cluster_1206	OG0001279	3,2,16,4,2,4,2,5,4,2,2,11,2
Cluster_1206	OG0018986	1,1,3
Cluster_1217	OG0016840	1,1,1,2,3
Cluster_1217	OG0004014	4,2,1,2,1,2,2,5,1,3,1,9,3
Cluster_1220	OG0000189	11,5,18,11,8,8,9,22,3,12,10,33,9
Cluster_1220	OG0000007	62,44,150,57,9,49,54,165,48,42,39,222,59
Cluster_1221	OG0000289	13,6,7,9,3,6,7,14,3,8,7,40,9
Cluster_1221	OG0012618	1,1,4,1,2,1,1,2,1,1,2,1
Cluster_1239	OG0020898	1,1,1
Cluster_1239	OG0001391	1,3,3,8,2,3,4,8,5,3,3,8,1
Cluster_0821	OG0003899	1,1,1,2,2,2,2,3,3,2,1,10,2
Cluster_0821	OG0003086	2,2,4,3,1,2,1,4,2,2,2,8,2
Cluster_0837	OG0001978	2,2,11,2,2,2,2,4,3,2,2,10,2
Cluster_0837	OG0017798	1,3,1,1
Cluster_0844	OG0000003	112,56,130,91,24,81,68,195,50,71,61,368,76
Cluster_0844	OG0004842	2,2,14,2,2,2,2,1,4,1
Cluster_0856	OG0016045	1,1,1,1,2,1,1,2,1
Cluster_0856	OG0000362	12,4,11,7,3,2,5,16,3,6,5,37,6
Cluster_0858	OG0003250	2,2,5,2,2,2,2,4,2,2,3,6,1
Cluster_0858	OG0025558	NA
Cluster_0871	OG0014344	1,1,1,1,1,1,1,2,1,1,1,2,1
Cluster_0871	OG0018379	3,2,1
Cluster_0888	OG0005114	2,1,1,2,1,3,1,3,2,2,10,1
Cluster_0888	OG0024840	1
Cluster_0900	OG0000118	21,16,10,6,6,7,10,18,7,10,9,77,8
Cluster_0900	OG0004764	1,2,2,2,2,2,2,4,2,2,7,1
Cluster_0920	OG0001253	1,3,5,4,4,4,3,6,3,4,3,16,3
Cluster_0920	OG0000266	10,5,4,10,5,12,8,18,7,9,7,30,8
Cluster_0941	OG0005720	2,1,2,2,2,1,4,2,2,6,1
Cluster_0941	OG0005195	2,2,1,2,2,2,1,3,1,2,2,6,1
Cluster_0974	OG0007502	1,1,3,2,2,4,1,2,2,3,1
Cluster_0974	OG0013998	1,1,1,1,1,1,1,2,1,1,1,3,1
Cluster_1018	OG0027063	1
Cluster_1018	OG0003205	2,2,5,4,3,2,1,2,2,1,2,10,2
Cluster_1037	OG0005201	1,2,4,2,1,2,4,1,2,2,4,1
Cluster_1037	OG0002260	3,2,4,1,1,1,2,4,4,2,2,14,4
Cluster_1050	OG0001811	3,2,4,2,1,4,3,8,2,3,3,12,2
Cluster_1050	OG0001032	2,1,7,2,2,3,2,4,4,2,2,24,1
Cluster_1069	OG0010783	1,1,2,1,1,1,2,2,3,2,2,1
Cluster_1069	OG0023001	1,1
Cluster_1130	OG0000668	3,3,4,4,2,3,4,9,5,4,4,21,5
Cluster_1130	OG0003527	2,2,3,2,1,2,2,4,2,2,2,9,2
Cluster_1131	OG0005303	1,1,2,4,1,1,1,3,3,1,1,9,1
Cluster_1131	OG0025623	NA
Cluster_1140	OG0018139	NA
Cluster_1140	OG0025899	NA
Cluster_1142	OG0006764	1,1,10,1,1,2,1,3,1,1,1,3,1
Cluster_1142	OG0014141	1,4,1,1,1,2,1,1,1,2,1
Cluster_1145	OG0000003	112,56,130,91,24,81,68,195,50,71,61,368,76
Cluster_1145	OG0000303	4,4,23,8,8,6,4,9,4,4,4,40,3
Cluster_1148	OG0000001	201,117,250,155,18,131,130,340,126,157,118,674,173
Cluster_1148	OG0004065	1,1,4,1,1,1,3,2,1,1,17,1
Cluster_1152	OG0001547	2,3,8,5,2,3,3,5,2,3,4,10,2
Cluster_1152	OG0023193	1,1
Cluster_1156	OG0021222	2
Cluster_1156	OG0000004	1,9,58,1,18,105,52,1,97,5,163,15
Cluster_1166	OG0013563	1,1,2,1,2,1,1,1,1,1,5
Cluster_1166	OG0014602	1,1,3,1,1,1,1,2,1,1,2
Cluster_1178	OG0024974	NA
Cluster_1178	OG0004588	2,2,2,2,1,2,1,2,5,1,1,8,1
Cluster_1184	OG0027671	1
Cluster_1184	OG0000254	9,24,3,3,1,3,7,14,5,4,14,37,9
Cluster_1186	OG0007277	1,1,2,1,2,2,4,1,2,2,6
Cluster_1186	OG0001239	4,3,2,3,2,7,2,6,2,4,4,15,4
Cluster_1195	OG0004816	1,12,2,1,1,1,2,2,1,1,8,1
Cluster_1195	OG0000419	4,5,13,7,3,6,5,11,10,5,5,19,5
Cluster_1201	OG0002221	1,2,3,8,2,2,2,5,4,2,2,9,2
Cluster_1201	OG0010864	1,1,4,1,1,1,2,1,1,1,4,1
Cluster_1203	OG0021070	1,1
Cluster_1203	OG0004482	1,2,7,2,1,2,2,2,3,2,2,4,1
Cluster_1204	OG0002798	2,2,4,3,3,2,3,3,2,2,13,1
Cluster_1204	OG0000716	2,3,5,8,2,6,5,9,8,6,5,12,3
Cluster_1207	OG0006047	2,1,2,2,2,2,5,3,2,2,3,1
Cluster_1207	OG0021095	2,1
Cluster_1209	OG0000202	1,4,1,23,18,1,12
Cluster_1209	OG0005095	1,7,1,1,1,1,4,1,1,1,13
Cluster_1215	OG0006350	1,2,1,2,1,2,2,4,2,2,3,1
Cluster_1215	OG0006223	1,1,1,1,1,2,2,3,3,2,2,5,1
Cluster_1219	OG0025250	NA
Cluster_1219	OG0022406	NA
Cluster_1244	OG0027673	1
Cluster_1244	OG0011913	1,1,1,1,1,1,2,1,1,1,5,1
Cluster_1252	OG0012687	1,4,1,1,1,1,1,1,1,1,4,1
Cluster_1252	OG0003091	1,1,2,2,3,3,8,2,5,3,10
Cluster_1253	OG0017392	6,1,1
Cluster_1253	OG0000441	5,4,9,5,4,5,5,10,6,6,5,30,5
Cluster_1260	OG0005502	1,1,11,4,1,1,2,2,1,1,1,4,1
Cluster_1260	OG0017609	1,2,2,1
Cluster_0819	OG0000284	15,3,4,37,1,3,8,32
Cluster_0819	OG0007119	1,2,2,2,1,3,1,2,1,1,6,2
Cluster_0832	OG0017004	1,1
Cluster_0832	OG0025809	NA
Cluster_0833	OG0018708	1
Cluster_0833	OG0000842	5,2,5,2,2,4,5,10,3,4,5,20,5
Cluster_0835	OG0020635	2
Cluster_0835	OG0002180	1,2,13,7,1,2,2,3,1,2,1,10,1
Cluster_0853	OG0027674	1
Cluster_0853	OG0026477	1
Cluster_0859	OG0027675	1
Cluster_0859	OG0002543	3,2,9,8,2,2,1,2,2,1,1,9,1
Cluster_0862	OG0025207	NA
Cluster_0862	OG0018117	1,1
Cluster_0877	OG0004690	2,2,1,4,2,2,2,2,2,2,2,6,2
Cluster_0877	OG0002642	1,2,7,1,1,2,1,5,1,1,1,12,1
Cluster_0880	OG0022155	1
Cluster_0880	OG0008326	1,1,2,2,2,1,4,2,1,6
Cluster_0886	OG0005376	2,2,2,2,1,3,2,2,2,7,3
Cluster_0886	OG0004191	1,2,2,2,2,2,2,4,3,2,2,6,1
Cluster_0896	OG0006039	1,4,2,1,2,1,9,1,2,1,4
Cluster_0896	OG0006501	2,2,4,1,2,4,1,4,1,5,1
Cluster_0898	OG0018421	1,4
Cluster_0898	OG0000148	9,10,14,7,8,13,10,18,15,8,7,41,9
Cluster_0901	OG0012059	3,2,1,2,1,1,5,3
Cluster_0901	OG0008977	2,1,1,2,3,2,8,2
Cluster_0902	OG0002600	1,1,5,2,2,2,2,6,3,3,2,11
Cluster_0902	OG0018793	4
Cluster_0903	OG0003411	4,3,1,5,1,3,1,2,6,4
Cluster_0903	OG0001875	1,2,8,16,3,1,2,2,1,2,2,7,2
Cluster_0910	OG0022247	NA
Cluster_0910	OG0002894	2,2,4,4,2,2,2,4,2,2,2,10,2
Cluster_0914	OG0010664	1,1,2,1,1,1,1,2,1,1,5,1
Cluster_0914	OG0005330	1,2,1,5,2,2,2,4,1,2,2,5,2
Cluster_0919	OG0001667	9,2,1,3,5,2,2,4,2,3,15,3
Cluster_0919	OG0004703	2,2,3,1,2,2,4,3,2,2,6,2
Cluster_0922	OG0000823	3,4,10,6,3,3,3,6,4,3,3,21,4
Cluster_0922	OG0007244	2,1,1,1,1,1,1,3,1,1,12,1
Cluster_0928	OG0015534	1,1,1,1,1,2,1,1,1,1
Cluster_0928	OG0009264	1,2,1,1,1,1,2,2,1,1,6,1
Cluster_0933	OG0001584	3,3,4,5,2,2,11,2,5,3,7,3
Cluster_0933	OG0027451	1
Cluster_0934	OG0015625	1,1,1,2,1,2,1,1,1
Cluster_0934	OG0011054	1,2,1,1,1,1,2,1,1,4,1
Cluster_0935	OG0008182	1,2,2,3,2,3
Cluster_0935	OG0016872	1,1,1,1
Cluster_0943	OG0017686	NA
Cluster_0943	OG0001463	3,2,1,3,2,2,3,8,5,3,3,13,3
Cluster_0952	OG0005881	1,2,3,1,1,2,2,2,1,2,3,4,1
Cluster_0952	OG0008932	1,3,1,1,1,2,2,1,1,6,2
Cluster_0953	OG0002857	1,3,1,2,2,3,8,3,2,3,6,1
Cluster_0953	OG0009689	1,1,2,1,1,2,1,2,2,1,1,3,1
Cluster_0954	OG0007517	2,2,4,1,1,1,3,1,1,1,6,2
Cluster_0954	OG0004242	3,2,8,1,1,1,1,1,2,1,1,8,3
Cluster_0961	OG0015827	1,1,1,1,1,2,1,1,1,2
Cluster_0961	OG0006790	1,1,1,2,1,2,2,4,2,2,5,1
Cluster_0979	OG0000866	4,3,2,2,2,3,5,7,5,3,4,26,4
Cluster_0979	OG0005227	2,2,2,1,1,3,1,2,2,2,1,8,2
Cluster_0985	OG0015093	1,1,1,1,1,1,1,2,1,1,1,1,1
Cluster_0985	OG0005380	3,4,2,1,2,1,4,1,2,5,2
Cluster_0987	OG0003043	3,2,2,2,4,1,1,1,3,1,1,15,2
Cluster_0987	OG0005371	1,3,2,1,5,1,1
Cluster_0997	OG0000185	7,8,20,12,3,12,7,14,10,6,7,38,8
Cluster_0997	OG0022388	1
Cluster_1006	OG0015459	1,2,1,1,1,1,1,4,1
Cluster_1006	OG0001592	1,1,13,1,1,2,3,9,3,3,2,15,1
Cluster_1022	OG0011917	1,2,1,1,1,2,1,1,1,5,1
Cluster_1022	OG0004803	1,2,2,1,2,2,4,1,1,1,6,1
Cluster_1051	OG0000022	14,18,17,7,2,8,21,29,17,22,7
Cluster_1051	OG0025306	NA
Cluster_1090	OG0000132	11,4,11,8,1,9,13,25,2,10,9,81,14
Cluster_1090	OG0001787	4,2,8,2,4,9,10,1,4,2,6,1
Cluster_1091	OG0001470	3,3,17,2,2,2,2,5,2,3,10,3
Cluster_1091	OG0025925	NA
Cluster_1108	OG0008909	1,1,2,2,1,1,1,4,1,1,2,6
Cluster_1108	OG0024954	NA
Cluster_1117	OG0005001	2,2,1,2,1,3,2,4,1,2,2,6,2
Cluster_1117	OG0005887	1,1,6,3,1,1,1,2,3,1,1,7,1
Cluster_1118	OG0003028	1,1,7,5,1,1,3,2,1,1,14,1
Cluster_1118	OG0027681	1
Cluster_1121	OG0018882	1,1,3
Cluster_1121	OG0000086	9,18,11,2,13,21,76,10,36,31,17,9
Cluster_1123	OG0000019	35,41,31,33,29,33,87,27,34,35,100,33
Cluster_1123	OG0000346	5,6,10,13,3,7,7,15,4,8,8,15,4
Cluster_1640	OG0000134	2,123,51,1
Cluster_1640	OG0017667	2
Cluster_1586	OG0005953	2,1,3,2,1,4,1,2,3,1,1,4,2
Cluster_1586	OG0022196	NA
Cluster_1617	OG0007459	1,1,3,5,1,2,1,1,1,1,1,5,2
Cluster_1617	OG0026504	1
Cluster_1629	OG0002205	2,4,2,3,2,3,3,6,1,2,3,6,1
Cluster_1629	OG0010484	1,1,2,1,2,2,4,2,2,3
Cluster_1632	OG0021171	2
Cluster_1632	OG0006396	1,1,3,3,1,2,1,2,2,2,1,6,1
Cluster_1667	OG0018416	1,1,3
Cluster_1667	OG0001600	9,2,9,2,1,1,24
Cluster_1671	OG0004420	2,2,1,3,2,2,5,2,2,2,4,1
Cluster_1671	OG0010921	1,1,1,1,1,1,1,2,2,1,1,3
Cluster_1679	OG0003561	2,2,4,4,2,3,1,4,2,2,2,8,2
Cluster_1679	OG0000046	53,15,26,13,16,12,34,11,24,17,117,29
Cluster_1686	OG0003443	1,2,6,4,2,2,5,2,2,7,2
Cluster_1686	OG0014770	1,2,1,1,3,2,1,1,3
Cluster_1687	OG0020757	1,1
Cluster_1687	OG0007572	1,1,3,1,1,1,2,2,1,1,10,1
Cluster_1311	OG0001333	2,2,10,2,1,5,2,5,3,2,2,19,2
Cluster_1311	OG0006339	1,1,4,1,1,1,1,3,1,1,1,11,1
Cluster_1338	OG0007695	1,1,4,1,1,2,1,3,2,1,2,4,1
Cluster_1338	OG0000076	12,17,1,42,10,2,11,1
Cluster_1342	OG0000882	4,5,6,5,3,6,4,8,4,3,5,14,3
Cluster_1342	OG0026067	1
Cluster_1383	OG0019772	1,2
Cluster_1383	OG0006741	1,1,2,1,1,1,2,6,1,2,1,5,1
Cluster_1388	OG0020538	NA
Cluster_1388	OG0006720	1,1,1,6,1,1,1,4,2,1,1,4,2
Cluster_1411	OG0013787	1,1,1,1,1,2,1,1,1,3,2
Cluster_1411	OG0012086	1,1,1,2,1,2,1,4,1,1,3
Cluster_1433	OG0018932	4,1
Cluster_1433	OG0007711	1,1,10,2,1,1,1,2,1,1,3,1
Cluster_1442	OG0002059	3,2,7,2,1,2,2,7,3,3,1,13,3
Cluster_1442	OG0027579	1
Cluster_1589	OG0023031	2
Cluster_1589	OG0000014	41,16,79,45,12,42,29,75,19,27,27,177,37
Cluster_1592	OG0027527	1
Cluster_1592	OG0000491	6,6,5,6,3,7,6,13,1,6,5,19,4
Cluster_1594	OG0006880	2,1,2,1,1,1,1,2,1,1,1,9,3
Cluster_1594	OG0001232	6,2,9,1,2,1,2,4,1,2,2,26,5
Cluster_1598	OG0007985	1,2,1,2,1,2,2,3,1,1,1,4,1
Cluster_1598	OG0008639	1,1,4,1,1,1,1,2,2,1,1,3,1
Cluster_1609	OG0004493	1,2,2,2,2,2,1,4,2,1,2,5
Cluster_1609	OG0025305	NA
Cluster_1625	OG0002130	3,1,9,1,1,1,2,2,2,3,7,8,2
Cluster_1625	OG0005483	3,9,1,3,10,2,1,2
Cluster_1630	OG0010291	2,2,4,1,3,2
Cluster_1630	OG0000182	8,9,7,9,5,9,8,13,13,8,8,45,5
Cluster_1633	OG0020542	1,1
Cluster_1633	OG0016398	NA
Cluster_1641	OG0001543	1,3,2,4,2,4,2,8,5,4,3,10,2
Cluster_1641	OG0015568	1,1,2,1,1,3,1,1
Cluster_1645	OG0026981	1
Cluster_1645	OG0002532	2,2,3,3,2,3,3,5,3,3,3,7,2
Cluster_1649	OG0012743	1,1,3,2,1,1,4,1,1,2,1
Cluster_1649	OG0000056	1,3,94,1,21,41,12
Cluster_1655	OG0010610	1,1,1,1,1,2,1,1,2,1,1,6,1
Cluster_1655	OG0001855	2,2,6,1,1,2,2,9,3,2,2,16,2
Cluster_1662	OG0001478	3,2,19,10,1,2,1,2,2,1,1,11,3
Cluster_1662	OG0003300	2,1,14,7,1,1,2,1,1,7,2
Cluster_1666	OG0001778	1,2,4,2,2,3,3,6,3,3,3,15,2
Cluster_1666	OG0019058	2,1,1,1
Cluster_1676	OG0001648	4,3,7,3,3,2,3,7,1,3,3,9,3
Cluster_1676	OG0012204	1,1,2,2,1,1,3,1,1,1,3,1
Cluster_1684	OG0020641	NA
Cluster_1684	OG0004537	2,5,1,1,1,1,1,5,1,2,3,9,1
Cluster_1688	OG0000001	201,117,250,155,18,131,130,340,126,157,118,674,173
Cluster_1688	OG0013401	1,1,1,1,1,1,2,1,1,1,3,1
Cluster_1266	OG0020625	1
Cluster_1266	OG0003195	2,2,2,1,2,1,3,6,1,3,4,4,2
Cluster_1276	OG0001931	2,1,6,2,2,2,4,9,4,2,2,7,2
Cluster_1276	OG0021919	1,1
Cluster_1278	OG0004772	1,2,2,1,1,1,2,4,4,2,2,9,2
Cluster_1278	OG0003178	1,2,3,1,2,2,2,4,3,2,2,8,2
Cluster_1286	OG0007194	1,1,3,2,1,1,2,3,3,1,2,5,1
Cluster_1286	OG0000000	5,254,962,7,1,30,46,226,12,69,14,1077,10
Cluster_1291	OG0025064	NA
Cluster_1291	OG0005080	2,2,2,2,2,2,3,3,2,2,6
Cluster_1293	OG0015679	1,3,3
Cluster_1293	OG0000029	23,20,30,26,8,27,23,45,25,20,23,123,28
Cluster_1294	OG0001078	2,4,3,4,3,6,4,7,6,4,4,15,1
Cluster_1294	OG0000725	5,3,13,3,2,4,2,4,4,3,3,24,4
Cluster_1297	OG0019591	1,1,1
Cluster_1297	OG0000098	20,19,29,16,5,9,14,16,4,13,8,69,18
Cluster_1298	OG0001423	2,3,12,2,2,3,2,7,2,2,2,14,2
Cluster_1298	OG0000421	7,5,7,3,5,4,6,11,7,6,7,15,6
Cluster_1310	OG0006375	1,3,2,1,1,2,1,2,2,1,1,8,1
Cluster_1310	OG0010301	1,3,2,1,1,1,2,1,1,1,4,1
Cluster_1312	OG0002393	2,2,2,2,3,3,2,8,4,3,2,8,1
Cluster_1312	OG0011103	1,1,1,1,1,1,2,2,1,1,5,1
Cluster_1315	OG0017009	1,1,2,1,1,1
Cluster_1315	OG0014018	1,1,1,1,1,1,1,2,1,1,1,3,1
Cluster_1317	OG0000004	1,9,58,1,18,105,52,1,97,5,163,15
Cluster_1317	OG0000109	3,4,7,1,6,2,1
Cluster_1318	OG0018317	3,1,1,1
Cluster_1318	OG0013163	1,1,1,2,1,1,1,2,1,1,1,3,1
Cluster_1324	OG0009460	1,1,2,1,1,1,1,2,1,1,1,3,1
Cluster_1324	OG0016405	2,1,1,1,2,1,1
Cluster_1328	OG0019918	3
Cluster_1328	OG0025477	NA
Cluster_1331	OG0027585	1
Cluster_1331	OG0016679	1,1,1,2,1,1,2
Cluster_1332	OG0002952	2,3,2,2,2,4,5,1,4,3,7,2
Cluster_1332	OG0001921	1,2,5,3,3,3,2,6,2,3,3,14,2
Cluster_1333	OG0003694	2,2,4,2,1,2,2,5,3,2,2,4,2
Cluster_1333	OG0003308	2,2,2,3,2,3,2,5,3,2,2,7,1
Cluster_1335	OG0007081	1,1,2,1,1,1,2,2,2,1,2,9,1
Cluster_1335	OG0002947	2,2,3,1,2,4,2,4,3,2,2,11,2
Cluster_1340	OG0006098	1,1,4,2,1,2,2,1,1,6,1
Cluster_1340	OG0002045	3,2,13,2,2,1,2,4,2,2,2,11,1
Cluster_1343	OG0001048	3,2,4,3,1,4,3,10,6,4,3,17,4
Cluster_1343	OG0017311	1
Cluster_1345	OG0010847	1,1,2,1,1,2,3,1,1,4,1
Cluster_1345	OG0025312	NA
Cluster_1347	OG0022172	NA
Cluster_1347	OG0003414	1,1,1,1,1,2,1,2,2,1,1,6,1
Cluster_1348	OG0003353	2,2,5,2,2,2,4,3,2,2,8,1
Cluster_1348	OG0013433	1,1,1,1,1,4,1,1,1,5
Cluster_1353	OG0025430	NA
Cluster_1353	OG0025874	NA
Cluster_1367	OG0002851	4,4,1,1,1,3,3,1,2,2,13,6
Cluster_1367	OG0000370	16,2,5,4,11,6,2,20,8,4,1,8,14
Cluster_1371	OG0000608	9,5,8,4,2,6,11,1,5,4,21,6
Cluster_1371	OG0012560	1,1,3,1,1,1,1,2,1,1,1,3,1
Cluster_1372	OG0019688	1,2,1
Cluster_1372	OG0009649	2,2,1,1,1,1,1,2,1,1,6,1
Cluster_1374	OG0014450	1,1,4,1,1,1,2,1,1,1,1
Cluster_1374	OG0014356	1,1,2,1,1,1,2,1,1,4
Cluster_1385	OG0007706	1,1,5,1,1,1,1,5,2,1,1,5
Cluster_1385	OG0006384	1,1,1,2,2,1,3,2,1,1,9,1
Cluster_1389	OG0001521	2,2,6,5,4,1,3,7,2,3,2,16,2
Cluster_1389	OG0017315	1,1,4,1
Cluster_1392	OG0006875	1,1,1,1,2,2,1,2,2,1,1,6,1
Cluster_1392	OG0022389	1
Cluster_1395	OG0000028	2,53,1,18,77,19,22,3,188,10
Cluster_1395	OG0005683	1,1,13,1,1,1,1,3,1,1,1,5
Cluster_1397	OG0003100	2,2,1,3,1,4,3,5,3,1,2,6,2
Cluster_1397	OG0000082	11,10,6,10,9,5,9,19,12,11,10,115,21
Cluster_1399	OG0015186	1,1,1,1,2,1,1,3,1
Cluster_1399	OG0016950	1,1,1,1,1,1,1,1
Cluster_1400	OG0005222	1,2,1,2,2,2,2,4,1,2,2,5,1
Cluster_1400	OG0005727	3,1,2,2,2,1,3,3,2,2,6,1
Cluster_1402	OG0005494	2,2,4,2,2,2,1,3,2,2,2,5
Cluster_1402	OG0018332	1,1,1,1,2
Cluster_1403	OG0008913	1,1,1,2,2,1,2,2,1,1,5,2
Cluster_1403	OG0005367	1,2,1,2,2,2,2,3,3,2,2,5
Cluster_1407	OG0002559	1,3,4,4,1,3,2,3,2,2,2,12,2
Cluster_1407	OG0017934	2,1,1,1
Cluster_1410	OG0001876	2,3,2,3,4,3,3,5,5,3,3,9,1
Cluster_1410	OG0007087	1,1,1,1,3,1,2,1,1,1,6,1
Cluster_1412	OG0025539	NA
Cluster_1412	OG0021212	3
Cluster_1413	OG0002560	2,2,7,2,1,4,3,5,3,2,2,9,2
Cluster_1413	OG0027306	1
Cluster_1417	OG0000029	23,20,30,26,8,27,23,45,25,20,23,123,28
Cluster_1417	OG0017859	5,1
Cluster_1421	OG0012740	2,1,1,1,1,1,2,2,1,1,3
Cluster_1421	OG0004322	1,2,3,2,1,3,2,1,2,12,2
Cluster_1426	OG0020718	NA
Cluster_1426	OG0000135	8,12,10,8,3,8,12,36,8,17,13,35,6
Cluster_1429	OG0011334	1,1,1,1,1,1,1,2,1,1,1,6,1
Cluster_1429	OG0020522	NA
Cluster_1431	OG0007415	1,2,1,2,1,2,1,5,2,1,1,3,1
Cluster_1431	OG0022739	1,1
Cluster_1432	OG0006972	2,1,3,1,1,1,1,3,1,1,1,8,2
Cluster_1432	OG0009956	1,1,5,1,1,1,1,2,2,1,1,3,1
Cluster_1436	OG0019885	1,1,2
Cluster_1436	OG0005963	1,1,3,1,1,1,1,2,2,1,1,11,1
Cluster_1437	OG0006098	1,1,4,2,1,2,2,1,1,6,1
Cluster_1438	OG0019627	1
Cluster_1438	OG0022252	NA
Cluster_1439	OG0010274	1,1,1,1,1,3,1,2,1,7,2
Cluster_1439	OG0025209	NA
Cluster_1437	OG0011611	1,1,3,1,1,1,2,1,1,1,4,2
Cluster_1443	OG0001526	4,2,10,1,2,2,3,5,3,2,3,16,1
Cluster_1443	OG0007203	1,1,3,1,1,1,1,3,1,1,1,8,3
Cluster_1445	OG0005360	1,2,1,1,2,1,2,3,2,2,2,6
Cluster_1445	OG0004577	2,3,2,2,2,1,4,4,2,2,6
Cluster_1454	OG0022369	NA
Cluster_1452	OG0001657	2,2,3,2,2,5,2,11,3,2,2,13,2
Cluster_1452	OG0027589	1
Cluster_1454	OG0006791	1,1,9,1,1,1,1,4,2,1,1,3,1
Cluster_1458	OG0011438	1,1,1,1,1,1,3,1,1,1,6,1
Cluster_1458	OG0015155	1,1,1,1,1,2,1,1,1,3,1
Cluster_1463	OG0014372	1,1,1,1,1,1,1,2,1,1,1,2,1
Cluster_1463	OG0000116	9,9,20,1,11,12,10,22,1,10,10,67,8
Cluster_1471	OG0027590	1
Cluster_1471	OG0003014	1,2,3,2,2,2,2,6,4,2,2,8,1
Cluster_1472	OG0007889	1,1,3,1,1,1,1,3,2,1,1,7,1
Cluster_1475	OG0018510	2,1,2
Cluster_1475	OG0000599	2,5,8,7,5,3,5,10,5,4,5,13,4
Cluster_1472	OG0000491	6,6,5,6,3,7,6,13,1,6,5,19,4
Cluster_1477	OG0002370	1,2,1,1,1,2,5,9,2,6,4,5,2
Cluster_1477	OG0012751	1,1,1,1,1,1,2,2,1,1,3,1
Cluster_1488	OG0005658	1,1,2,1,1,2,2,6,2,2,2,4,1
Cluster_1488	OG0027180	1
Cluster_1502	OG0007247	1,1,2,1,2,2,6,2,3,3,1
Cluster_1502	OG0019863	2,2
Cluster_1504	OG0002572	3,2,3,3,2,3,2,4,2,2,2,13,1
Cluster_1504	OG0017178	2,1,2
Cluster_1506	OG0009163	1,1,2,3,1,1,1,3,1,1,1,4,1
Cluster_1506	OG0000056	1,3,94,1,21,41,12
Cluster_1512	OG0022254	NA
Cluster_1512	OG0022151	NA
Cluster_1514	OG0025766	NA
Cluster_1514	OG0019653	NA
Cluster_1517	OG0016762	3,4,1,1,1
Cluster_1517	OG0001318	3,3,4,3,3,4,3,5,2,3,5,17,2
Cluster_1523	OG0013221	1,1,2,1,1,1,2,1,1,1,4,1
Cluster_1523	OG0001688	2,3,5,2,1,3,3,6,5,4,4,7,2
Cluster_1532	OG0006561	1,1,2,2,1,2,2,4,3,2,1,3,1
Cluster_1532	OG0003572	4,2,2,2,2,1,2,4,2,2,2,7,2
Cluster_1535	OG0002419	5,1,8,4,1,3,1,2,3,1,13,2
Cluster_1535	OG0027167	1
Cluster_1536	OG0002639	2,2,5,3,2,3,2,4,2,2,2,11,2
Cluster_1536	OG0000619	5,6,6,6,2,5,6,10,2,6,6,16,4
Cluster_1540	OG0000004	1,9,58,1,18,105,52,1,97,5,163,15
Cluster_1540	OG0002335	3
Cluster_1545	OG0020625	1
Cluster_1545	OG0003195	2,2,2,1,2,1,3,6,1,3,4,4,2
Cluster_1546	OG0001600	9,2,9,2,1,1,24
Cluster_1546	OG0018416	1,1,3
Cluster_1547	OG0000228	2,1,2,11,7,17,7,41,8,17,13,5
Cluster_1547	OG0014065	1,1,1,1,1,1,1,2,1,1,1,3,1
Cluster_1557	OG0000209	20,13,9,6,2,5,6,12,11,9,58,9
Cluster_1557	OG0017957	3,1,1
Cluster_1568	OG0003518	5,2,2,1,4,1,3,12,2
Cluster_1568	OG0021149	2,1
Cluster_1572	OG0019042	1,2,1
Cluster_1572	OG0002055	2,2,2,3,3,1,3,8,3,3,3,8,3
Cluster_1573	OG0000155	12,14,21,15,5,6,9,17,8,10,8,36,9
Cluster_1573	OG0002778	2,16,3,2,2,6,3,1,6,3
Cluster_1578	OG0015824	1,1,5,1,2,1
Cluster_1578	OG0015151	1,1,1,3,1,3,2
Cluster_1582	OG0002699	1,2,2,2,2,4,9,1,4,5,5,1
Cluster_1582	OG0002051	1,2,3,4,2,2,4,7,2,5,3,6,2
Cluster_1715	OG0004104	1,2,4,1,1,2,1,2,1,1,1,15,2
Cluster_1715	OG0019937	3,1
Cluster_1969	OG0000029	23,20,30,26,8,27,23,45,25,20,23,123,28
Cluster_1969	OG0015679	1,3,3
Cluster_2007	OG0002336	2,1,4,3,4,3,7,5,3,3,5,1
Cluster_2007	OG0012348	1,1,3,1,1,1,2,1,1,1,4,1
Cluster_2025	OG0004912	2,1,3,1,2,1,1,2,2,1,1,11,1
Cluster_2025	OG0009116	1,1,1,2,2,2,1,3,2,1,1,3,1
Cluster_1731	OG0000223	14,5,5,4,3,3,12,27,4,9,10,39,5
Cluster_1731	OG0015843	1
Cluster_1742	OG0018635	1,2,1
Cluster_1742	OG0025811	NA
Cluster_1808	OG0000000	5,254,962,7,1,30,46,226,12,69,14,1077,10
Cluster_1808	OG0005048	1,1,2,4,2,1,1,3,1,2,1,12,1
Cluster_1863	OG0014556	1,1,1,1,1,1,2,1,1,1,3,1
Cluster_1863	OG0004905	1,1,12,1,1,2,1,2,1,1,1,7,1
Cluster_1968	OG0002848	1,11,2,3,1,2,4,3,2,2,5,1
Cluster_1968	OG0010607	1,1,1,1,1,2,1,2,1,1,1,4,1
Cluster_1970	OG0001243	2,2,6,7,2,5,2,4,1,2,2,19,2
Cluster_1970	OG0025376	NA
Cluster_1976	OG0010588	1,1,3,1,2,1,1,3,1,1,2,1
Cluster_1976	OG0027502	1
Cluster_1983	OG0000103	13,14,30,9,6,14,16,27,4,19,14,38,12
Cluster_1983	OG0002200	5,3,4,1,1,2,4,1,2,12,7
Cluster_1989	OG0000022	14,18,17,7,2,8,21,29,17,22,7
Cluster_1989	OG0004851	1,1,3,2,2,3,7,1,3,3,4,2
Cluster_1994	OG0001911	1,2,3,3,2,3,2,5,3,2,3,16,1
Cluster_1994	OG0022173	NA
Cluster_1996	OG0007521	1,1,2,2,1,3,1,2,3,1,1,4,1
Cluster_1996	OG0013025	1,1,2,1,1,1,1,2,1,1,1,3,1
Cluster_1999	OG0027485	1
Cluster_1999	OG0005059	1,1,7,1,1,2,1,2,2,2,1,3,1
Cluster_2006	OG0017269	1,1
Cluster_2006	OG0008080	1,1,4,1,1,3,1,3,1,1,1,3,1
Cluster_2009	OG0020776	1,1
Cluster_2009	OG0001924	2,2,6,6,2,2,2,4,2,2,2,12,2
Cluster_2010	OG0006712	2,1,2,2,1,1,2,3,2,1,2,4,2
Cluster_2010	OG0000278	6,6,3,8,3,5,11,26,3,11,12,21,3
Cluster_2028	OG0007833	1,1,1,1,1,1,5,4,1,1,6,1
Cluster_2028	OG0025959	NA
Cluster_2036	OG0011655	1,1,1,1,1,1,2,3,1,1,5,1
Cluster_2036	OG0025408	NA
Cluster_2043	OG0001098	2,2,3,2,3,4,4,10,2,7,6,17,1
Cluster_2043	OG0008817	1,1,4,2,1,1,1,2,2,2,1,4,1
Cluster_2045	OG0000202	1,4,1,23,18,1,12
Cluster_2045	OG0012599	1,1,1,1,1,1,1,2,1,1,1,3,1
Cluster_2046	OG0005165	1,2,1,1,2,2,5,3,2,2,4,1
Cluster_2046	OG0019094	2,1,1,1
Cluster_2053	OG0011291	2,2,1,1,3,1,7,1
Cluster_2053	OG0001552	3,2,3,5,2,3,2,3,5,2,2,17,2
Cluster_2057	OG0025452	NA
Cluster_2057	OG0001930	2,2,7,2,1,2,2,4,1,2,2,17,2
Cluster_2064	OG0008491	1,1,1,1,1,1,2,1,1,9,2
Cluster_2064	OG0025590	NA
Cluster_2067	OG0005027	1,2,1,2,2,3,4,3,2,2,5,1
Cluster_2067	OG0002033	2,11,5,1,10,2,2,9,2
Cluster_1707	OG0005060	4,2,1,2,1,2,4,2,2,6,2
Cluster_1702	OG0003967	2,9,2,1,3,3,2,1,1,7,3
Cluster_1702	OG0000202	1,4,1,23,18,1,12
Cluster_1707	OG0001199	3,3,2,4,4,4,4,7,3,4,4,10,3
Cluster_1714	OG0015319	2,7,1,1,3
Cluster_1714	OG0000082	11,10,6,10,9,5,9,19,12,11,10,115,21
Cluster_1716	OG0017805	2,2,1,2
Cluster_1716	OG0018298	4,1,1
Cluster_1719	OG0000151	7,11,17,11,2,13,9,21,2,9,11,33,4
Cluster_1719	OG0008190	1,1,2,2,1,1,1,5,1,1,1,3
Cluster_1723	OG0000295	4,6,6,6,6,8,7,17,12,8,7,18,3
Cluster_1723	OG0027618	1
Cluster_1727	OG0002358	2,2,7,4,2,1,2,4,4,2,2,8,2
Cluster_1727	OG0006702	1,1,1,7,1,1,1,2,2,1,1,5,1
Cluster_1732	OG0003180	1,2,4,2,2,2,2,4,3,2,2,9,1
Cluster_1732	OG0025267	NA
Cluster_1733	OG0026335	1
Cluster_1733	OG0001823	2,2,5,3,2,4,3,8,2,4,3,9,1
Cluster_1734	OG0000153	21,8,14,9,1,10,8,17,8,9,9,55,13
Cluster_1734	OG0027326	1
Cluster_1735	OG0003435	2,2,4,2,2,2,2,4,2,2,2,8,2
Cluster_1735	OG0002366	2,2,5,2,2,3,2,4,4,2,2,7,2
Cluster_1738	OG0016380	1,1,1
Cluster_1738	OG0011226	1,1,1,1,1,1,1,2,2,1,1,3,1
Cluster_1746	OG0012693	1,1,1,1,1,4,1,1,1,5,1
Cluster_1746	OG0018756	3,1
Cluster_1750	OG0003527	2,2,3,2,1,2,2,4,2,2,2,9,2
Cluster_1750	OG0000668	3,3,4,4,2,3,4,9,5,4,4,21,5
Cluster_1751	OG0027172	1
Cluster_1751	OG0000004	1,9,58,1,18,105,52,1,97,5,163,15
Cluster_1758	OG0000596	5,5,5,5,2,6,5,8,9,5,5,14,1
Cluster_1758	OG0005446	2,1,1,2,1,2,1,2,2,2,2,9,1
Cluster_1759	OG0005195	2,2,1,2,2,2,1,3,1,2,2,6,1
Cluster_1759	OG0005720	2,1,2,2,2,1,4,2,2,6,1
Cluster_1762	OG0004799	2,3,2,2,2,2,4,2,2,2,6
Cluster_1762	OG0003702	1,2,2,2,2,2,2,6,2,2,2,6
Cluster_1764	OG0019823	1,1,1,1
Cluster_1764	OG0017695	1,1,1,3
Cluster_1766	OG0007714	1,1,1,1,1,1,2,4,2,2,1,5,1
Cluster_1766	OG0010224	1,1,1,1,1,1,2,2,1,2,4,1
Cluster_1771	OG0012125	2,1,1,1,2,1,2,1,1,3,1
Cluster_1771	OG0000993	12,3,3,5,1,3,1,8,4,1,3,17,5
Cluster_1777	OG0017180	1,1,1,1,2,1
Cluster_1777	OG0000077	27,11,6,8,5,12,9,26,7,9,11,105,27
Cluster_1778	OG0008907	1,1,1,1,1,1,1,2,2,1,1,5,2
Cluster_1778	OG0022616	1
Cluster_1781	OG0000987	2,3,7,7,3,5,4,7,5,4,5,9,3
Cluster_1781	OG0022099	NA
Cluster_1790	OG0021222	2
Cluster_1790	OG0000004	1,9,58,1,18,105,52,1,97,5,163,15
Cluster_1792	OG0000993	12,3,3,5,1,3,1,8,4,1,3,17,5
Cluster_1792	OG0000376	1,59,16,1
Cluster_1797	OG0007826	1,1,3,1,1,1,1,2,1,1,1,9,1
Cluster_1797	OG0016195	1,1,1,1,2,1,1,1,2
Cluster_1798	OG0019962	3,1
Cluster_1798	OG0000982	5,3,4,3,2,3,3,6,2,3,3,25,7
Cluster_1800	OG0014948	1,1,1,2,1,2,1,1,1,3
Cluster_1800	OG0002321	1,2,10,1,1,2,1,2,3,1,1,19,1
Cluster_1803	OG0017161	1,2
Cluster_1803	OG0016202	2,1,1,1,2,3,1
Cluster_1806	OG0005096	2,2,3,2,2,3,2,3,2,1,6,3
Cluster_1806	OG0003986	1,3,3,3,2,4,2,4,2,3,2,4,1
Cluster_1807	OG0005670	1,1,9,2,1,1,1,2,1,1,1,6,1
Cluster_1807	OG0018975	1,1,2
Cluster_1810	OG0010109	1,1,1,1,1,1,1,4,2,1,1,3,1
Cluster_1810	OG0000685	3,4,16,4,6,3,4,9,3,4,5,12,3
Cluster_1815	OG0018737	1,1
Cluster_1815	OG0022019	NA
Cluster_1816	OG0002785	2,2,4,2,2,4,2,5,1,2,2,7,2
Cluster_1816	OG0022135	NA
Cluster_1818	OG0003784	2,2,2,2,1,1,2,6,3,2,2,6,1
Cluster_1818	OG0001031	3,2,3,3,4,3,3,5,5,7,3,21,1
Cluster_1820	OG0003695	4,2,5,2,1,2,2,5,2,2,2,6,2
Cluster_1820	OG0001510	3,3,5,3,2,4,4,8,5,3,12,3
Cluster_1828	OG0002952	2,3,2,2,2,4,5,1,4,3,7,2
Cluster_1827	OG0002597	4,2,2,4,3,2,2,4,1,1,2,14,3
Cluster_1827	OG0000000	5,254,962,7,1,30,46,226,12,69,14,1077,10
Cluster_1828	OG0001921	1,2,5,3,3,3,2,6,2,3,3,14,2
Cluster_1829	OG0027619	1
Cluster_1829	OG0001434	1,1,1,1,3,2,5,15,2,5,6,11,1
Cluster_1831	OG0001762	3,2,6,3,3,4,2,4,4,3,3,10,2
Cluster_1831	OG0005233	1,1,1,4,2,4,2,3,1,2,1,8,1
Cluster_1832	OG0001617	2,2,13,2,2,5,1,1,4,2,2,15,2
Cluster_1832	OG0025660	NA
Cluster_1835	OG0025611	NA
Cluster_1835	OG0010686	1,1,2,1,2,2,2,2,1,2,1,1,1
Cluster_1840	OG0003577	2,2,1,5,3,2,2,10,2,1,6,2
Cluster_1840	OG0000226	6,5,19,14,5,9,7,15,4,8,6,39,5
Cluster_1847	OG0006511	1,1,3,2,1,3,1,3,2,2,1,4,1
Cluster_1847	OG0005160	1,1,6,2,1,3,2,5,2,2,3,1
Cluster_1848	OG0027549	1
Cluster_1848	OG0004505	2,2,2,3,1,1,2,4,2,2,2,7,2
Cluster_1850	OG0003228	2,2,1,1,1,1,2,5,2,2,2,12,1
Cluster_1850	OG0026019	NA
Cluster_1856	OG0022622	1,1
Cluster_1856	OG0001714	2,3,4,3,2,3,4,8,4,4,7,2
Cluster_1860	OG0001014	7,1,6,1,2,1,2,3,3,10,22,9
Cluster_1860	OG0000169	11,7,10,9,2,14,8,23,4,9,13,45,10
Cluster_1864	OG0001626	2,2,6,1,3,1,2,3,1,2,2,22,2
Cluster_1866	OG0002573	1,2,1,2,2,2,4,9,2,5,2,6,1
Cluster_1864	OG0003805	2,2,3,1,2,1,3,4,3,2,2,6,2
Cluster_1866	OG0022246	NA
Cluster_1872	OG0021180	1,1
Cluster_1872	OG0000001	201,117,250,155,18,131,130,340,126,157,118,674,173
Cluster_1873	OG0006129	2,2,4,2,1,2,1,2,3,1,1,5,2
Cluster_1873	OG0003593	2,2,2,2,1,2,1,3,3,1,1,16,2
Cluster_1874	OG0003556	2,2,3,2,2,2,2,3,4,2,2,4,2
Cluster_1874	OG0005588	1,1,2,3,1,1,1,2,2,1,1,11,1
Cluster_1894	OG0000003	112,56,130,91,24,81,68,195,50,71,61,368,76
Cluster_1894	OG0001961	2,2,4,3,1,3,2,6,3,2,2,16,2
Cluster_1896	OG0008413	1,1,1,1,1,1,2,4,1,2,2,6
Cluster_1896	OG0027620	1
Cluster_1902	OG0000358	2,1,3,4,4,7,10,24,1,11,15,7,3
Cluster_1902	OG0018692	NA
Cluster_1918	OG0000019	35,41,31,33,29,33,87,27,34,35,100,33
Cluster_1918	OG0016504	2,1,4,1,2,1
Cluster_1920	OG0012730	1,1,1,1,1,1,3,1,1,1,3,1
Cluster_1920	OG0004040	1,1,4,3,1,1,3,3,5,2,4,1
Cluster_1932	OG0001825	2,2,9,3,3,2,2,4,3,2,2,12,4
Cluster_1932	OG0000685	3,4,16,4,6,3,4,9,3,4,5,12,3
Cluster_1935	OG0020760	1,1
Cluster_1935	OG0000350	5,4,5,9,1,7,6,16,6,7,7,29,6
Cluster_1936	OG0003427	1,1,2,3,2,1,2,4,4,2,2,10,2
Cluster_1936	OG0019566	2
Cluster_1945	OG0002088	3,2,3,2,2,2,2,4,3,2,2,13,3
Cluster_1945	OG0005807	1,1,2,4,1,4,1,3,4,1,1,3,1
Cluster_1948	OG0000004	1,9,58,1,18,105,52,1,97,5,163,15
Cluster_1948	OG0000074	2,4,6,16,32,80,3,7,11,15,2
Cluster_1951	OG0003574	3,2,4,1,2,2,4,2,2,2,11,1
Cluster_1951	OG0017191	3,3,1,1
Cluster_1954	OG0011039	1,1,3,1,1,1,1,1,1,1,2,2,2
Cluster_1954	OG0027221	1
Cluster_1956	OG0022135	NA
Cluster_1956	OG0024978	NA
Cluster_1961	OG0000186	7,5,36,11,5,7,6,11,7,7,9,35,7
Cluster_1961	OG0027106	1
Cluster_1963	OG0000349	7,7,6,8,5,5,8,12,8,9,25,7
Cluster_1963	OG0006969	2,1,2,2,1,2,2,3,4,1,4,2
Cluster_1966	OG0007486	2,1,3,1,2,1,3,1,1,1,7,2
Cluster_1966	OG0005558	1,3,1,2,2,2,2,3,1,2,2,7,1
Cluster_2093	OG0019091	1,1,1
Cluster_2093	OG0000126	16,5,11,4,3,3,5,9,6,5,6,110,15
Cluster_2206	OG0008421	1,1,1,1,1,1,1,2,2,1,1,7,1
Cluster_2206	OG0015724	1,1,1,1,1,2,1,1,2
Cluster_2304	OG0012603	1,1,3,1,1,1,1,2,1,1,1,4
Cluster_2304	OG0000660	5,4,3,4,3,5,4,10,8,3,3,22,4
Cluster_2315	OG0011464	1,1,1,2,1,1,3,2,1,1,4,1
Cluster_2315	OG0008255	1,1,1,2,1,3,1,2,2,1,1,5,1
Cluster_2322	OG0000022	14,18,17,7,2,8,21,29,17,22,7
Cluster_2322	OG0003080	2,2,2,2,2,2,2,3,3,2,2,9,2
Cluster_2352	OG0025936	NA
Cluster_2352	OG0007408	1,1,3,2,1,2,1,2,2,1,1,7,1
Cluster_2396	OG0008090	1,1,1,3,1,1,1,2,2,1,1,3,1
Cluster_2396	OG0007430	1,1,1,1,2,1,3,2,1,1,3,1
Cluster_2398	OG0002772	2,2,4,2,2,3,2,4,4,2,2,8,2
Cluster_2398	OG0027685	1
Cluster_2402	OG0000321	4,5,6,5,3,11,8,16,7,8,8,24,5
Cluster_2402	OG0017862	1,4
Cluster_2404	OG0011366	1,1,1,1,1,1,1,3,2,1,1,2,1
Cluster_2404	OG0001771	1,3,3,3,3,3,3,5,3,3,3,11,3
Cluster_2410	OG0002146	2,2,7,2,1,1,2,5,1,2,2,11,1
Cluster_2410	OG0025933	NA
Cluster_2430	OG0007760	1,1,2,1,4,1,2,2,1,1,7,1
Cluster_2430	OG0022390	1
Cluster_2441	OG0005563	2,2,4,1,2,2,1,4,1,1,1,5,2
Cluster_2441	OG0009849	1,2,1,2,1,2,1,2,1,2,4,1
Cluster_2456	OG0000008	70,25,98,9,8,20,18,150,11,38,26,474,63
Cluster_2456	OG0000019	35,41,31,33,29,33,87,27,34,35,100,33
Cluster_2460	OG0021124	1
Cluster_2460	OG0010126	1,1,2,3,1,1,1,2,1,2,1,4,1
Cluster_2472	OG0015536	1,1,1,1,1,2,1,1,3,1
Cluster_2472	OG0000673	4,3,6,3,4,5,5,11,6,4,3,16,3
Cluster_2079	OG0010696	1,1,4,1,1,1,1,2,1,1,1,3,1
Cluster_2074	OG0001814	2,2,6,3,3,6,2,4,4,2,2,10,2
Cluster_2074	OG0000553	3,5,12,9,3,5,4,10,7,4,4,18,3
Cluster_2079	OG0011792	1,1,2,1,1,1,1,2,2,1,1,4,1
Cluster_2084	OG0019550	1,1,1
Cluster_2084	OG0007221	1,1,4,1,1,1,1,2,1,1,1,4,1
Cluster_2103	OG0019070	1,1,1,1,1
Cluster_2103	OG0006499	1,2,1,2,2,2,4,1,2,2,6
Cluster_2126	OG0020549	1
Cluster_2126	OG0000244	10,4,3,5,5,5,11,23,3,11,10,24,9
Cluster_2133	OG0014965	1,1,1,1,1,1,3,2,1,1,1
Cluster_2133	OG0000980	2,2,11,3,2,4,2,6,4,2,2,24,3
Cluster_2303	OG0027536	1
Cluster_2303	OG0004752	1,2,6,1,1,1,1,1,1,1,2,8,3
Cluster_2312	OG0003036	3,1,8,1,2,2,7,2,3,1,7,3
Cluster_2312	OG0018181	3
Cluster_2314	OG0001525	2,1,7,3,2,2,2,4,3,2,1,14,2
Cluster_2314	OG0013741	1,1,2,1,1,1,2,1,1,1,3,1
Cluster_2319	OG0005308	2,2,3,2,1,2,5,2,2,2,7,1
Cluster_2319	OG0011668	1,1,3,1,1,1,1,3,1,1,1,3,1
Cluster_2320	OG0003421	2,2,1,2,2,2,2,5,4,2,2,6,1
Cluster_2320	OG0001511	3,3,4,3,3,2,3,6,5,3,3,10,3
Cluster_2321	OG0000638	3,3,9,5,3,5,3,10,5,3,3,27,2
Cluster_2321	OG0027267	1
Cluster_2339	OG0017260	1,1,2,1
Cluster_2339	OG0026039	NA
Cluster_2353	OG0018589	2,1,1,1
Cluster_2353	OG0001579	3,3,3,3,3,3,4,8,3,3,3,10,3
Cluster_2362	OG0003574	3,2,4,1,2,2,4,2,2,2,11,1
Cluster_2362	OG0004571	1,9,1,22
Cluster_2385	OG0010153	1,1,6,1,2,1,2,1,1,1,4
Cluster_2386	OG0010688	1,1,2,1,1,1,1,2,1,1,1,6,1
Cluster_2386	OG0002316	1,2,3,2,2,2,2,7,4,2,2,13,1
Cluster_2385	OG0014008	1,1,1,2,1,1,2,1,1,1,3,1
Cluster_2390	OG0011542	1,1,2,2,1,1,1,2,1,1,1,4,1
Cluster_2390	OG0014711	1,2,1,1,1,1,2,2,1,1,1
Cluster_2392	OG0002920	2,2,1,2,2,4,2,5,1,2,2,11,2
Cluster_2392	OG0007816	1,1,3,1,1,1,1,3,1,2,2,6,1
Cluster_2394	OG0013926	1,1,1,1,1,1,1,2,1,1,1,3,1
Cluster_2394	OG0004061	2,2,5,3,2,3,2,3,2,2,2,5,1
Cluster_2403	OG0012192	1,1,2,1,1,2,1,1,2,5,1
Cluster_2403	OG0010051	1,2,2,1,1,1,2,1,1,2,4,1
Cluster_2417	OG0000743	6,4,4,5,6,4,11,6,5,5,13,5
Cluster_2417	OG0000523	4,5,10,4,2,4,5,12,5,5,5,18,4
Cluster_2427	OG0000354	17,12,2,1,6,3,9,16,7,12,12,15
Cluster_2427	OG0004967	4,3,1,1,2,5,5,4,1,2
Cluster_2428	OG0013903	1,1,2,1,1,1,1,2,1,1,1,2,1
Cluster_2428	OG0012732	1,2,1,1,1,3,1,1,1,3,1
Cluster_2433	OG0006796	1,2,1,3,1,1,1,2,3,2,1,5,2
Cluster_2433	OG0013394	1,1,2,1,1,1,1,2,1,1,1,3,1
Cluster_2435	OG0000151	7,11,17,11,2,13,9,21,2,9,11,33,4
Cluster_2435	OG0020995	1,1,1
Cluster_2438	OG0011393	1,1,2,3,1,1,1,2,1,1,4,1
Cluster_2438	OG0002771	2,2,8,2,2,2,2,4,3,2,2,8,2
Cluster_2442	OG0000098	20,19,29,16,5,9,14,16,4,13,8,69,18
Cluster_2442	OG0000039	40,17,74,18,2,28,17,32,10,33,17,95,27
Cluster_2444	OG0016245	1,2,1,1,6
Cluster_2444	OG0000182	8,9,7,9,5,9,8,13,13,8,8,45,5
Cluster_2445	OG0013679	1,1,1,1,1,2,1,2,1,1,4
Cluster_2445	OG0006090	2,2,3,1,1,1,1,3,1,2,3,5,1
Cluster_2459	OG0000613	3,3,13,4,3,4,3,7,4,3,3,25,2
Cluster_2459	OG0017811	2,1,2,1,1
Cluster_2462	OG0027226	1
Cluster_2462	OG0001567	3,2,2,2,2,2,2,4,3,2,3,20,3
Cluster_2468	OG0001705	2,2,6,3,1,3,2,5,2,2,2,16,2
Cluster_2468	OG0000007	62,44,150,57,9,49,54,165,48,42,39,222,59
Cluster_2473	OG0014853	1,2,1,1,2,1,1,5,1
Cluster_2473	OG0004072	2,2,3,2,1,2,2,4,2,2,2,6,2
Cluster_2075	OG0016688	2,5,1,1
Cluster_2075	OG0000381	5,5,17,7,2,4,5,9,5,5,5,33,5
Cluster_2081	OG0002243	3,3,2,2,6,8,1,4,5,7,2
Cluster_2081	OG0000049	14,20,6,49,45,5,129,21
Cluster_2083	OG0000140	5,7,15,10,2,16,7,20,7,8,6,48,6
Cluster_2083	OG0001702	2,1,2,4,2,3,2,5,2,2,2,19,2
Cluster_2087	OG0001874	1,2,7,6,2,2,2,4,2,2,2,10,2
Cluster_2087	OG0025441	NA
Cluster_2092	OG0025648	NA
Cluster_2092	OG0000501	5,5,3,4,1,5,7,14,1,6,5,11,4
Cluster_2096	OG0004868	3,1,4,2,1,1,1,3,1,1,10,2
Cluster_2096	OG0012528	1,1,2,1,1,1,1,2,2,1,1,3,1
Cluster_2119	OG0000083	12,7,63,11,12,12,7,28,21,7,7,47,12
Cluster_2119	OG0018100	1,1,1,1,1,1
Cluster_2124	OG0010689	1,1,1,1,1,1,1,1,1,1,3,6,1
Cluster_2124	OG0015311	5,1,3,2,4
Cluster_2136	OG0003791	2,2,3,2,2,3,2,4,3,2,2,4,2
Cluster_2136	OG0000524	4,5,4,7,5,6,5,9,8,5,5,14,4
Cluster_2141	OG0015262	1,1,3,1,1,1,1,1,3,1
Cluster_2141	OG0006836	1,4,3,2,3,2,4,2,1,1,2
Cluster_2144	OG0006327	1,1,1,1,1,1,1,3,1,1,5,1
Cluster_2144	OG0007874	1,1,2,1,1,1,2,4,2,2,1,3,2
Cluster_2156	OG0006223	1,1,1,1,1,2,2,3,3,2,2,5,1
Cluster_2156	OG0006350	1,2,1,2,1,2,2,4,2,2,3,1
Cluster_2163	OG0000877	4,5,3,8,4,7,6,11,1,6,4,9,1
Cluster_2163	OG0000006	25,100,113,5,8,32,21,210,1,24,39,421,56
Cluster_2164	OG0012584	1,1,3,1,1,1,2,1,1,1,4,1
Cluster_2165	OG0011132	1,4,1,1,1,1,3,3,1,1,2,1
Cluster_2165	OG0027238	1
Cluster_2164	OG0014056	1,1,1,1,1,1,1,2,1,1,1,4
Cluster_2168	OG0006043	2,3,1,1,2,2,3,1,2,2,8,2
Cluster_2168	OG0010618	2,1,3,1,1,2,1,2,1,1,4,1
Cluster_2171	OG0008672	2,1,2,1,1,3,1,2,1,2,1,1
Cluster_2171	OG0014058	1,1,2,1,1,1,1,2,1,1,1,2,1
Cluster_2175	OG0002454	1,3,1,3,1,1,6,10,6,3,7,2
Cluster_2175	OG0006169	3,3,1,1,2,1,4,1,4,6,2
Cluster_2176	OG0000034	26,25,44,28,2,30,20,51,22,26,22,84,25
Cluster_2176	OG0005978	1,1,2,4,1,3,1,2,1,1,1,10,1
Cluster_2181	OG0013095	1,1,1,1,1,1,1,1,1,7,1
Cluster_2181	OG0017336	1,2,3,1
Cluster_2182	OG0006863	2,1,2,1,2,1,3,1,1,11
Cluster_2182	OG0000548	5,4,4,4,5,3,3,8,7,3,3,34,4
Cluster_2185	OG0009344	1,1,4,1,1,2,1,2,1,1,1,5,1
Cluster_2185	OG0016185	1,1,1,1,2,1,1,1,1,1
Cluster_2188	OG0020941	1,1
Cluster_2188	OG0001547	2,3,8,5,2,3,3,5,2,3,4,10,2
Cluster_2190	OG0016380	1,1,1
Cluster_2190	OG0011226	1,1,1,1,1,1,1,2,2,1,1,3,1
Cluster_2191	OG0023060	1,1
Cluster_2191	OG0008866	1,1,2,1,1,1,1,4,4,1,1,4,1
Cluster_2219	OG0015583	1,1,1,1,1,2,1,1,3
Cluster_2219	OG0010501	1,1,3,1,1,1,1,2,1,1,1,3,1
Cluster_2222	OG0026654	1
Cluster_2222	OG0003422	2,2,2,2,2,4,2,6,1,2,3,7,2
Cluster_2228	OG0000015	2,38,3,17,21,182,7,5,3,115,10
Cluster_2228	OG0009333	1,1,2,1,1,1,1,2,2,1,1,7,1
Cluster_2229	OG0004764	1,2,2,2,2,2,2,4,2,2,7,1
Cluster_2229	OG0000118	21,16,10,6,6,7,10,18,7,10,9,77,8
Cluster_2230	OG0002989	1,3,1,1,2,1,4,1,1,1,6,1
Cluster_2230	OG0016510	1,7,1,1,1
Cluster_2233	OG0011052	1,1,2,1,1,1,2,2,2,1,3,1
Cluster_2233	OG0000056	1,3,94,1,21,41,12
Cluster_2234	OG0002250	2,2,11,3,2,2,2,4,2,2,2,9
Cluster_2234	OG0002043	2,2,7,2,2,2,2,5,3,2,2,11,1
Cluster_2237	OG0019100	1,2,1,1
Cluster_2237	OG0012658	1,1,1,1,2,1,2,2,2,2,1
Cluster_2238	OG0012125	2,1,1,1,2,1,2,1,1,3,1
Cluster_2238	OG0000993	12,3,3,5,1,3,1,8,4,1,3,17,5
Cluster_2240	OG0009266	1,1,4,1,1,1,1,2,2,1,1,5,1
Cluster_2240	OG0004456	1,2,1,2,1,2,2,4,2,2,2,6
Cluster_2244	OG0012842	13,1,5
Cluster_2244	OG0002536	2,2,3,2,2,2,3,5,2,3,3,9,3
Cluster_2247	OG0010320	1,2,1,1,1,1,3,1,1,1,4
Cluster_2247	OG0003878	1,2,2,2,2,3,2,4,4,2,2,7,1
Cluster_2251	OG0000867	4,3,8,2,4,5,10,4,4,17,4
Cluster_2251	OG0000370	16,2,5,4,11,6,2,20,8,4,1,8,14
Cluster_2256	OG0001898	2,1,4,3,1,1,2,7,1,2,1,23,2
Cluster_2256	OG0000076	12,17,1,42,10,2,11,1
Cluster_2259	OG0000022	14,18,17,7,2,8,21,29,17,22,7
Cluster_2259	OG0006406	1,2,2,2,3,1,2,2,8
Cluster_2260	OG0003060	2,2,1,2,1,4,2,4,1,2,2,12,2
Cluster_2260	OG0004453	2,2,1,5,4,2,1,4,2,2,3,3
Cluster_2267	OG0018197	1,2,1,1
Cluster_2267	OG0025883	NA
Cluster_2272	OG0012219	1,1,3,1,2,1,1,2,1,1,3,1
Cluster_2272	OG0001455	2,3,5,2,5,5,2,5,2,2,2,8,2
Cluster_2278	OG0000651	3,2,24,4,3,5,3,8,4,3,3,16,3
Cluster_2278	OG0005067	1,2,3,2,1,2,4,2,2,2,7
Cluster_2285	OG0016972	1,6,1
Cluster_2285	OG0001279	3,2,16,4,2,4,2,5,4,2,2,11,2
Cluster_2286	OG0005670	1,1,9,2,1,1,1,2,1,1,1,6,1
Cluster_2286	OG0018975	1,1,2
Cluster_2293	OG0006183	3,1,1,1,1,2,1,2,1,2,1,7,2
Cluster_2293	OG0019918	3
Cluster_2294	OG0011965	1,2,2,1,1,1,2,1,1,1,5,1
Cluster_2294	OG0000659	2,3,6,8,4,4,4,8,4,4,4,18,2
Cluster_2295	OG0007624	1,1,5,1,1,1,1,2,2,1,1,6
Cluster_2295	OG0002685	4,1,11,2,1,1,3,2,1,1,14,1
Cluster_2296	OG0012985	1,1,1,1,1,2,2,1,1,3,1
Cluster_2296	OG0000394	13,6,8,4,3,5,4,9,5,4,8,33,9
Cluster_2297	OG0012631	1,1,4,1,1,1,1,2,1,1,1,2,1
Cluster_2297	OG0011006	1,1,3,1,1,1,1,2,1,1,1,5,1
Cluster_2688	OG0001047	5,2,4,2,2,4,2,5,4,2,2,24,5
Cluster_2688	OG0009939	1,1,2,1,1,1,1,3,3,1,1,4,1
Cluster_2704	OG0001477	2,3,7,4,1,1,4,2,2,2,2,22,2
Cluster_2704	OG0003809	1,1,2,1,1,1,2,2,2,1,1,18,1
Cluster_2709	OG0000046	53,15,26,13,16,12,34,11,24,17,117,29
Cluster_2709	OG0008481	3,1,1,2,3,6,4,3
Cluster_2660	OG0006986	1,1,4,1,1,1,1,4,1,1,1,4,1
Cluster_2660	OG0023188	1
Cluster_2663	OG0002720	1,2,5,3,2,3,2,4,2,2,1,11,1
Cluster_2663	OG0008242	1,2,1,2,1,4,1,2,2,1,1,3,1
Cluster_2664	OG0010805	1,1,3,1,1,1,1,2,1,1,1,3,1
Cluster_2664	OG0002560	2,2,7,2,1,4,3,5,3,2,2,9,2
Cluster_2669	OG0006307	1,1,4,1,2,1,3,1,2,9,1
Cluster_2669	OG0002443	1,2,2,2,1,3,4,1,13,1
Cluster_2676	OG0004444	2,1,2,1,1,2,2,5,2,2,2,8,2
Cluster_2676	OG0024979	NA
Cluster_2681	OG0004939	1,1,3,2,1,1,1,2,2,1,1,11,1
Cluster_2681	OG0000978	1,2,4,2,2,4,2,4,6,2,2,24,2
Cluster_2684	OG0004035	2,4,3,4,1,2,3,1,1,11,2
Cluster_2684	OG0000149	13,3,6,2,11,7,2,72,6,4,2,48,10
Cluster_2697	OG0001721	2,9,6,2,2,2,5,4,2,2,11,2
Cluster_2697	OG0025549	NA
Cluster_2703	OG0018825	1,2,1
Cluster_2703	OG0001234	3,3,8,2,2,5,3,6,4,3,3,11,4
Cluster_2708	OG0025006	NA
Cluster_2708	OG0002723	1,2,3,2,2,2,2,5,2,2,2,7,2
Cluster_2719	OG0008277	1,1,3,4,1,1,1,4,1,1,1,4,1
Cluster_2719	OG0002732	1,2,2,2,2,2,2,5,1,4,2,11,2
Cluster_2720	OG0015606	1,1,1,1,1,2,1,1,2
Cluster_2720	OG0001919	1,2,8,16,2,1,1,2,1,1,2,10,2
Cluster_2733	OG0022082	NA
Cluster_2733	OG0001827	2,2,2,4,1,6,6,8,4,2,2,7,2
Cluster_2737	OG0006749	1,1,3,1,1,3,1,2,2,1,1,7,1
Cluster_2737	OG0008519	1,1,2,2,1,2,1,2,2,1,1,4,1
Cluster_2740	OG0005320	1,1,10,3,1,1,2,2,1,1,2,5,1
Cluster_2740	OG0013431	1,1,1,2,3,1,3,1,3,1
Cluster_2747	OG0001197	3,3,5,4,3,3,3,5,4,3,3,16,3
Cluster_2747	OG0021233	1,1,1
Cluster_2749	OG0010253	1,1,2,2,1,1,1,2,2,1,1,4
Cluster_2749	OG0007751	2,4,2,2,1,3,2,2,6
Cluster_2751	OG0000120	9,9,25,11,4,8,8,21,14,8,8,67,9
Cluster_2751	OG0000001	201,117,250,155,18,131,130,340,126,157,118,674,173
Cluster_2756	OG0013010	1,1,1,1,1,1,1,2,2,1,1,2
Cluster_2755	OG0013469	1,1,1,1,1,1,2,2,1,1,3
Cluster_2755	OG0000551	5,4,11,7,5,6,5,8,5,5,5,16,4
Cluster_2756	OG0000789	3,3,13,6,3,4,3,6,5,3,3,16,2
Cluster_2760	OG0003971	2,1,9,4,1,2,2,2,1,1,7,3
Cluster_2760	OG0018843	2,1
Cluster_2762	OG0003240	1,2,2,1,2,2,2,4,4,2,2,10,2
Cluster_2762	OG0003382	5,1,1,1,1,1,1,2,1,1,1,21,2
Cluster_2764	OG0016793	5,1,2,1,1
Cluster_2764	OG0015901	3,1,1,1,3,1,1,1
Cluster_2767	OG0025540	NA
Cluster_2767	OG0000834	9,8,17,1,1,1,5,2,27,4
Cluster_2479	OG0000019	35,41,31,33,29,33,87,27,34,35,100,33
Cluster_2479	OG0014521	1,1,1,1,1,1,1,2,1,1,1,2,1
Cluster_2486	OG0009782	1,2,2,2,1,1,1,3,2,1,1,3,1
Cluster_2486	OG0009105	3,2,1,1,1,1,1,1,2,1,4,2
Cluster_2489	OG0025916	NA
Cluster_2489	OG0015631	1,1,1,1,1,1,2,1,1,1,2
Cluster_2492	OG0005067	1,2,3,2,1,2,4,2,2,2,7
Cluster_2492	OG0000651	3,2,24,4,3,5,3,8,4,3,3,16,3
Cluster_2495	OG0002537	2,1,2,2,1,3,2,5,2,3,1,14,3
Cluster_2495	OG0014223	1,1,1,1,1,1,1,2,1,1,3
Cluster_2498	OG0006592	1,1,4,1,2,2,1,2,2,1,2,7,1
Cluster_2498	OG0000131	11,10,29,9,8,10,10,22,10,12,11,36,9
Cluster_2504	OG0000235	4,8,6,7,5,10,10,23,14,10,10,24,3
Cluster_2504	OG0019299	2,1,1
Cluster_2505	OG0010629	1,1,1,2,1,1,2,1,1,1,6,1
Cluster_2505	OG0002204	5,4,1,2,2,1,4,6,2,4,2,8,2
Cluster_2508	OG0001936	1,2,2,2,2,2,2,7,5,2,2,12,2
Cluster_2508	OG0027411	1
Cluster_2510	OG0000015	2,38,3,17,21,182,7,5,3,115,10
Cluster_2510	OG0009183	1,1,6,1,1,1,2,1,1,1,4,1
Cluster_2518	OG0027664	1
Cluster_2518	OG0000689	14,2,3,4,3,2,2,4,1,2,2,35,8
Cluster_2522	OG0002948	1,2,1,4,2,2,2,4,4,2,2,4,1
Cluster_2522	OG0025465	NA
Cluster_2524	OG0017235	1,1,2,1,2
Cluster_2524	OG0004530	2,2,1,3,2,2,2,4,3,2,2,5,2
Cluster_2532	OG0000538	8,5,5,12,3,7,8,16,4,2,15,4
Cluster_2532	OG0001120	3,3,9,3,3,2,3,4,5,2,3,17,2
Cluster_2537	OG0000831	3,3,14,5,3,3,3,10,8,3,3,10,3
Cluster_2537	OG0014701	7,1,2,2,1
Cluster_2539	OG0025904	NA
Cluster_2539	OG0000015	2,38,3,17,21,182,7,5,3,115,10
Cluster_2551	OG0000011	50,26,63,35,17,38,43,94,24,35,21,155,55
Cluster_2551	OG0003175	1,2,4,7,2,3,1,2,3,1,1,12,1
Cluster_2552	OG0019923	2,2
Cluster_2552	OG0000758	6,3,8,3,2,3,3,8,4,3,3,23,5
Cluster_2561	OG0003862	1,2,1,3,2,2,2,5,2,2,2,3
Cluster_2561	OG0000166	11,8,20,12,9,17,9,21,10,11,8,31,10
Cluster_2571	OG0004238	1,2,5,1,4,1,2,3,2,2,2,7,1
Cluster_2571	OG0007054	1,1,3,2,1,2,1,2,1,1,1,7,1
Cluster_2573	OG0003173	1,2,4,2,3,2,2,3,2,2,2,11,1
Cluster_2573	OG0002453	1,2,5,5,2,3,3,7,3,2,2,7,2
Cluster_2574	OG0019945	1,1,2
Cluster_2574	OG0001376	4,3,2,3,3,3,3,6,8,3,2,9,3
Cluster_2575	OG0009520	1,2,2,1,2,2,3,1,2,2,3,1
Cluster_2575	OG0006345	1,1,3,2,1,2,1,4,2,1,1,5,2
Cluster_2576	OG0002061	2,2,4,2,3,3,3,6,2,3,4,7,2
Cluster_2576	OG0009963	1,1,2,1,1,1,1,4,2,1,1,4,1
Cluster_2577	OG0002810	3,2,7,2,2,4,1,3,4,1,1,9,3
Cluster_2577	OG0014627	1,1,1,1,1,1,1,2,1,1,1,3
Cluster_2579	OG0011107	1,2,1,1,2,1,2,1,1,1,6,1
Cluster_2579	OG0003526	1,1,3,3,1,2,2,5,3,2,2,10,1
Cluster_2581	OG0012450	1,1,1,1,1,1,1,1,2,1,1,3,1
Cluster_2581	OG0002591	3,1,1,5,2,5,3,4,2,3,3,7,2
Cluster_2585	OG0002493	2,2,4,2,2,2,2,4,4,2,5,6,2
Cluster_2587	OG0005222	1,2,1,2,2,2,2,4,1,2,2,5,1
Cluster_2587	OG0005727	3,1,2,2,2,1,3,3,2,2,6,1
Cluster_2585	OG0005367	1,2,1,2,2,2,2,3,3,2,2,5
Cluster_2588	OG0007590	1,1,2,1,1,3,1,2,2,1,1,4,2
Cluster_2588	OG0004196	2,2,7,3,2,3,1,2,2,1,1,7,2
Cluster_2591	OG0007730	1,1,1,1,1,3,1,2,2,1,1,7,1
Cluster_2591	OG0008341	2,3,2,2,1,1,2,2,2,3,2
Cluster_2592	OG0000079	16,12,39,9,3,15,10,19,6,10,12,97,17
Cluster_2592	OG0003621	3,5,1,5,6,1,5,3,1,1,4,3
Cluster_2596	OG0003625	1,2,9,3,2,2,2,2,3,1,1,7,1
Cluster_2596	OG0000905	4,3,11,4,2,3,3,6,4,3,3,15,4
Cluster_2599	OG0002653	2,2,4,2,2,2,2,6,4,2,2,8,2
Cluster_2599	OG0010039	1,1,1,2,1,1,1,2,1,1,1,7,1
Cluster_2600	OG0002511	2,2,4,4,2,2,2,4,4,2,2,10,1
Cluster_2600	OG0007329	2,3,2,1,1,1,2,3,1,1,5,1
Cluster_2605	OG0000270	6,6,31,10,6,7,6,11,7,6,6,25,3
Cluster_2605	OG0001951	3,1,4,4,4,11,1,3,4,7
Cluster_2609	OG0015021	1,1,1,1,1,1,2,4,3
Cluster_2609	OG0006717	1,1,2,1,1,1,3,2,1,1,11,1
Cluster_2613	OG0001758	3,3,3,2,3,2,3,7,4,3,2,14,2
Cluster_2613	OG0008182	1,2,2,3,2,3
Cluster_2619	OG0018835	NA
Cluster_2619	OG0001170	5,3,8,3,4,1,2,5,1,1,1,21,3
Cluster_2621	OG0016569	2,2,1,2,1,1
Cluster_2621	OG0004183	1,2,1,6,2,2,3,4,2,1,8,3
Cluster_2627	OG0000245	5,6,9,7,4,10,7,12,8,5,5,47,6
Cluster_2627	OG0008033	1,1,2,1,1,1,2,3,1,1,9,1
Cluster_2632	OG0003777	2,2,3,2,3,3,2,4,2,2,2,6,1
Cluster_2632	OG0002890	2,2,3,4,2,2,2,4,3,2,2,8,2
Cluster_2645	OG0001294	2,2,4,6,3,3,3,6,6,3,3,14,1
Cluster_2645	OG0004230	1,3,6,3,1,2,1,3,3,1,1,6,1
Cluster_2646	OG0002074	2,2,4,2,2,2,2,7,3,2,2,14,1
Cluster_2648	OG0009608	1,1,1,1,1,2,5,2,2,2,1,1
Cluster_2646	OG0002894	2,2,4,4,2,2,2,4,2,2,2,10,2
Cluster_2648	OG0014005	1,1,1,1,1,1,1,2,1,1,1,3,1
Cluster_2650	OG0004327	1,2,3,1,3,2,6,2,2,2,6,3
Cluster_2650	OG0000484	4,4,22,9,3,6,3,6,4,4,4,20,7
Cluster_3010	OG0000516	5,5,3,7,5,7,6,12,4,6,5,15,4
Cluster_3010	OG0022635	1,1
Cluster_3026	OG0002242	2,2,4,2,2,6,2,5,4,2,2,10,2
Cluster_3026	OG0000001	201,117,250,155,18,131,130,340,126,157,118,674,173
Cluster_3049	OG0016946	NA
Cluster_3049	OG0002442	2,1,2,2,1,1,2,2,6,2,2,19,2
Cluster_3059	OG0009513	1,1,4,1,1,2,1,2,1,1,1,5,1
Cluster_3059	OG0000151	7,11,17,11,2,13,9,21,2,9,11,33,4
Cluster_2920	OG0004260	1,1,11,2,1,2,1,3,3,1,1,7,1
Cluster_2920	OG0018739	1,1,1,1
Cluster_2966	OG0027444	1
Cluster_2966	OG0014462	1,1,1,1,1,1,1,2,1,1,1,3
Cluster_2969	OG0007272	1,3,2,4,3,2,9
Cluster_2969	OG0025768	NA
Cluster_2972	OG0025054	NA
Cluster_2972	OG0006184	3,1,4,1,1,3,3,1,1,1,8,1
Cluster_2981	OG0018217	1,2,1,1
Cluster_2981	OG0001680	3,3,2,3,2,2,3,7,2,3,3,15,4
Cluster_2984	OG0006125	1,2,2,1,2,2,3,3,2,2,3,1
Cluster_2984	OG0021213	1,2
Cluster_2987	OG0010394	1,1,2,1,2,1,2,1,2,3,1
Cluster_2987	OG0002425	2,1,2,1,1,1,1,4,2,1,1,10,1
Cluster_2994	OG0000086	9,18,11,2,13,21,76,10,36,31,17,9
Cluster_2994	OG0011933	1,3,1,1,1,1,2,1,1,1,4,1
Cluster_2996	OG0000005	109,49,79,53,4,69,66,147,24,86,71,369,93
Cluster_2996	OG0022180	1
Cluster_3007	OG0023076	1
Cluster_3007	OG0021214	1,1,1
Cluster_3008	OG0000152	8,7,34,13,7,12,8,22,11,8,8,26,7
Cluster_3008	OG0016345	1,1,2,3,1,2
Cluster_3009	OG0002978	3,1,4,5,1,2,1,5,1,1,2,13,1
Cluster_3009	OG0018947	3,1,1
Cluster_3021	OG0002781	1,2,6,2,2,2,2,5,2,2,9,1
Cluster_3021	OG0015346	1,1,2,1,1,2,1,1,3
Cluster_3025	OG0000223	14,5,5,4,3,3,12,27,4,9,10,39,5
Cluster_3025	OG0000278	6,6,3,8,3,5,11,26,3,11,12,21,3
Cluster_3032	OG0018387	2,2,1,1
Cluster_3032	OG0000484	4,4,22,9,3,6,3,6,4,4,4,20,7
Cluster_3041	OG0019494	1,2
Cluster_3041	OG0025281	NA
Cluster_3043	OG0018946	1,2,1,1
Cluster_3043	OG0003859	1,1,4,3,1,1,1,2,1,1,1,19,1
Cluster_3066	OG0017272	1
Cluster_3066	OG0017275	NA
Cluster_2783	OG0001328	2,3,5,3,3,4,3,5,4,3,3,12,3
Cluster_2783	OG0006038	1,2,1,2,1,2,1,1,1,3
Cluster_2787	OG0001189	2,4,3,3,4,3,4,6,7,4,5,7,1
Cluster_2788	OG0001131	3,5,6,1,4,4,5,8,2,4,4,9
Cluster_2788	OG0004968	2,2,2,2,2,2,2,2,2,3,3,4
Cluster_2789	OG0005868	1,1,2,3,1,1,1,4,1,2,1,7,1
Cluster_2787	OG0019530	1
Cluster_2789	OG0000001	201,117,250,155,18,131,130,340,126,157,118,674,173
Cluster_2792	OG0006886	2,1,2,1,1,2,1,2,1,1,1,7,2
Cluster_2792	OG0014977	1,2,1,1,1,2,1,1,1,2,1
Cluster_2793	OG0010801	1,1,1,1,1,3,1,2,1,1,1,3,1
Cluster_2793	OG0008063	1,1,3,2,1,2,1,1,2,5,1
Cluster_2801	OG0002264	3,3,1,1,2,3,4,1,3,4,13,2
Cluster_2801	OG0002770	2,2,2,1,1,1,3,10,3,3,3,7,1
Cluster_2806	OG0007123	2,1,5,1,1,1,5,1,1,1,6,1
Cluster_2806	OG0007124	1,1,4,3,1,2,2,3,1,1,2,4,1
Cluster_2807	OG0000617	8,3,7,3,3,6,6,11,6,5,6,15,9
Cluster_2807	OG0004242	3,2,8,1,1,1,1,1,2,1,1,8,3
Cluster_2815	OG0007342	2,1,4,1,1,1,1,2,1,1,1,7,2
Cluster_2815	OG0000275	8,7,18,8,6,7,7,12,7,10,7,24,7
Cluster_2825	OG0018234	1,3,1,1
Cluster_2825	OG0006056	2,2,2,2,2,2,3,2,2,2,6
Cluster_2827	OG0000162	18,10,9,4,2,6,9,13,4,7,8,61,18
Cluster_2827	OG0012903	1,2,1,1,1,2,2,1,1,4,1
Cluster_2831	OG0003863	1,1,3,2,3,3,2,4,1,2,2,6,1
Cluster_2832	OG0000557	11,7,2,1,2,1,8,12,1,6,6,17,5
Cluster_2832	OG0024796	1
Cluster_2831	OG0000597	3,4,6,8,3,5,4,10,7,6,4,23,2
Cluster_2833	OG0000001	201,117,250,155,18,131,130,340,126,157,118,674,173
Cluster_2833	OG0021180	1,1
Cluster_2841	OG0012586	1,1,2,2,1,3,2,1,2,1
Cluster_2841	OG0000003	112,56,130,91,24,81,68,195,50,71,61,368,76
Cluster_2844	OG0018765	NA
Cluster_2844	OG0005123	1,1,1,2,2,1,1,2,1,1,2,3,1
Cluster_2845	OG0011793	1,1,1,1,1,1,1,3,2,1,1,5,1
Cluster_2845	OG0010622	1,1,2,1,1,1,1,2,1,1,1,4,1
Cluster_2847	OG0003931	3,1,9,1,1,2,1,2,2,1,1,9,3
Cluster_2847	OG0000644	2,2,12,3,2,6,2,4,4,2,2,41,2
Cluster_2851	OG0004094	1,2,2,2,1,2,2,5,3,2,2,7,2
Cluster_2851	OG0000874	4,4,6,4,3,4,4,9,3,4,3,17,4
Cluster_2852	OG0002341	2,2,2,2,1,2,3,8,2,4,3,9,2
Cluster_2852	OG0003779	2,2,4,2,1,2,2,4,3,2,2,5,2
Cluster_2858	OG0016845	2,1,1,2,1,1,1
Cluster_2858	OG0000211	11,10,11,6,4,14,8,14,8,5,9,34,13
Cluster_2860	OG0002662	2,2,3,4,1,2,2,4,4,2,2,8,2
Cluster_2860	OG0014092	1,1,1,1,1,1,2,1,1,1,2
Cluster_2863	OG0003113	2,2,5,2,2,2,2,4,2,1,2,9
Cluster_2862	OG0015312	NA
Cluster_2862	OG0002206	2,2,7,4,2,3,2,4,4,2,2,4,2
Cluster_2863	OG0018766	1,1,1,1
Cluster_2864	OG0015146	1,2,1,1,1,3,1,1,3
Cluster_2864	OG0014249	1,2,1,1,1,1,2,1,1,1,4
Cluster_2866	OG0000550	4,13,8,2,1,6,11,1,22,5,18,1
Cluster_2866	OG0002670	3,1,1,1,2,1,3,6,2,6,4,8,2
Cluster_2867	OG0015818	NA
Cluster_2867	OG0014839	1,1,1,1,1,3,1,1,4,1
Cluster_2880	OG0000988	1,3,11,8,3,5,4,12,4,4,3,5,2
Cluster_2880	OG0017471	2,2,2,1
Cluster_2883	OG0013768	1,1,2,2,2,1,1,2,1,2,1
Cluster_2883	OG0007013	1,1,5,4,2,1,1,1,2,1,6,1
Cluster_2884	OG0019689	1,1,1,1
Cluster_2884	OG0017665	NA
Cluster_2887	OG0000001	201,117,250,155,18,131,130,340,126,157,118,674,173
Cluster_2887	OG0012380	1,1,1,1,1,1,1,2,1,1,1,3,1
Cluster_2889	OG0004953	5,4,3,1,3,4,1,5,4
Cluster_2889	OG0019598	1,1,1
Cluster_2893	OG0005583	1,1,2,6,1,1,1,2,1,1,1,12
Cluster_2893	OG0023170	1,1
Cluster_2896	OG0005425	2,1,2,1,1,1,2,6,2,1,2,6
Cluster_2896	OG0006116	1,1,11,1,1,1,2,3,1,1,1,4
Cluster_2897	OG0013101	1,1,2,1,1,1,1,2,1,1,1,3,1
Cluster_2897	OG0012046	1,1,2,2,1,2,1,2,1,1,3,1
Cluster_2902	OG0027541	1
Cluster_2902	OG0002104	3,2,4,1,2,1,2,4,3,2,2,18,3
Cluster_2904	OG0026431	1
Cluster_2904	OG0008423	1,1,3,1,1,2,1,2,1,1,1,6,1
Cluster_2911	OG0010135	1,1,2,1,1,1,1,2,1,1,1,5,1
Cluster_2911	OG0012353	1,1,1,1,1,2,1,2,2,1,1,3,1
Cluster_2915	OG0001501	3,2,2,1,2,2,4,4,2,2,2,26,3
Cluster_2915	OG0012156	1,1,2,2,3,1,1,4,2
Cluster_2918	OG0011751	1,1,1,1,1,2,1,2,2,1,1,3,1
Cluster_2918	OG0000000	5,254,962,7,1,30,46,226,12,69,14,1077,10
Cluster_2922	OG0002810	3,2,7,2,2,4,1,3,4,1,1,9,3
Cluster_2922	OG0014367	1,1,1,1,1,1,1,2,2,1,1,1,1
Cluster_2923	OG0027603	1
Cluster_2923	OG0001298	3,2,13,3,2,2,2,8,2,2,2,15,2
Cluster_2926	OG0002016	3,3,4,1,2,4,1,4,3,18,4
Cluster_2926	OG0001320	4,5,2,2,1,3,3,1,4,1,29,6
Cluster_2931	OG0007844	1,2,1,2,2,1,2,4,2,2,3
Cluster_2931	OG0002354	1,4,2,2,2,4,3,4,2,2,2,14,3
Cluster_2937	OG0014185	1,2,2,3,6,1
Cluster_2937	OG0022023	NA
Cluster_2941	OG0001178	2,2,7,7,3,2,2,4,4,2,2,22,1
Cluster_2941	OG0000000	5,254,962,7,1,30,46,226,12,69,14,1077,10
Cluster_2944	OG0005804	2,3,2,1,2,1,1,3,2,1,1,7,1
Cluster_2944	OG0026119	1
Cluster_2948	OG0000842	5,2,5,2,2,4,5,10,3,4,5,20,5
Cluster_2948	OG0018708	1
Cluster_2950	OG0010768	2,2,1,1,1,2,1,1,1,6,2
Cluster_2950	OG0001157	4,2,10,2,2,3,2,4,4,2,2,19,5
Cluster_2957	OG0007525	1,1,5,2,1,1,1,2,2,1,1,5,1
Cluster_2957	OG0025726	NA
Cluster_2960	OG0004975	1,2,5,3,1,2,2,4,2,2,5,2
Cluster_2960	OG0014304	1,1,1,1,1,1,1,2,1,1,2
Cluster_3093	OG0000182	8,9,7,9,5,9,8,13,13,8,8,45,5
Cluster_3093	OG0016245	1,2,1,1,6
Cluster_3294	OG0010786	1,1,3,1,1,1,2,1,1,1,5
Cluster_3296	OG0000017	43,30,53,1,8,31,30,64,25,33,31,166,39
Cluster_3296	OG0015107	1,1,1,1,1,1,2,1,1,3,1
Cluster_3294	OG0014501	1,2,1,1,1,1,2,1,1,3,1
Cluster_3306	OG0000721	3,3,5,5,3,4,4,7,6,3,3,25,3
Cluster_3306	OG0002307	1,2,3,2,2,2,2,4,2,2,6,1
Cluster_3307	OG0000271	8,4,26,5,6,10,4,11,6,7,5,31,8
Cluster_3310	OG0015701	1,1,1,1,1,2,1,2,1,1
Cluster_3310	OG0009748	1,2,6,1,1,1,2,1,1,1,4
Cluster_3307	OG0002989	1,3,1,1,2,1,4,1,1,1,6,1
Cluster_3351	OG0001625	2,2,7,4,3,1,2,6,3,2,1,18,2
Cluster_3351	OG0016661	1,1,2,1,1,3
Cluster_3359	OG0022666	2
Cluster_3359	OG0003587	2,3,1,2,2,2,2,6,1,2,2,8,1
Cluster_3368	OG0000819	7,1,6,2,2,5,12,2,4,3,24,3
Cluster_3368	OG0006402	1,3,2,1,1,2,4,2,2,6
Cluster_3071	OG0008188	1,1,6,2,1,1,1,3,2,1,1,1,1
Cluster_3071	OG0000245	5,6,9,7,4,10,7,12,8,5,5,47,6
Cluster_3120	OG0015383	1,2,1,1,6,2
Cluster_3120	OG0009885	1,1,1,1,1,1,1,2,2,1,1,5,1
Cluster_3155	OG0025020	NA
Cluster_3155	OG0008797	2,2,1,1,1,2,1,2,1,1,1,7,1
Cluster_3223	OG0000001	201,117,250,155,18,131,130,340,126,157,118,674,173
Cluster_3223	OG0000062	10,12,38,27,13,16,15,37,21,13,12,64,11
Cluster_3271	OG0017737	NA
Cluster_3271	OG0025593	NA
Cluster_3273	OG0025454	NA
Cluster_3273	OG0011477	1,1,1,1,2,1,1,8,3
Cluster_3274	OG0010575	1,1,1,1,1,1,1,3,1,1,1,4,1
Cluster_3274	OG0027149	1
Cluster_3279	OG0025567	NA
Cluster_3279	OG0004453	2,2,1,5,4,2,1,4,2,2,3,3
Cluster_3282	OG0023039	2
Cluster_3282	OG0008131	1,1,1,2,1,2,1,4,1,1,4,1
Cluster_3284	OG0019570	1,1
Cluster_3284	OG0005519	1,1,4,3,1,3,1,2,1,1,1,8,1
Cluster_3285	OG0011211	1,1,1,1,1,1,1,2,2,1,1,3,1
Cluster_3285	OG0001572	2,2,16,3,1,4,4,6,3,2,2,7,2
Cluster_3295	OG0013208	1,1,2,1,1,3,2,1,1,3,1
Cluster_3295	OG0001710	3,5,3,5,3,5,7,2,3,12,2
Cluster_3299	OG0000202	1,4,1,23,18,1,12
Cluster_3299	OG0007876	2,1,2,1,1,1,1,1,1,1,10
Cluster_3302	OG0020679	1,1
Cluster_3302	OG0008524	1,1,2,1,1,2,1,2,2,1,3,5,1
Cluster_3309	OG0016671	1,1,1
Cluster_3309	OG0025113	NA
Cluster_3315	OG0004571	1,9,1,22
Cluster_3315	OG0000017	43,30,53,1,8,31,30,64,25,33,31,166,39
Cluster_3324	OG0000365	5,4,11,11,5,7,6,11,6,5,4,25,7
Cluster_3324	OG0022932	1,1
Cluster_3327	OG0000080	23,13,33,16,1,10,16,21,7,18,11,76,20
Cluster_3327	OG0015874	1,1,1,1,1,2,1,3
Cluster_3329	OG0025472	NA
Cluster_3329	OG0000582	6,3,8,3,2,3,2,6,6,4,3,34,4
Cluster_3349	OG0001600	9,2,9,2,1,1,24
Cluster_3349	OG0027357	1
Cluster_3354	OG0001027	4,5,3,2,4,3,4,9,3,4,4,14,3
Cluster_3354	OG0012639	1,1,1,2,1,1,1,1,2,1,1,3
Cluster_3355	OG0018682	1
Cluster_3355	OG0016064	2,1,1,2,1,2,2,1
Cluster_3357	OG0014875	1,3,2,3,4,2
Cluster_3357	OG0000001	201,117,250,155,18,131,130,340,126,157,118,674,173
Cluster_3365	OG0008147	1,6,2,1,7,2,4,2
Cluster_3365	OG0000053	52,21,20,7,4,6,11,17,2,6,5,174,29
Cluster_3369	OG0007552	1,1,1,1,1,2,1,3,1,1,1,4,1
Cluster_3369	OG0001366	2,3,1,6,2,4,3,6,4,2,7,9,2
Cluster_3371	OG0008769	2,1,1,1,1,2,1,3,2,1,1,3,2
Cluster_3371	OG0016611	1,4,1
Cluster_3078	OG0004400	1,1,3,1,1,2,3,4,2,1,12,1
Cluster_3078	OG0003218	2,2,4,3,2,2,2,4,3,2,2,6,2
Cluster_3081	OG0016419	1,2,1,2,2,1,1
Cluster_3081	OG0001115	1,2,3,1,3,2,5,5,2,1,34,8
Cluster_3092	OG0014466	1,1,2,1,1,1,2,1,1,3,1
Cluster_3092	OG0000429	4,4,7,5,3,5,7,10,5,7,8,22,7
Cluster_3098	OG0000029	23,20,30,26,8,27,23,45,25,20,23,123,28
Cluster_3098	OG0004906	3,1,1,2,1,1,2,3,2,1,2,9,2
Cluster_3100	OG0016653	1,1,1
Cluster_3100	OG0007837	1,1,3,2,1,1,1,2,2,1,1,7,1
Cluster_3101	OG0026369	1
Cluster_3101	OG0002103	2,1,3,3,3,4,3,5,1,2,3,9,1
Cluster_3102	OG0003356	2,2,3,5,2,2,2,4,3,2,2,6,2
Cluster_3102	OG0000308	7,5,10,1,6,13,10,12,5,8,7,28,6
Cluster_3110	OG0019297	1,1,1
Cluster_3110	OG0008627	1,1,1,1,1,1,1,3,3,1,1,5,1
Cluster_3112	OG0008850	2,1,1,2,1,1,1,3,1,1,1,5,2
Cluster_3112	OG0005060	4,2,1,2,1,2,4,2,2,6,2
Cluster_3114	OG0027609	1
Cluster_3114	OG0010350	1,2,1,1,1,1,2,2,1,1,5,1
Cluster_3115	OG0026914	1
Cluster_3115	OG0004913	1,2,2,2,5,2,2,4,2,2,5,2
Cluster_3124	OG0002720	1,2,5,3,2,3,2,4,2,2,1,11,1
Cluster_3124	OG0008242	1,2,1,2,1,4,1,2,2,1,1,3,1
Cluster_3128	OG0020768	2
Cluster_3128	OG0027171	1
Cluster_3129	OG0004212	2,2,3,2,3,3,2,4,2,2,2,5,1
Cluster_3129	OG0000123	2,13,8,5,13,15,19,48,4,22,21,25,4
Cluster_3134	OG0002869	2,2,6,2,1,2,1,2,4,1,1,15,1
Cluster_3134	OG0002133	2,2,6,2,1,2,2,7,3,2,2,13,2
Cluster_3135	OG0007121	3,1,1,1,1,1,1,2,2,1,1,10,1
Cluster_3135	OG0000170	5,9,11,10,3,10,9,21,12,10,11,35,7
Cluster_3138	OG0017648	1,1,3,1
Cluster_3138	OG0003804	2,3,4,2,1,2,2,4,4,2,2,5,2
Cluster_3146	OG0014246	1,1,1,2,1,1,2,2,1,1,2,1
Cluster_3146	OG0016638	2,1
Cluster_3148	OG0000395	6,4,7,8,2,5,4,11,9,6,5,29,6
Cluster_3148	OG0002031	1,5,5,2,5,5,3,6,7,1,1
Cluster_3150	OG0000367	10,7,11,4,2,3,5,7,6,4,4,30,13
Cluster_3150	OG0008853	2,1,1,1,1,2,1,2,1,3,1,5,2
Cluster_3156	OG0010715	1,1,2,2,1,1,1,2,2,1,1,4,1
Cluster_3156	OG0009337	1,1,2,1,1,1,2,2,2,1,1,4,1
Cluster_3162	OG0007481	1,1,2,5,1,1,1,2,1,1,1,7,1
Cluster_3162	OG0000491	6,6,5,6,3,7,6,13,1,6,5,19,4
Cluster_3171	OG0023046	2
Cluster_3171	OG0002158	2,3,2,4,3,2,3,6,3,3,3,8,1
Cluster_3173	OG0006746	1,2,1,1,1,1,2,4,2,2,2,4,2
Cluster_3173	OG0012175	1,1,2,1,1,1,1,2,1,1,1,4,1
Cluster_3185	OG0014228	1,4,1,1,1,1,2,1,1,3
Cluster_3185	OG0001808	5,2,1,2,2,2,2,2,3,2,2,19,2
Cluster_3193	OG0006018	1,2,3,2,2,2,2,3,1,2,2,6,1
Cluster_3193	OG0001785	1,2,2,4,4,4,4,8,3,3,3,6,1
Cluster_3199	OG0012191	2,1,1,1,1,1,2,1,1,1,4
Cluster_3199	OG0001016	6,2,3,9,23,4,5,8,1
Cluster_3205	OG0023056	1,1
Cluster_3205	OG0003474	2,2,4,5,2,2,2,4,2,2,8,2
Cluster_3207	OG0000768	3,4,6,6,2,9,4,8,4,4,4,15,3
Cluster_3207	OG0003002	2,1,6,1,1,1,2,4,1,2,2,14,2
Cluster_3210	OG0020703	1
Cluster_3210	OG0003594	2,2,8,1,1,2,1,2,1,1,1,12,2
Cluster_3224	OG0016928	NA
Cluster_3224	OG0020650	NA
Cluster_3233	OG0002086	1,2,3,4,2,2,2,4,4,2,2,9,1
Cluster_3232	OG0000797	1,2,12,9,2,2,2,3,2,2,2,33,2
Cluster_3232	OG0007091	1,1,4,2,1,3,1,2,1,1,1,5,1
Cluster_3233	OG0004090	5,1,2,1,1,1,1,2,1,1,14,4
Cluster_3235	OG0010219	1,1,1,1,1,1,1,3,3,1,1,5,1
Cluster_3235	OG0018730	1,1,2
Cluster_3241	OG0005622	1,2,1,2,2,2,2,3,2,2,2,5
Cluster_3241	OG0023174	1,1
Cluster_3243	OG0015679	1,3,3
Cluster_3243	OG0000029	23,20,30,26,8,27,23,45,25,20,23,123,28
Cluster_3244	OG0012740	2,1,1,1,1,1,2,2,1,1,3
Cluster_3244	OG0004322	1,2,3,2,1,3,2,1,2,12,2
Cluster_3246	OG0000000	5,254,962,7,1,30,46,226,12,69,14,1077,10
Cluster_3246	OG0004506	1,2,2,2,2,2,2,4,1,2,2,5,1
Cluster_3248	OG0012397	1,1,3,1,1,1,1,2,1,1,1,3,1
Cluster_3248	OG0000810	4,3,9,3,3,5,5,8,2,4,4,16,4
Cluster_3249	OG0006700	1,6,4,1,1,1,2,1,1,1,3,1
Cluster_3249	OG0007580	2,1,3,1,1,1,1,2,1,1,1,6,2
Cluster_3255	OG0005360	1,2,1,1,2,1,2,3,2,2,2,6
Cluster_3255	OG0004577	2,3,2,2,2,1,4,4,2,2,6
Cluster_3258	OG0001206	2,3,6,3,2,3,2,8,5,3,3,13,3
Cluster_3258	OG0014769	1,1,1,2,1,1,2,1,1,3,1
Cluster_3259	OG0000910	3,2,8,3,2,3,2,5,1,2,3,33,2
Cluster_3259	OG0027612	1
Cluster_3260	OG0015521	2,1,1,4,1
Cluster_3260	OG0000504	5,5,11,9,3,10,5,7,9,5,5,13,4
Cluster_3264	OG0001065	3,2,4,5,1,1,2,4,3,2,2,28,1
Cluster_3264	OG0000032	29,16,44,22,4,23,15,34,21,21,17,163,27
Cluster_3267	OG0002102	2,2,5,5,2,3,2,3,2,2,2,11,2
Cluster_3267	OG0023175	1,1
Cluster_3639	OG0004136	3,3,1,2,2,4,2,2,1,3,9,3
Cluster_3639	OG0001986	3,1,2,1,2,1,3,11,3,4,2,12,2
Cluster_3579	OG0016758	3,5,2
Cluster_3579	OG0000298	5,5,8,10,2,12,7,15,8,7,6,25,6
Cluster_3607	OG0022785	1,1
Cluster_3607	OG0004817	2,2,2,2,2,2,2,1,2,2,8
Cluster_3633	OG0009808	1,1,4,1,1,1,1,2,2,1,1,4,1
Cluster_3633	OG0000463	4,6,6,5,3,5,9,12,4,9,8,19,3
Cluster_3637	OG0011536	2,2,1,1,1,1,1,2,2,1,4,1
Cluster_3637	OG0005231	2,3,2,2,2,2,3,1,2,2,6,2
Cluster_3641	OG0015818	NA
Cluster_3641	OG0003784	2,2,2,2,1,1,2,6,3,2,2,6,1
Cluster_3647	OG0014223	1,1,1,1,1,1,1,2,1,1,3
Cluster_3647	OG0002537	2,1,2,2,1,3,2,5,2,3,1,14,3
Cluster_3651	OG0020687	NA
Cluster_3651	OG0000306	2,3,5,2,6,4,8,1,6,10
Cluster_3669	OG0005067	1,2,3,2,1,2,4,2,2,2,7
Cluster_3669	OG0015608	1,1,1,1,1,2,1,1,3,1
Cluster_3440	OG0011567	1,1,2,1,1,1,1,4,1,1,1,3,1
Cluster_3440	OG0012720	1,1,1,1,1,2,1,1,1,7,1
Cluster_3534	OG0000742	1,2,3,13,1,10,4
Cluster_3534	OG0011286	1,1,2,1,1,1,1,2,1,2,1,4,1
Cluster_3549	OG0011903	1,1,1,1,2,2,1,2,3
Cluster_3549	OG0010231	1,1,1,1,1,1,1,3,1,1,1,2,1
Cluster_3552	OG0001672	2,2,2,1,3,2,5,13,2,6,2,9,3
Cluster_3552	OG0005650	1,1,12,1,1,1,2,2,2,1,3,1
Cluster_3556	OG0008339	1,5,1,1,1,1,2,5,1,1,3,1
Cluster_3556	OG0020543	1
Cluster_3577	OG0009626	2,1,1,1,1,2,3,1,3,4,3
Cluster_3577	OG0005688	1,1,2,1,1,3,1,2,2,1,1,12
Cluster_3581	OG0025577	NA
Cluster_3581	OG0000417	4,5,7,3,9,10,12,19,29,1
Cluster_3587	OG0000062	10,12,38,27,13,16,15,37,21,13,12,64,11
Cluster_3587	OG0017302	1,2,1,1,2
Cluster_3594	OG0000019	35,41,31,33,29,33,87,27,34,35,100,33
Cluster_3594	OG0008989	1,3,6,3,6,2,1
Cluster_3606	OG0000007	62,44,150,57,9,49,54,165,48,42,39,222,59
Cluster_3605	OG0014343	2,1,3,1,2,1,1,4,1
Cluster_3605	OG0000080	23,13,33,16,1,10,16,21,7,18,11,76,20
Cluster_3606	OG0005244	4,1,4,1,1,2,1,2,3,1,1,9,1
Cluster_3609	OG0000607	3,4,9,8,4,4,4,9,7,4,4,16,3
Cluster_3609	OG0005627	1,2,2,2,2,1,1,5,2,2,2,6
Cluster_3613	OG0002293	2,2,3,2,2,4,2,5,6,2,2,11,2
Cluster_3613	OG0002642	1,2,7,1,1,2,1,5,1,1,1,12,1
Cluster_3650	OG0022096	NA
Cluster_3650	OG0012162	1,2,3,1,1,1,1,2,1,1,1,3
Cluster_3655	OG0019744	2,1,1
Cluster_3655	OG0000624	2,3,6,7,3,3,3,6,4,3,3,34,2
Cluster_3657	OG0000001	201,117,250,155,18,131,130,340,126,157,118,674,173
Cluster_3657	OG0013562	1,1,1,1,1,1,1,1,1,1,6,1
Cluster_3663	OG0016451	1,1,4
Cluster_3663	OG0008886	1,1,6,2,1,1,1,1,1,1,1,3,1
Cluster_3665	OG0015884	1,1,1,1,5,1
Cluster_3665	OG0009316	1,1,2,2,1,2,1,2,2,1,1,6
Cluster_3668	OG0013087	1,1,1,1,1,1,1,2,2,1,1,3,1
Cluster_3668	OG0009912	1,1,3,3,1,1,1,3,2,1,1,2,1
Cluster_3387	OG0013570	1,1,1,1,1,1,2,1,1,1,4,2
Cluster_3387	OG0010401	1,1,2,1,1,1,1,2,2,1,1,3
Cluster_3399	OG0002380	4,1,4,2,1,2,2,5,3,2,2,11,5
Cluster_3399	OG0002084	2,2,3,3,3,4,4,5,3,3,4,8,1
Cluster_3408	OG0000182	8,9,7,9,5,9,8,13,13,8,8,45,5
Cluster_3408	OG0010291	2,2,4,1,3,2
Cluster_3412	OG0004828	3,2,1,2,1,2,4,1,3,2,9,2
Cluster_3412	OG0011847	1,1,2,1,1,1,3,1,1,1,3,1
Cluster_3414	OG0001359	3,4,2,2,4,2,2,4,3,3,3,19,2
Cluster_3414	OG0007327	1,1,3,1,1,1,1,2,1,2,7,1
Cluster_3426	OG0025314	NA
Cluster_3426	OG0018817	1,2
Cluster_3427	OG0013589	1,1,4,6,2,1,1
Cluster_3427	OG0001367	3,3,4,4,4,1,7,5,4,3,13,3
Cluster_3435	OG0004547	1,1,2,1,2,3,2,2,1,1,1,4,1
Cluster_3435	OG0002193	1,7,2,2,1,2,3,7,6,3,4
Cluster_3439	OG0023202	1,1
Cluster_3439	OG0003490	4,3,3,2,4,1,5,4,2,2,4,1
Cluster_3443	OG0023068	2
Cluster_3443	OG0000925	1,3,3,4,3,4,5,10,4,4,5,14,3
Cluster_3451	OG0001156	2,2,15,4,6,3,2,9,4,2,2,8,3
Cluster_3451	OG0019026	1,3,1
Cluster_3463	OG0002418	2,2,6,2,3,2,2,4,3,2,2,11,1
Cluster_3463	OG0027697	1
Cluster_3467	OG0015977	2,1,1,2,1,5
Cluster_3467	OG0011067	1,2,1,1,3,1,2,1,1,3,1
Cluster_3470	OG0014147	1,1,1,1,1,3,1,1,1,3
Cluster_3470	OG0000039	40,17,74,18,2,28,17,32,10,33,17,95,27
Cluster_3475	OG0005044	1,1,6,1,1,1,2,3,2,2,1,5,1
Cluster_3475	OG0000992	2,2,8,4,2,2,3,6,4,5,3,21,3
Cluster_3476	OG0000029	23,20,30,26,8,27,23,45,25,20,23,123,28
Cluster_3476	OG0018716	2,1
Cluster_3477	OG0003976	1,4,4,4,2,1,2,4,3,2,1,5,1
Cluster_3477	OG0023204	1,1
Cluster_3479	OG0008695	1,1,4,1,1,2,1,2,2,1,1,3,1
Cluster_3479	OG0005281	1,1,3,1,2,1,1,2,2,1,1,12,1
Cluster_3480	OG0001324	2,2,12,5,2,4,3,4,5,2,2,9,3
Cluster_3480	OG0000120	9,9,25,11,4,8,8,21,14,8,8,67,9
Cluster_3485	OG0013631	1,1,1,1,1,1,1,1,2,1,1,3,1
Cluster_3485	OG0003819	1,2,3,2,1,2,1,2,2,2,2,12,1
Cluster_3490	OG0011593	1,1,1,1,1,1,1,3,2,1,1,3
Cluster_3490	OG0011746	1,1,1,1,1,1,1,4,1,1,3,1
Cluster_3498	OG0015582	1,1,1,1,1,2,1,1,3,1
Cluster_3498	OG0006037	1,2,1,1,1,1,4,1,1,1,3,1
Cluster_3499	OG0018221	1,1,1,2
Cluster_3499	OG0000416	8,5,10,4,4,11,5,12,4,7,7,18,6
Cluster_3500	OG0002918	2,2,7,1,2,2,2,4,2,3,3,8,3
Cluster_3500	OG0002751	4,1,1,4,2,18,1,9,3
Cluster_3504	OG0005723	2,2,1,2,2,2,4,2,2,2,5,2
Cluster_3504	OG0011706	1,1,1,1,1,1,1,2,2,1,1,3,1
Cluster_3507	OG0010920	1,1,1,1,1,2,1,2,2,1,1,3,1
Cluster_3507	OG0009458	1,1,2,2,2,2,4,1,2,5
Cluster_3509	OG0011003	1,1,4,1,2,1,2,1,1,1,2,1
Cluster_3509	OG0012623	1,1,1,1,1,1,1,2,2,1,1,3,1
Cluster_3516	OG0011804	1,1,2,1,1,1,1,2,1,1,1,4,1
Cluster_3516	OG0008767	1,1,3,2,1,1,1,2,1,1,1,4,2
Cluster_3518	OG0005834	1,1,9,1,1,2,1,2,2,1,1,6,1
Cluster_3518	OG0022485	1,1
Cluster_3522	OG0019764	1,1,2
Cluster_3522	OG0005898	1,1,6,1,1,1,1,2,1,1,1,11,1
Cluster_3525	OG0004722	2,2,3,2,2,1,4,3,2,2,5,2
Cluster_3524	OG0005815	1,1,8,1,1,1,1,2,2,1,1,6,1
Cluster_3523	OG0020545	NA
Cluster_3523	OG0014737	1,1,1,1,1,1,2,1,1,3
Cluster_3524	OG0007556	1,1,3,1,1,2,1,2,1,1,1,7,1
Cluster_3525	OG0005612	2,2,1,2,1,3,2,4,2,2,1,7,1
Cluster_3529	OG0014071	1,1,1,2,1,1,2,1,1,3,1
Cluster_3529	OG0010210	1,1,1,1,2,2,1,2,1,1,1,4,1
Cluster_3530	OG0000370	16,2,5,4,11,6,2,20,8,4,1,8,14
Cluster_3530	OG0002210	3,2,2,4,2,3,2,6,4,2,2,9,3
Cluster_3531	OG0002798	2,2,4,3,3,2,3,3,2,2,13,1
Cluster_3531	OG0005924	1,2,5,4,2,1,3,2,1,1,6,1
Cluster_3532	OG0002224	2,3,2,3,2,2,3,6,4,3,3,10,1
Cluster_3532	OG0003184	2,2,2,2,2,4,2,4,4,2,2,6,2
Cluster_3533	OG0001129	10,3,6,1,2,2,2,3,1,3,3,20,8
Cluster_3533	OG0027701	1
Cluster_3536	OG0002848	1,11,2,3,1,2,4,3,2,2,5,1
Cluster_3536	OG0015537	1,1,1,1,1,2,1,1,1,3
Cluster_0127	OG0014398	1,1,1,1,1,2,1,1,1,4,1
Cluster_0127	OG0000030	50,27,34,21,4,23,37,61,13,14,20,108,20
Cluster_0128	OG0000838	9,5,2,5,3,2,4,1,2,2,33,5
Cluster_0128	OG0018717	1,1
Cluster_0142	OG0004030	2,3,4,2,2,2,2,3,2,2,2,6,2
Cluster_0142	OG0022034	NA
Cluster_0143	OG0002285	2,2,3,3,3,3,3,5,4,3,2,6,2
Cluster_0143	OG0027347	1
Cluster_0159	OG0018388	1,1,1,1,2
Cluster_0156	OG0006476	1,1,5,1,2,1,1,2,2,1,2,7,1
Cluster_0156	OG0015594	2,2,1,2,3
Cluster_0159	OG0013504	1,1,3,1,1,3,1,1,1,3,1
Cluster_0232	OG0016400	NA
Cluster_0232	OG0002943	1,1,2,6,3,1,2,4,2,2,2,11,1
Cluster_0005	OG0001079	1,3,4,3,3,5,2,7,2,4,3,22,4
Cluster_0005	OG0022303	1
Cluster_0044	OG0015287	1,3,2,3,1,5
Cluster_0044	OG0002501	2,2,2,2,1,4,2,2,2,2,2,5,1
Cluster_0120	OG0011103	1,1,1,1,1,1,2,2,1,1,5,1
Cluster_0120	OG0002393	2,2,2,2,3,3,2,8,4,3,2,8,1
Cluster_0130	OG0004761	2,2,8,1,1,2,1,2,2,2,1,6,1
Cluster_0130	OG0003947	2,2,1,2,2,3,1,3,4,5,3,6,1
Cluster_0133	OG0027625	1
Cluster_0133	OG0001593	2,2,16,6,3,2,2,4,1,2,2,10,2
Cluster_0144	OG0006840	1,2,1,1,2,5,2,2,1,9,1
Cluster_0144	OG0007657	2,1,3,1,1,2,6,1,1,1,4,1
Cluster_0155	OG0004346	1,1,11,2,1,3,1,2,2,1,1,5,1
Cluster_0155	OG0021547	1
Cluster_0162	OG0022543	1,1
Cluster_0162	OG0004979	1,2,4,2,2,2,1,4,1,2,1,7,1
Cluster_0172	OG0013629	1,1,1,1,1,1,1,1,2,1,1,2
Cluster_0172	OG0014699	1,2,1,2,1,1,2,1,2
Cluster_0178	OG0012427	1,1,1,1,1,2,1,3,1,1,1,3,1
Cluster_0178	OG0000149	13,3,6,2,11,7,2,72,6,4,2,48,10
Cluster_0179	OG0001962	5,2,2,3,2,4,12,2,1,15,2
Cluster_0179	OG0000630	8,9,2,2,3,4,6,11,1,7,5,21,8
Cluster_0185	OG0022255	1
Cluster_0185	OG0000075	39,15,5,10,1,8,22,53,1,19,20,74,18
Cluster_0192	OG0003042	2,5,1,5,1,3,2,4,3,2,3,4,2
Cluster_0192	OG0027628	1
Cluster_0198	OG0016767	5,1,3,1
Cluster_0198	OG0000281	8,5,31,10,10,5,11,2,5,3,27,7
Cluster_0202	OG0008145	1,1,5,2,1,3,1,2,2,1,1,1,1
Cluster_0202	OG0018034	1,2,1,1
Cluster_0204	OG0002776	2,2,7,4,2,2,2,4,3,2,2,8,1
Cluster_0204	OG0018526	1,4
Cluster_0205	OG0015312	NA
Cluster_0205	OG0000000	5,254,962,7,1,30,46,226,12,69,14,1077,10
Cluster_0208	OG0006774	1,1,2,2,1,1,1,3,1,1,1,8,1
Cluster_0208	OG0001887	3,2,5,2,2,2,2,6,3,2,2,13,1
Cluster_0209	OG0027629	1
Cluster_0209	OG0005314	1,1,1,2,1,1,1,2,1,1,1,16,2
Cluster_0211	OG0019666	1,2
Cluster_0211	OG0000019	35,41,31,33,29,33,87,27,34,35,100,33
Cluster_0217	OG0001941	2,4,2,3,1,4,1,8,3,3,2,13,2
Cluster_0217	OG0000332	1,2,2,21,14,2,4,2
Cluster_0225	OG0001101	3,1,10,4,1,3,3,10,1,1,2,25,3
Cluster_0226	OG0010431	1,1,1,2,2,1,2,2,1,1,4,1
Cluster_0226	OG0016388	1
Cluster_0225	OG0000142	7,7,14,8,2,7,9,18,9,10,10,68,6
Cluster_0234	OG0002895	1,2,4,2,2,4,2,6,4,3,2,7
Cluster_0234	OG0020540	1
Cluster_0251	OG0017664	NA
Cluster_0251	OG0010573	1,1,3,1,1,1,1,4,1,1,4,1
Cluster_0255	OG0016595	1,1,1,2,1,1,1,1
Cluster_0255	OG0016137	1,1,1,1,2,1,1,3
Cluster_0000	OG0022208	NA
Cluster_0000	OG0004547	1,1,2,1,2,3,2,2,1,1,1,4,1
Cluster_0002	OG0000239	11,8,23,9,3,4,6,14,5,11,8,30,11
Cluster_0002	OG0004803	1,2,2,1,2,2,4,1,1,1,6,1
Cluster_0003	OG0003544	1,1,1,2,1,3,3,3,1,2,2,16,2
Cluster_0003	OG0000000	5,254,962,7,1,30,46,226,12,69,14,1077,10
Cluster_0006	OG0001298	3,2,13,3,2,2,2,8,2,2,2,15,2
Cluster_0006	OG0019039	1,2,1,1
Cluster_0013	OG0000202	1,4,1,23,18,1,12
Cluster_0013	OG0025724	NA
Cluster_0019	OG0011891	1,1,1,1,1,1,3,1,2,1,3,1
Cluster_0019	OG0005335	2,1,7,3,1,1,1,2,1,1,1,7,1
Cluster_0022	OG0002548	2,2,4,1,2,2,2,4,3,2,2,13,2
Cluster_0022	OG0008139	1,1,1,3,1,3,2,4,3,2,1,2,1
Cluster_0037	OG0000059	20,15,31,23,1,16,16,39,12,18,17,76,12
Cluster_0037	OG0027088	1
Cluster_0041	OG0005954	1,1,7,4,1,1,1,2,1,1,1,5,1
Cluster_0041	OG0003833	1,1,17,6,1,1,1,2,1,1,1,4
Cluster_0046	OG0027632	1
Cluster_0046	OG0009917	1,1,4,1,1,1,1,2,1,1,1,4,1
Cluster_0051	OG0027333	1
Cluster_0051	OG0001914	2,2,9,5,1,3,2,2,2,2,1,16,2
Cluster_0054	OG0007621	1,1,8,1,1,1,1,2,2,1,1,4,1
Cluster_0054	OG0005383	2,2,4,2,2,2,4,3,2,2,3
Cluster_0066	OG0000314	14,5,6,3,3,3,4,12,3,6,5,45,12
Cluster_0066	OG0025190	NA
Cluster_0074	OG0000000	5,254,962,7,1,30,46,226,12,69,14,1077,10
Cluster_0074	OG0000521	4,4,4,5,8,6,7,16,4,7,7,10,4
Cluster_0078	OG0002433	2,2,6,3,2,3,2,3,2,2,2,9,2
Cluster_0078	OG0027634	1
Cluster_0081	OG0002497	1,2,5,2,3,2,2,5,3,3,2,7,2
Cluster_0081	OG0015709	1,1,1,1,2,2,1,2,1
Cluster_0083	OG0006828	2,2,2,1,4,4,2,2,6
Cluster_0083	OG0005391	2,2,2,2,2,5,2,2,2,6
Cluster_0086	OG0012451	1,1,1,1,1,1,2,1,1,1,4,1
Cluster_0086	OG0009392	2,1,2,1,1,1,1,2,1,1,1,5,2
Cluster_0090	OG0003939	2,2,4,4,1,2,1,3,1,1,12,1
Cluster_0090	OG0003469	1,1,7,2,2,3,8,1,3,2,2,1
Cluster_0092	OG0004502	2,1,2,2,2,1,6,4,1,2,6,1
Cluster_0092	OG0003199	1,2,4,2,2,2,2,4,4,2,2,6,2
Cluster_0096	OG0022361	NA
Cluster_0096	OG0007284	1,2,2,1,2,1,3,1,1,1,7
Cluster_0101	OG0025802	NA
Cluster_0101	OG0012235	1,1,4,1,1,2,1,1,1,4,1
Cluster_0111	OG0000673	4,3,6,3,4,5,5,11,6,4,3,16,3
Cluster_0111	OG0023185	1
Cluster_3673	OG0000057	1,11,2,3,1,2,1,231,6
Cluster_3673	OG0000202	1,4,1,23,18,1,12
Cluster_3681	OG0000057	1,11,2,3,1,2,1,231,6
Cluster_3681	OG0000037	2,152,219,13,18
Cluster_3700	OG0000004	1,9,58,1,18,105,52,1,97,5,163,15
Cluster_3700	OG0004388	1,1,2,1,1,2,1,2,1,1,1,6,1
Cluster_3704	OG0001325	5,4,4,2,3,2,4,2,2,2,22,1
Cluster_3704	OG0020774	1
Cluster_3713	OG0027594	1
Cluster_3713	OG0000501	5,5,3,4,1,5,7,14,1,6,5,11,4
Cluster_3719	OG0000004	1,9,58,1,18,105,52,1,97,5,163,15
Cluster_3719	OG0000565	16,38,10,4
Cluster_3691	OG0023140	1
Cluster_3691	OG0000035	47,11,30,29,10,20,14,45,8,16,21,150,24
Cluster_3696	OG0022332	NA
Cluster_3696	OG0002979	1,2,3,2,2,2,2,5,3,2,2,6,2
Cluster_3698	OG0000286	10,5,14,10,5,9,6,11,8,6,6,25,10
Cluster_3698	OG0027300	1
