Cluster_0682	OG0000004	1,9,58,1,18,105,52,1,97,5,163,15
Cluster_0774	OG0007303	1,1,7,1,3,1,1,1,1,1,5,1
Cluster_0280	OG0020590	NA
Cluster_0713	OG0007150	1,1,4,3,1,2,1,3,1,1,1,6
Cluster_0778	OG0000995	3,4,2,4,2,5,4,8,5,3,4,6,4
Cluster_0793	OG0003049	1,1,5,1,1,1,1,3,2,1,1,10,1
Cluster_0798	OG0000811	3,3,4,6,3,6,3,8,5,4,3,16,4
Cluster_0793	OG0003049	1,1,5,1,1,1,1,3,2,1,1,10,1
Cluster_0262	OG0002642	1,2,7,1,1,2,1,5,1,1,1,12,1
Cluster_0331	OG0004789	1,1,7,1,1,1,2,2,1,1,10,1
Cluster_0337	OG0000516	5,5,3,7,5,7,6,12,4,6,5,15,4
Cluster_0343	OG0002222	1,1,1,1,1,4,1,2,2,1,1,28,1
Cluster_0352	OG0019590	NA
Cluster_0354	OG0000995	3,4,2,4,2,5,4,8,5,3,4,6,4
Cluster_0368	OG0000438	13,7,14,4,2,5,5,3,3,2,31,12
Cluster_0374	OG0001520	4,5,4,3,2,3,4,6,1,6,2,10,3
Cluster_0368	OG0000438	13,7,14,4,2,5,5,3,3,2,31,12
Cluster_0374	OG0001520	4,5,4,3,2,3,4,6,1,6,2,10,3
Cluster_0397	OG0002976	2,2,2,1,1,5,4,4,1,12,4
Cluster_0407	OG0000299	3,7,6,8,6,10,4,14,10,9,13,18,6
Cluster_0415	OG0009075	1,1,1,1,1,3,1,2,2,1,1,3
Cluster_0435	OG0007113	1,1,5,1,1,2,1,2,2,1,1,5,1
Cluster_0482	OG0004814	2,3,2,1,1,2,5,2,2,3,5,1
Cluster_0488	OG0000015	2,38,3,17,21,182,7,5,3,115,10
Cluster_0528	OG0000004	1,9,58,1,18,105,52,1,97,5,163,15
Cluster_0638	OG0004245	2,1,2,1,1,1,2,5,3,1,10,3
Cluster_0674	OG0000023	3,29,3,3,6,12,26,86,19,29,29,225,23
Cluster_0677	OG0002673	2,1,3,4,3,3,3,5,3,4,2,5,1
Cluster_0683	OG0001795	2,1,4,1,2,3,7,9,1,6,4,6
Cluster_0687	OG0005290	2,1,1,2,1,2,3,6,3,2,2,3,1
Cluster_0691	OG0008625	1,1,2,4,1,1,1,2,2,1,1,2,1
Cluster_0710	OG0001276	5,2,3,2,1,2,7,1,3,7,20,6
Cluster_0711	OG0000928	10,1,9,2,1,2,1,12,3,1,2,8,6
Cluster_0718	OG0007464	1,1,2,1,1,1,1,3,2,1,1,6,1
Cluster_0727	OG0017016	1,1,1,1,1,1
Cluster_0730	OG0000839	4,4,3,5,4,4,6,7,7,12,3
Cluster_0735	OG0006023	2,2,3,3,2,4,1,2,6
Cluster_0737	OG0000076	12,17,1,42,10,2,11,1
Cluster_0740	OG0000804	1,1,3,4,3,10,10,19,2,8,8,5,1
Cluster_0745	OG0000089	22,12,12,4,9,18,29,2,15,11,87,25
Cluster_0746	OG0000121	13,8,14,11,1,13,13,19,4,11,15,62,14
Cluster_0748	OG0012676	1,1,1,1,1,1,2,2,1,1,1,3,1
Cluster_0750	OG0000358	2,1,3,4,4,7,10,24,1,11,15,7,3
Cluster_0755	OG0000302	8,6,8,3,2,5,6,15,4,6,6,40,7
Cluster_0759	OG0005638	1,2,3,4,1,3,2,4,1,1,2,4
Cluster_0762	OG0001344	3,3,3,4,3,3,4,8,1,4,4,12,3
Cluster_0768	OG0008155	1,1,2,1,1,2,1,2,1,1,1,3,1
Cluster_0775	OG0002115	1,2,2,2,1,3,3,6,4,3,3,7,2
Cluster_0780	OG0000269	11,19,7,7,5,3,6,14,2,5,6,40,10
Cluster_0781	OG0015327	1,1,1,1,1,1,2,1,1
Cluster_0785	OG0019669	1
Cluster_0790	OG0006409	1,1,1,2,4,4,2,2
Cluster_0791	OG0003726	2,2,2,2,1,2,2,4,3,2,2,7,2
Cluster_0790	OG0006409	1,1,1,2,4,4,2,2
Cluster_0791	OG0003726	2,2,2,2,1,2,2,4,3,2,2,7,2
Cluster_0804	OG0008202	1,1,3,1,1,2,4,1,1,4,2,1
Cluster_0805	OG0000543	4,5,15,4,2,6,5,8,4,5,4,19,3
Cluster_0806	OG0018412	2,3
Cluster_0809	OG0001945	1,1,2,2,1,1,1,2,1,1,2,1
Cluster_0267	OG0006136	1,1,6,2,2,3,1,3,1,2,3,1
Cluster_0274	OG0000004	1,9,58,1,18,105,52,1,97,5,163,15
Cluster_0276	OG0010940	1,1,2,1,1,1,1,3,1,2,1,2,1
Cluster_0281	OG0000032	29,16,44,22,4,23,15,34,21,21,17,163,27
Cluster_0282	OG0006154	1,1,1,2,1,3,2,2,2,1,3,1
Cluster_0288	OG0000251	25,8,8,8,1,4,7,11,8,9,43,6
Cluster_0299	OG0006205	1,1,1,1,1,3,3,4,1,2,2,5,1
Cluster_0306	OG0002122	2,1,6,8,1,3,3,1,3,13
Cluster_0307	OG0003758	3,6,4,3,2,1,2,2,1,11
Cluster_0306	OG0002122	2,1,6,8,1,3,3,1,3,13
Cluster_0307	OG0003758	3,6,4,3,2,1,2,2,1,11
Cluster_0305	OG0025878	NA
Cluster_0311	OG0002554	2,2,3,2,2,3,2,3,2,2,2,10,2
Cluster_0315	OG0004354	3,1,7,5,2,1,1,2,2,1,1,3,3
Cluster_0320	OG0000004	1,9,58,1,18,105,52,1,97,5,163,15
Cluster_0328	OG0000966	9,3,7,1,1,2,2,4,2,4,5,16,7
Cluster_0327	OG0009934	1,1,2,1,1,1,1,2,1,2,4,1
Cluster_0328	OG0000966	9,3,7,1,1,2,2,4,2,4,5,16,7
Cluster_0345	OG0003628	1,1,16,1,2,1,1,4,3,1,1,4,1
Cluster_0347	OG0008205	1,1,2,1,1,1,1,3,2,1,2,2,1
Cluster_0359	OG0000004	1,9,58,1,18,105,52,1,97,5,163,15
Cluster_0360	OG0002071	2,2,6,3,2,2,2,4,2,2,2,14,2
Cluster_0365	OG0001173	2,2,2,4,3,5,4,7,4,5,9,9,5
Cluster_0366	OG0015088	1,1,1,1,1,1,5,1,1,1
Cluster_0370	OG0004682	2,3,2,3,2,1,2,4,1,2,2,3,2
Cluster_0380	OG0022314	NA
Cluster_0385	OG0000003	112,56,130,91,24,81,68,195,50,71,61,368,76
Cluster_0384	OG0000054	24,15,23,14,2,20,18,42,8,22,15,103,16
Cluster_0385	OG0000003	112,56,130,91,24,81,68,195,50,71,61,368,76
Cluster_0387	OG0000011	50,26,63,35,17,38,43,94,24,35,21,155,55
Cluster_0385	OG0000003	112,56,130,91,24,81,68,195,50,71,61,368,76
Cluster_0387	OG0000011	50,26,63,35,17,38,43,94,24,35,21,155,55
Cluster_0386	OG0019662	NA
Cluster_0385	OG0000003	112,56,130,91,24,81,68,195,50,71,61,368,76
Cluster_0386	OG0019662	NA
Cluster_0385	OG0000003	112,56,130,91,24,81,68,195,50,71,61,368,76
Cluster_0387	OG0000011	50,26,63,35,17,38,43,94,24,35,21,155,55
Cluster_0385	OG0000003	112,56,130,91,24,81,68,195,50,71,61,368,76
Cluster_0386	OG0019662	NA
Cluster_0385	OG0000003	112,56,130,91,24,81,68,195,50,71,61,368,76
Cluster_0398	OG0004564	1,1,1,1,3,5,4,6,7
Cluster_0400	OG0000276	9,16,3,3,2,8,7,27,13,13,21,4
Cluster_0402	OG0018689	1
Cluster_0403	OG0013063	1,1,1,1,1,1,1,2,1,1,1,2,1
Cluster_0405	OG0005629	1,1,3,1,1,1,1,3,2,1,1,12,1
Cluster_0421	OG0013899	1,1,1,1,1,2,1,1,3,1
Cluster_0426	OG0004915	2,2,1,2,2,3,2,3,2,2,2,6,1
Cluster_0425	OG0000442	3,5,8,7,6,5,7,15,12,6,6,6,2
Cluster_0426	OG0004915	2,2,1,2,2,3,2,3,2,2,2,6,1
Cluster_0432	OG0002041	3,2,5,1,5,2,4,1,1,4,3,11,2
Cluster_0436	OG0002233	2,1,2,2,2,5,11,2,4,4,3
Cluster_0449	OG0025345	NA
Cluster_0459	OG0000631	4,5,5,6,1,6,5,10,6,5,5,17,3
Cluster_0471	OG0000158	1,3,1,2,15,5,25,4,11
Cluster_0474	OG0008698	1,1,2,4,1,1,1,1,1,1,7
Cluster_0480	OG0000004	1,9,58,1,18,105,52,1,97,5,163,15
Cluster_0483	OG0000933	4,3,5,3,3,4,3,8,6,4,5,16,4
Cluster_0486	OG0000015	2,38,3,17,21,182,7,5,3,115,10
Cluster_0487	OG0020539	NA
Cluster_0499	OG0000048	25,20,21,13,1,25,29,51,12,23,26,64,15
Cluster_0513	OG0000004	1,9,58,1,18,105,52,1,97,5,163,15
Cluster_0514	OG0006542	1,1,2,1,1,1,4,2,2,1,1,3,1
Cluster_0516	OG0003687	4,1,2,2,1,3,3,4,2,1,9,3
Cluster_0520	OG0001169	2,2,4,4,2,4,5,12,5,5,5,7,1
Cluster_0521	OG0013963	1,1,1,4,1,2,1,1,3,1
Cluster_0523	OG0000084	29,11,7,16,5,16,6,30,2,8,4,95,25
Cluster_0524	OG0003598	2,2,4,2,2,3,8,1,1,3,6,1
Cluster_0525	OG0000005	109,49,79,53,4,69,66,147,24,86,71,369,93
Cluster_0531	OG0001537	3,3,3,4,2,1,2,7,3,5,16,4
Cluster_0532	OG0001821	2,3,5,3,2,2,6,1,2,3,9,4
Cluster_0533	OG0004019	1,1,1,1,1,4,10,2,2,11
Cluster_0536	OG0002609	3,3,2,2,2,3,2,4,3,2,2,8,1
Cluster_0537	OG0000487	2,4,4,7,7,4,7,11,8,7,7,17,4
Cluster_0544	OG0016131	3,1,1,2,1,1
Cluster_0549	OG0004910	1,2,1,1,4,3,3,6,2,1,3,2
Cluster_0552	OG0000184	17,15,1,1,10,1,11,20,1,14,6,37,9
Cluster_0557	OG0000702	7,4,4,3,3,3,4,3,2,33,2
Cluster_0561	OG0010964	1,1,1,1,1,1,1,2,1,1,1,2,1
Cluster_0562	OG0005890	1,1,1,1,1,1,2,2,3,1,2,4,1
Cluster_0564	OG0008112	1,1,1,2,3,4,3,2,5
Cluster_0565	OG0002294	1,2,6,2,2,1,3,6,1,3,2,9,3
Cluster_0577	OG0001375	2,5,1,3,3,3,3,7,3,4,4,7,3
Cluster_0583	OG0001286	1,3,3,3,2,2,4,9,4,5,4,12,2
Cluster_0597	OG0009338	1,1,3,1,1,1,2,1,1,1,2,1
Cluster_0596	OG0024960	NA
Cluster_0601	OG0003098	2,2,2,3,1,2,3,4,1,7,2
Cluster_0602	OG0000138	9,9,14,7,4,9,13,33,8,15,10,45,6
Cluster_0610	OG0005018	2,1,2,1,1,1,1,5,2,1,2,10,2
Cluster_0611	OG0022189	NA
Cluster_0610	OG0005018	2,1,2,1,1,1,1,5,2,1,2,10,2
Cluster_0611	OG0022189	NA
Cluster_0619	OG0000191	7,5,10,10,4,11,6,18,7,8,8,56,9
Cluster_0623	OG0000729	2,6,4,4,3,6,5,7,3,5,5,16,1
Cluster_0627	OG0007854	1,1,1,1,1,1,1,2,4,1,1,3,1
Cluster_0633	OG0017663	NA
Cluster_0635	OG0008713	1,1,1,1,1,1,1,2,1,1,1,3,1
Cluster_0636	OG0000977	5,6,2,4,2,4,11,1,6,3,17,4
Cluster_0639	OG0002744	2,2,4,1,2,4,2,5,3,2,2,10,2
Cluster_0646	OG0016136	NA
Cluster_0649	OG0000369	9,7,11,2,4,5,2,12,12,7,13,25,8
Cluster_0657	OG0000540	7,4,19,3,4,10,3,7,3,4,5,14,5
Cluster_0665	OG0003321	1,2,2,1,2,4,3,3
Cluster_0668	OG0004439	1,2,2,1,1,3,2,4,2,2,2,7,1
Cluster_0672	OG0006338	1,1,3,3,2,1,2,2,2,1,5,1
Cluster_0944	OG0004932	1,2,2,2,1,2,2,4,2,1,1,9,2
Cluster_1128	OG0001960	3,2,9,1,2,2,2,4,3,3,1,12,1
Cluster_1232	OG0000084	29,11,7,16,5,16,6,30,2,8,4,95,25
Cluster_1237	OG0006668	2,1,1,1,1,4,1,1,1,4,2
Cluster_1254	OG0000244	10,4,3,5,5,5,11,23,3,11,10,24,9
Cluster_1258	OG0000281	8,5,31,10,10,5,11,2,5,3,27,7
Cluster_0824	OG0000825	6,3,3,4,3,6,11,2,6,5,15,4
Cluster_0840	OG0000935	4,4,3,3,2,4,4,9,5,4,20,4
Cluster_0860	OG0000007	62,44,150,57,9,49,54,165,48,42,39,222,59
Cluster_0872	OG0000081	23,7,2,11,6,11,5,15,9,7,9,123,26
Cluster_0882	OG0000925	1,3,3,4,3,4,5,10,4,4,5,14,3
Cluster_0932	OG0001750	2,2,4,2,2,3,3,8,3,3,3,12,2
Cluster_1038	OG0000113	7,8,19,7,7,10,14,32,4,18,19,50,8
Cluster_1119	OG0017862	1,4
Cluster_1126	OG0006459	1,1,3,1,1,1,1,3,1,1,1,9,1
Cluster_1132	OG0000349	7,7,6,8,5,5,8,12,8,9,25,7
Cluster_1139	OG0010615	1,1,3,1,1,2,1,2,2,1,1,3,1
Cluster_1143	OG0001727	3,1,6,1,1,1,3,5,1,3,2,18,4
Cluster_1144	OG0006986	1,1,4,1,1,1,1,4,1,1,1,4,1
Cluster_1153	OG0014206	1,2,1,1,1,2,1,1,1,3,1
Cluster_1159	OG0000004	1,9,58,1,18,105,52,1,97,5,163,15
Cluster_1164	OG0011747	1,2,1,1,1,2,1,1,1,3
Cluster_1169	OG0000589	6,4,6,2,1,4,7,11,3,7,10,21,2
Cluster_1170	OG0000034	26,25,44,28,2,30,20,51,22,26,22,84,25
Cluster_1175	OG0000211	11,10,11,6,4,14,8,14,8,5,9,34,13
Cluster_1185	OG0002708	3,2,4,2,1,1,1,4,3,2,2,10,3
Cluster_1188	OG0000337	6,3,1,8,7,2,12,33,3,14,9,18,3
Cluster_1191	OG0008043	1,1,4,3,1,1,2,3,1,1,1,3,1
Cluster_1196	OG0001118	2,2,3,6,1,3,3,12,3,2,2,16,1
Cluster_1197	OG0001493	1,6,12,1,5
Cluster_1198	OG0013970	1,1,2,1,1,1,1,2,3,1
Cluster_1200	OG0000082	11,10,6,10,9,5,9,19,12,11,10,115,21
Cluster_1199	OG0009465	1,3,2,1,1,1,1,3,2,1,3,1
Cluster_1200	OG0000082	11,10,6,10,9,5,9,19,12,11,10,115,21
Cluster_1202	OG0000994	4,4,5,3,4,3,5,7,1,5,4,16,1
Cluster_1205	OG0023033	1,1
Cluster_1213	OG0004904	1,1,3,1,2,2,1,6,2,1,1,4,1
Cluster_1228	OG0002284	2,2,2,2,2,3,4,6,1,3,3,6,1
Cluster_1235	OG0006669	1,1,1,1,1,1,1,3,1,1,2,7,1
Cluster_1246	OG0001482	2,2,1,15,2,2,2,7,5,2,2,9,2
Cluster_1247	OG0000382	10,5,13,7,6,4,2,14,7,2,2,35,6
Cluster_1256	OG0003069	2,2,2,1,5,6,6,9,3,1
Cluster_0820	OG0000004	1,9,58,1,18,105,52,1,97,5,163,15
Cluster_0823	OG0000114	26,11,6,8,1,6,9,28,6,16,15,50,10
Cluster_0820	OG0000004	1,9,58,1,18,105,52,1,97,5,163,15
Cluster_0823	OG0000114	26,11,6,8,1,6,9,28,6,16,15,50,10
Cluster_0822	OG0002534	2,2,4,2,2,2,2,4,2,3,2,10,2
Cluster_0823	OG0000114	26,11,6,8,1,6,9,28,6,16,15,50,10
Cluster_0825	OG0000519	8,3,12,4,2,7,3,10,3,6,4,18,7
Cluster_0826	OG0017672	1,1
Cluster_0828	OG0001634	2,2,6,3,2,2,2,6,2,3,2,14,4
Cluster_0830	OG0000379	14,5,9,3,3,10,2,11,3,3,37,12
Cluster_0834	OG0004726	1,1,1,5,4,1,1,8,2,1,1,5,1
Cluster_0836	OG0000004	1,9,58,1,18,105,52,1,97,5,163,15
Cluster_0857	OG0000712	4,3,8,4,3,3,3,9,5,5,5,20,4
Cluster_0861	OG0000220	18,5,18,6,3,6,3,7,2,7,8,52,13
Cluster_0874	OG0012448	1,1,1,1,2,1,2,1,2,1,2,1
Cluster_0883	OG0001118	2,2,3,6,1,3,3,12,3,2,2,16,1
Cluster_0887	OG0010283	1,2,5,2
Cluster_0889	OG0000883	2,3,2,2
Cluster_0887	OG0010283	1,2,5,2
Cluster_0905	OG0025077	NA
Cluster_0911	OG0000848	3,2,11,3,1,2,4,7,2,3,3,28,2
Cluster_0915	OG0004069	1,1,7,2,1,3,1,5,1,1,1,8,1
Cluster_0926	OG0003439	1,2,3,1,3,2,3,3,3,3,6,1
Cluster_0927	OG0001003	6,1,1,6,5,3,16,1,4,3,13,3
Cluster_0926	OG0003439	1,2,3,1,3,2,3,3,3,3,6,1
Cluster_0927	OG0001003	6,1,1,6,5,3,16,1,4,3,13,3
Cluster_0926	OG0003439	1,2,3,1,3,2,3,3,3,3,6,1
Cluster_0927	OG0001003	6,1,1,6,5,3,16,1,4,3,13,3
Cluster_0930	OG0000257	6,8,11,11,9,7,11,6,7,10,34,7
Cluster_0939	OG0004892	5,1,4,2,2,1,2,11,3
Cluster_0946	OG0000076	12,17,1,42,10,2,11,1
Cluster_0947	OG0002819	1,2,2,2,2,4,4,2,4,4,9,3
Cluster_0948	OG0002687	1,3,2,4,3,4,2,5,1,2,3,7,2
Cluster_0950	OG0007437	1,1,1,1,1,2,2,4,1,2,2,2,1
Cluster_0951	OG0014679	1,2,4,2
Cluster_0955	OG0001261	2,1,2,5,2,3,4,9,1,9,7,7,2
Cluster_0956	OG0000313	11,4,6,3,3,4,6,15,3,9,6,31,14
Cluster_0957	OG0000004	1,9,58,1,18,105,52,1,97,5,163,15
Cluster_0958	OG0015852	1,3,1,1,2,1,1,2
Cluster_0959	OG0000005	109,49,79,53,4,69,66,147,24,86,71,369,93
Cluster_0962	OG0016552	1,3,2,2
Cluster_0970	OG0000953	2,2,9,2,2,3,7,8,3,8,6,8,3
Cluster_0971	OG0005759	1,1,3,4,1,2,2,3,1,1,1,4,1
Cluster_0975	OG0018532	1,1,1,1
Cluster_0982	OG0015122	1,1,1,1,2,1,1,1,2
Cluster_0986	OG0000004	1,9,58,1,18,105,52,1,97,5,163,15
Cluster_0993	OG0000004	1,9,58,1,18,105,52,1,97,5,163,15
Cluster_0994	OG0002183	1,1,18,3,1,1,3,4,1,1,1,4,1
Cluster_0996	OG0002496	3,2,1,3,1,3,3,9,2,3,2,7,2
Cluster_1007	OG0000225	8,3,10,5,1,5,8,12,5,6,6,62,7
Cluster_1008	OG0006613	1,1,1,1,1,1,3,4,1,3,2,3,1
Cluster_1010	OG0000507	6,4,6,7,3,5,4,9,5,4,5,23,6
Cluster_1012	OG0000436	2,3,5,12,4,9,3,7,4,4,4,20,3
Cluster_1021	OG0000788	2,3,6,2,3,3,5,10,2,5,5,16,4
Cluster_1026	OG0000027	41,16,22,28,5,13,9,99,15,20,14,177,33
Cluster_1040	OG0000121	13,8,14,11,1,13,13,19,4,11,15,62,14
Cluster_1046	OG0011015	1,1,4,1,1,1,2,2,1,1,3,1
Cluster_1045	OG0010215	1,1,4,1,1,1,2,1,1,1,3,1
Cluster_1046	OG0011015	1,1,4,1,1,1,2,2,1,1,3,1
Cluster_1045	OG0010215	1,1,4,1,1,1,2,1,1,1,3,1
Cluster_1049	OG0003117	1,1,1,5,2,1,2,6,3,2,2,5,1
Cluster_1057	OG0013527	1,2,2,4,2,3
Cluster_1061	OG0001246	2,3,4,4,3,4,4,8,3,4,4,11,3
Cluster_1063	OG0003169	1,1,2,1,1,4,5,2,4,4,6,2
Cluster_1070	OG0000399	6,3,21,3,4,3,3,9,3,7,3,28,7
Cluster_1071	OG0010181	1,1,4,2,1,1,1,2,1,1,3,1
Cluster_1077	OG0000015	2,38,3,17,21,182,7,5,3,115,10
Cluster_1078	OG0017192	2,2,1,1
Cluster_1080	OG0000263	10,6,12,2,8,2,1,10,11,9,7,47,9
Cluster_1082	OG0003482	1,1,7,1,1,2,1,5,2,1,1,6,1
Cluster_1088	OG0000088	32,11,8,17,2,18,14,27,8,16,8,73,14
Cluster_1092	OG0003321	1,2,2,1,2,4,3,3
Cluster_1094	OG0019878	1,2
Cluster_1092	OG0003321	1,2,2,1,2,4,3,3
Cluster_1094	OG0019878	1,2
Cluster_1092	OG0003321	1,2,2,1,2,4,3,3
Cluster_1096	OG0016683	6,1
Cluster_1098	OG0003023	3,3,1,2,2,2,2,6,1,2,2,10,2
Cluster_1100	OG0000490	6,7,5,4,8,5,18,3,1,5,28,6
Cluster_1102	OG0002169	1,1,7,2,1,2,4,7,1,4,3,8,1
Cluster_1100	OG0000490	6,7,5,4,8,5,18,3,1,5,28,6
Cluster_1102	OG0002169	1,1,7,2,1,2,4,7,1,4,3,8,1
Cluster_1103	OG0000723	3,3,8,6,3,5,4,8,5,4,4,19,3
Cluster_1105	OG0008435	1,1,1,2,1,1,1,2,1,1,1,7,1
Cluster_1107	OG0006893	1,1,2,2,1,3,1,2,2,2,2,5,1
Cluster_1109	OG0003444	1,2,3,2,1,1,1,5,3,3,3,9,1
Cluster_1110	OG0003239	3,3,4,3,1,3,2,4,1,2,2,8,2
Cluster_1112	OG0007970	1,1,3,3,1,1,1,3,1,1,1,3,1
Cluster_1120	OG0000009	71,41,53,36,15,42,45,97,30,59,26,141,38
Cluster_1409	OG0001929	1,2,9,2,2,5,1,6,5,2,2,9,2
Cluster_1665	OG0009617	1,1,5,1,1,1,2,1,1,2,3,1
Cluster_1673	OG0000070	30,17,1,33,7,26,14,39,5,33,23,57,12
Cluster_1281	OG0001027	4,5,3,2,4,3,4,9,3,4,4,14,3
Cluster_1287	OG0000603	4,3,14,6,2,4,4,9,7,4,4,16,4
Cluster_1329	OG0001641	3,2,3,4,11,4,10,1,3,5,2,4
Cluster_1368	OG0000203	9,7,3,8,1,7,11,37,6,10,11,22,8
Cluster_1386	OG0000600	4,5,2,3,5,1,6,2,4,11,23,11
Cluster_1430	OG0000103	13,14,30,9,6,14,16,27,4,19,14,38,12
Cluster_1496	OG0000600	4,5,2,3,5,1,6,2,4,11,23,11
Cluster_1510	OG0001490	4,3,1,3,1,3,5,14,1,4,5,8,2
Cluster_1571	OG0013488	1,1,1,1,1,1,2,1,1,1,4
Cluster_1584	OG0000687	11,5,5,2,2,2,3,7,2,3,30,7
Cluster_1596	OG0002728	1,1,11,2,3,1,1,5,5,1,1,6,1
Cluster_1602	OG0001244	7,3,4,4,3,3,7,1,3,2,21,3
Cluster_1603	OG0002518	4,1,2,3,1,2,3,5,1,3,5,10,3
Cluster_1618	OG0020764	NA
Cluster_1626	OG0000169	11,7,10,9,2,14,8,23,4,9,13,45,10
Cluster_1627	OG0014684	1,6,2
Cluster_1631	OG0000076	12,17,1,42,10,2,11,1
Cluster_1637	OG0006913	2,1,3,1,1,1,1,2,2,1,1,3,1
Cluster_1639	OG0000569	3,4,2,3,6,5,10,5,6,10,13,4
Cluster_1642	OG0002861	2,2,4,2,2,1,2,5,2,2,2,11,2
Cluster_1651	OG0001493	1,6,12,1,5
Cluster_1658	OG0001290	3,4,2,1,1,3,3,8,5,2,4,12,3
Cluster_1659	OG0020702	NA
Cluster_1664	OG0000175	13,9,8,7,5,9,10,20,2,10,10,49,9
Cluster_1670	OG0002622	1,1,2,1,2,1,2,4,1,2,1,6,1
Cluster_1678	OG0000004	1,9,58,1,18,105,52,1,97,5,163,15
Cluster_1681	OG0000004	1,9,58,1,18,105,52,1,97,5,163,15
Cluster_1691	OG0001869	2,2,1,3,2,2,2,6,4,2,2,15,1
Cluster_1692	OG0006084	1,1,5,1,2,2,1,2,1,1,1,6,1
Cluster_1695	OG0003634	1,1,1,4,4,11,1
Cluster_1264	OG0000004	1,9,58,1,18,105,52,1,97,5,163,15
Cluster_1271	OG0006913	2,1,3,1,1,1,1,2,2,1,1,3,1
Cluster_1282	OG0003366	2,2,3,2,2,6,1,2,2,2,2,6,2
Cluster_1283	OG0002708	3,2,4,2,1,1,1,4,3,2,2,10,3
Cluster_1284	OG0001327	1,2,1,2,2,2,2,12,3,2,2,6,1
Cluster_1282	OG0003366	2,2,3,2,2,6,1,2,2,2,2,6,2
Cluster_1283	OG0002708	3,2,4,2,1,1,1,4,3,2,2,10,3
Cluster_1284	OG0001327	1,2,1,2,2,2,2,12,3,2,2,6,1
Cluster_1296	OG0003499	4,1,1,1,2,3,6,2,5,2,4,5
Cluster_1299	OG0000883	2,3,2,2
Cluster_1303	OG0000008	70,25,98,9,8,20,18,150,11,38,26,474,63
Cluster_1304	OG0000009	71,41,53,36,15,42,45,97,30,59,26,141,38
Cluster_1308	OG0014780	3,1,2,2,1,4,1
Cluster_1314	OG0003634	1,1,1,4,4,11,1
Cluster_1349	OG0000976	5,6,4,2,4,3,9,3,6,19,5
Cluster_1354	OG0013575	1,1,1,1,1,1,3,1,1,3,1
Cluster_1355	OG0000124	8,7,16,2,11,9,9,25,17,12,10,50,8
Cluster_1354	OG0013575	1,1,1,1,1,1,3,1,1,3,1
Cluster_1355	OG0000124	8,7,16,2,11,9,9,25,17,12,10,50,8
Cluster_1358	OG0016689	1,1,1
Cluster_1363	OG0004068	2,2,3,1,1,1,2,7,2,2,2,6,2
Cluster_1364	OG0003454	3,1,5,1,1,1,2,3,2,2,2,11,3
Cluster_1365	OG0000321	4,5,6,5,3,11,8,16,7,8,8,24,5
Cluster_1394	OG0000079	16,12,39,9,3,15,10,19,6,10,12,97,17
Cluster_1416	OG0000241	7,8,17,6,6,8,6,15,12,6,6,28,11
Cluster_1441	OG0003359	2,2,2,2,2,2,2,4,3,2,2,8,2
Cluster_1444	OG0019066	1,1,1,1
Cluster_1446	OG0000093	17,8,24,21,21,6,29,14,8,6,71,16
Cluster_1448	OG0000129	13,7,27,9,7,7,8,16,5,7,7,73,11
Cluster_1450	OG0025127	NA
Cluster_1456	OG0025200	NA
Cluster_1457	OG0015255	1,1,1,1,1,2,1,1,4
Cluster_1465	OG0000198	6,8,13,9,8,12,10,20,15,8,9,18,6
Cluster_1468	OG0003615	2,2,5,2,2,1,2,4,3,2,2,8,1
Cluster_1469	OG0003897	1,2,3,2,2,1,2,4,2,3,2,7,2
Cluster_1474	OG0001372	5,3,7,4,2,3,3,6,3,3,2,14,1
Cluster_1481	OG0000009	71,41,53,36,15,42,45,97,30,59,26,141,38
Cluster_1483	OG0003475	1,2,3,2,2,3,2,5,5,2,2,7,1
Cluster_1487	OG0006132	1,1,2,2,2,3,1,1,4,1,7,1
Cluster_1498	OG0000348	6,6,5,6,5,7,5,9,11,6,6,30,6
Cluster_1515	OG0007901	1,1,3,1,1,2,1,4,1,1,5,1
Cluster_1520	OG0004512	2,2,3,2,2,3,2,3,1,2,2,5,1
Cluster_1522	OG0001330	5,2,5,2,2,5,3,7,1,2,2,19,1
Cluster_1524	OG0019514	1,1
Cluster_1525	OG0000537	10,3,4,5,2,4,2,7,2,3,4,37,11
Cluster_1527	OG0000542	5,4,4,7,3,6,6,12,1,6,6,22,5
Cluster_1541	OG0008773	1,1,1,1,1,1,1,5,2,1,1,4,1
Cluster_1542	OG0000950	3,2,12,2,3,5,2,7,4,2,2,17,2
Cluster_1544	OG0000088	32,11,8,17,2,18,14,27,8,16,8,73,14
Cluster_1550	OG0000395	6,4,7,8,2,5,4,11,9,6,5,29,6
Cluster_1554	OG0002031	1,5,5,2,5,5,3,6,7,1,1
Cluster_1551	OG0001557	2,2,6,3,3,2,2,5,4,2,2,11,2
Cluster_1554	OG0002031	1,5,5,2,5,5,3,6,7,1,1
Cluster_1559	OG0000367	10,7,11,4,2,3,5,7,6,4,4,30,13
Cluster_1564	OG0004140	1,1,10,1,1,1,1,3,1,1,1,11,1
Cluster_1565	OG0011814	1,1,1,1,1,2,1,2,1,1,1,3,1
Cluster_1569	OG0002061	2,2,4,2,3,3,3,6,2,3,4,7,2
Cluster_1575	OG0000083	12,7,63,11,12,12,7,28,21,7,7,47,12
Cluster_1576	OG0004709	1,2,5,1,1,2,1,3,1,1,1,11,1
Cluster_1575	OG0000083	12,7,63,11,12,12,7,28,21,7,7,47,12
Cluster_2052	OG0002230	2,2,2,2,1,2,2,3,2,3,2,21,2
Cluster_2068	OG0000067	15,2,21,11,1,13,28,28,7,27,12,120,20
Cluster_1725	OG0003317	1,4,2,3,9,1,2,6,4,1
Cluster_1924	OG0001107	3,1,3,1,2,1,3,6,2,6,5,18,4
Cluster_1947	OG0000033	32,4,57,16,5,16,9,30,7,5,10,211,28
Cluster_1974	OG0000005	109,49,79,53,4,69,66,147,24,86,71,369,93
Cluster_1985	OG0000282	10,8,8,3,2,6,7,16,3,9,8,40,9
Cluster_1993	OG0003321	1,2,2,1,2,4,3,3
Cluster_2001	OG0001261	2,1,2,5,2,3,4,9,1,9,7,7,2
Cluster_2008	OG0000004	1,9,58,1,18,105,52,1,97,5,163,15
Cluster_2011	OG0000398	13,34,13,21
Cluster_2020	OG0000389	9,1,14,3,2,5,4,19,4,4,2,29,9
Cluster_2050	OG0014776	1
Cluster_2066	OG0001611	3,1,2,3,2,4,3,5,4,3,3,14,3
Cluster_1704	OG0009515	1,1,2,1,1,1,1,3,1,1,1,3,1
Cluster_1726	OG0000432	8,6,7,6,5,8,4,15,3,3,6,20,8
Cluster_1743	OG0007259	1,2,1,1,1,2,3,2,2,2,3,1
Cluster_1761	OG0015520	4,2,1,4
Cluster_1877	OG0010353	1,1,1,1,11,2
Cluster_1910	OG0001695	1,2,1,7,2,4,2,5,3,2,3,7,2
Cluster_1925	OG0000747	3,5,7,3,1,3,5,8,4,2,3,23,4
Cluster_1944	OG0004987	1,1,3,2,1,2,1,2,2,3,2,5,1
Cluster_1971	OG0000167	6,11,3,3,2,10,8,25,5,15,24,30,10
Cluster_1972	OG0000532	2,4,9,4,4,7,4,8,4,5,4,26,3
Cluster_1975	OG0002859	1,2,2,2,1,2,2,4,2,2,3,6,1
Cluster_1977	OG0006658	2,1,1,3,1,3,1,3,1,1,1,6,2
Cluster_1981	OG0005348	1,1,3,1,1,4,1,2,2,1,1,6,1
Cluster_1982	OG0002469	3,2,16,2,1,1,2,5,2,2,2,4
Cluster_1987	OG0000015	2,38,3,17,21,182,7,5,3,115,10
Cluster_1988	OG0000391	4,5,8,3,1,4,8,17,2,10,11,17,4
Cluster_1990	OG0001906	3,3,2,5,3,3,3,6,4,3,3,7,2
Cluster_1995	OG0025262	NA
Cluster_2000	OG0000276	9,16,3,3,2,8,7,27,13,13,21,4
Cluster_2005	OG0000533	3,4,2,1,5,15,3,6,7,10,13,3
Cluster_2030	OG0001812	5,3,2,3,1,2,3,3,1,4,2,16,5
Cluster_2034	OG0000004	1,9,58,1,18,105,52,1,97,5,163,15
Cluster_2037	OG0000076	12,17,1,42,10,2,11,1
Cluster_2038	OG0001809	3,3,3,3,1,5,3,4,4,3,15,3
Cluster_2041	OG0004751	1,3,2,3,2,3,2,4,2,2,2,4,1
Cluster_2047	OG0025464	NA
Cluster_2051	OG0002129	2,1,2,10,3,2,7,1,2,2,10,6
Cluster_2054	OG0001976	3,3,1,2,7,4,2,4,2,2,2,8,3
Cluster_2062	OG0003835	2,1,2,4,3,2,4,2,2,2,6,2
Cluster_2065	OG0006060	2,1,3,2,2,2,2,2,2,2,4,1
Cluster_2069	OG0000004	1,9,58,1,18,105,52,1,97,5,163,15
Cluster_1717	OG0020759	NA
Cluster_1720	OG0022016	NA
Cluster_1722	OG0000124	8,7,16,2,11,9,9,25,17,12,10,50,8
Cluster_1736	OG0005639	1,1,3,4,1,2,2,4,2,2,1,4,1
Cluster_1737	OG0010636	1,1,1,2,1,1,1,2,1,1,6,1
Cluster_1744	OG0000194	20,8,9,10,12,7,11,8,10,8,33,14
Cluster_1745	OG0004803	1,2,2,1,2,2,4,1,1,1,6,1
Cluster_1744	OG0000194	20,8,9,10,12,7,11,8,10,8,33,14
Cluster_1748	OG0002193	1,7,2,2,1,2,3,7,6,3,4
Cluster_1756	OG0000004	1,9,58,1,18,105,52,1,97,5,163,15
Cluster_1763	OG0018737	1,1
Cluster_1782	OG0001945	1,1,2,2,1,1,1,2,1,1,2,1
Cluster_1787	OG0016111	NA
Cluster_1811	OG0001493	1,6,12,1,5
Cluster_1812	OG0000883	2,3,2,2
Cluster_1833	OG0016002	1,5,3
Cluster_1845	OG0016983	3,1
Cluster_1853	OG0000781	8,15,4,5,1,4,6,6,7,11,3
Cluster_1854	OG0000008	70,25,98,9,8,20,18,150,11,38,26,474,63
Cluster_1855	OG0003887	8,2,1,4,1,2,2,2,6,3,4
Cluster_1857	OG0002506	1,2,1,2,3,2,3,5,1,6,4,8,1
Cluster_1871	OG0000336	11,5,3,2,3,6,9,13,6,9,9,23,7
Cluster_1880	OG0000513	4,4,9,11,3,3,3,9,8,4,4,19,5
Cluster_1882	OG0018720	NA
Cluster_1883	OG0000092	13,5,15,20,4,20,7,28,5,12,9,92,11
Cluster_1886	OG0000008	70,25,98,9,8,20,18,150,11,38,26,474,63
Cluster_1884	OG0000010	56,31,76,28,8,16,20,103,16,36,20,244,42
Cluster_1883	OG0000092	13,5,15,20,4,20,7,28,5,12,9,92,11
Cluster_1886	OG0000008	70,25,98,9,8,20,18,150,11,38,26,474,63
Cluster_1888	OG0022016	NA
Cluster_1889	OG0025498	NA
Cluster_1891	OG0000015	2,38,3,17,21,182,7,5,3,115,10
Cluster_1895	OG0008436	1,1,2,1,1,1,2,2,1,1,4,1
Cluster_1904	OG0009986	1,1,2,1,1,1,1,3,1,1,2,3
Cluster_1905	OG0000004	1,9,58,1,18,105,52,1,97,5,163,15
Cluster_1906	OG0002045	3,2,13,2,2,1,2,4,2,2,2,11,1
Cluster_1916	OG0001203	2,3,3,3,2,4,4,6,7,3,3,13,3
Cluster_1919	OG0000004	1,9,58,1,18,105,52,1,97,5,163,15
Cluster_1921	OG0016675	1,1
Cluster_1922	OG0006327	1,1,1,1,1,1,1,3,1,1,5,1
Cluster_1923	OG0000999	2,2,6,3,2,5,3,7,3,3,3,21,3
Cluster_1928	OG0002500	2,4,2,1,1,4,2,6,1,3,2,14,1
Cluster_1929	OG0001853	1,2,9,3,2,4,2,6,2,2,2,6,4
Cluster_1930	OG0001176	2,1,3,1,2,1,3,6,3,2,2,11,2
Cluster_1938	OG0001327	1,2,1,2,2,2,2,12,3,2,2,6,1
Cluster_1939	OG0004603	2,1,2,1,1,2,1,2,1,1,1,13,2
Cluster_1941	OG0004675	1,1,2,4,2,2,1,2,1,1,1,10,1
Cluster_1953	OG0016139	1,3,1,2
Cluster_1955	OG0003245	1,1,11,1,1,3,1,3,3,1,1,7,1
Cluster_1958	OG0022271	NA
Cluster_1960	OG0008050	1,1,1,2,1,3,1,2,1,2,1,5,1
Cluster_1962	OG0011176	1,1,1,1,1,2,1,2,2,1,1,1,1
Cluster_1960	OG0008050	1,1,1,2,1,3,1,2,1,2,1,5,1
Cluster_1964	OG0000587	17,5,5,3,3,2,6,4,6,3,21,12
Cluster_1967	OG0001063	3,2,9,2,5,1,9,10,4,11,2
Cluster_2236	OG0002606	4,1,5,2,1,3,1,2,1,4,3,9,3
Cluster_2226	OG0000568	6,6,5,3,4,6,5,6,4,5,5,26,4
Cluster_2305	OG0008940	1,1,2,1,2,1,2,2,1,1,4
Cluster_2316	OG0004632	2,2,2,3,1,1,2,4,2,2,2,5,2
Cluster_2340	OG0000865	3,3,4,3,3,5,4,14,4,5,4,17
Cluster_2343	OG0008477	3,1,2,2,1,2,1,2,1,1,1,5,1
Cluster_2344	OG0001001	3,2,4,2,2,2,2,5,2,2,36,2
Cluster_2369	OG0014240	1,1,1,1,2,1,1,1,3
Cluster_2448	OG0010701	1,1,1,1,1,1,3,1,1,2,5,1
Cluster_2452	OG0002205	2,4,2,3,2,3,3,6,1,2,3,6,1
Cluster_2072	OG0001375	2,5,1,3,3,3,3,7,3,4,4,7,3
Cluster_2091	OG0005584	1,1,4,1,1,1,1,2,2,2,1,9,1
Cluster_2169	OG0018161	NA
Cluster_2323	OG0006689	1,1,6,2,1,1,1,4,1,1,1,5,1
Cluster_2327	OG0002854	1,1,3,6,2,4,1,2,3,1,1,12,1
Cluster_2345	OG0015550	1,1,2,1,2,3,1
Cluster_2350	OG0000009	71,41,53,36,15,42,45,97,30,59,26,141,38
Cluster_2351	OG0001936	1,2,2,2,2,2,2,7,5,2,2,12,2
Cluster_2356	OG0000015	2,38,3,17,21,182,7,5,3,115,10
Cluster_2360	OG0000186	7,5,36,11,5,7,6,11,7,7,9,35,7
Cluster_2366	OG0002431	2,2,10,1,1,3,2,5,3,2,2,8,1
Cluster_2377	OG0009975	1,1,1,1,1,1,2,1,1,1,3,1
Cluster_2378	OG0000717	4,1,4,6,1,5,4,15,1,7,8,17,3
Cluster_2381	OG0002443	1,2,2,2,1,3,4,1,13,1
Cluster_2382	OG0000741	1,1,1,1,1,2,1,1,1,3
Cluster_2381	OG0002443	1,2,2,2,1,3,4,1,13,1
Cluster_2383	OG0000004	1,9,58,1,18,105,52,1,97,5,163,15
Cluster_2381	OG0002443	1,2,2,2,1,3,4,1,13,1
Cluster_2383	OG0000004	1,9,58,1,18,105,52,1,97,5,163,15
Cluster_2397	OG0000474	6,3,8,3,2,2,7,17,3,10,8,16,6
Cluster_2405	OG0007768	1,3,2,1,1,2,2,2,2,2,5
Cluster_2407	OG0003751	2,1,4,2,1,3,3,4,2,2,2,7,2
Cluster_2409	OG0008864	1,1,1,1,1,1,1,4,2,1,2,4,1
Cluster_2413	OG0007522	1,1,4,1,1,3,1,2,1,1,1,3,1
Cluster_2414	OG0008431	1,1,1,1,1,1,3,2,1,2,2,4
Cluster_2413	OG0007522	1,1,4,1,1,3,1,2,1,1,1,3,1
Cluster_2414	OG0008431	1,1,1,1,1,1,3,2,1,2,2,4
Cluster_2420	OG0001386	1,3,3,4,3,4,2,4,5,3,2,19,1
Cluster_2426	OG0008284	1,1,3,2,1,1,1,4,1,1,1,3,1
Cluster_2425	OG0013395	1,1,1,1,1,1,1,2,1,2,1,3,1
Cluster_2422	OG0001022	6,1,6,3,1,2,2,4,1,2,5,25,5
Cluster_2424	OG0000004	1,9,58,1,18,105,52,1,97,5,163,15
Cluster_2426	OG0008284	1,1,3,2,1,1,1,4,1,1,1,3,1
Cluster_2436	OG0015992	1,1,3,4,1,1
Cluster_2437	OG0000105	16,7,7,20,11,14,9,28,9,15,19,39,9
Cluster_2440	OG0000883	2,3,2,2
Cluster_2451	OG0000076	12,17,1,42,10,2,11,1
Cluster_2457	OG0017314	1,3
Cluster_2458	OG0002185	2,2,10,1,1,1,1,2,1,1,1,20,2
Cluster_2463	OG0002457	2,2,4,4,2,1,1,4,2,2,2,12,2
Cluster_2466	OG0000005	109,49,79,53,4,69,66,147,24,86,71,369,93
Cluster_2471	OG0004263	1,1,1,1,1,1,1,2,2,1,2,5,2
Cluster_2098	OG0001681	2,3,4,5,3,1,2,4,4,4,3,12,3
Cluster_2099	OG0004257	1,2,2,4,1,1,3,3,2,3,2,6,1
Cluster_2101	OG0000080	23,13,33,16,1,10,16,21,7,18,11,76,20
Cluster_2113	OG0011910	3,2,4,1,4,1,1,1
Cluster_2120	OG0000004	1,9,58,1,18,105,52,1,97,5,163,15
Cluster_2134	OG0003591	2,3,2,2,2,2,1,2,2,2,2,11,1
Cluster_2137	OG0001493	1,6,12,1,5
Cluster_2139	OG0000297	6,5,28,7,4,5,7,13,7,7,8,15,6
Cluster_2142	OG0016673	1,1,1,1,1,1,1
Cluster_2146	OG0001429	2,3,1,2,2,7,3,13,3,3,3,7,2
Cluster_2152	OG0000190	11,8,12,8,8,11,11,20,10,10,10,22,11
Cluster_2155	OG0000343	10,2,28,2,4,1,7,5,5,4,40,11
Cluster_2158	OG0000450	2,7,4,5,3,8,12,12,9,9,9,6,3
Cluster_2161	OG0001035	4,4,3,3,3,2,4,9,3,4,5,15,4
Cluster_2167	OG0004569	2,1,7,3,9,1,4,3
Cluster_2172	OG0001278	5,4,1,3,2,7,5,7,1,6,4,7
Cluster_2195	OG0000194	20,8,9,10,12,7,11,8,10,8,33,14
Cluster_2203	OG0002574	2,1,1,2,2,2,3,6,3,2,2,11,2
Cluster_2208	OG0000473	5,6,10,11,3,4,5,8,5,5,29,5
Cluster_2214	OG0000604	6,3,7,3,2,3,7,19,2,5,5,16,4
Cluster_2223	OG0003309	1,3,1,5,1,3,2,4,1,7,2,5,1
Cluster_2225	OG0005971	1,1,1,1,1,1,1,2,1,1,1,10,1
Cluster_2224	OG0020535	NA
Cluster_2225	OG0005971	1,1,1,1,1,1,1,2,1,1,1,10,1
Cluster_2243	OG0001055	4,2,4,7,2,4,3,5,1,2,3,18,3
Cluster_2245	OG0022251	NA
Cluster_2257	OG0001449	1,1,1,2,2,3,5,18,7,6,3,2
Cluster_2258	OG0006117	1,1,4,2,1,2,1,2,2,1,1,7,1
Cluster_2261	OG0000699	3,1,17,5,1,6,1,6,5,3,3,8,7
Cluster_2263	OG0022144	NA
Cluster_2268	OG0013346	1,1,1,1,1,1,1,3,1,1,4,1
Cluster_2275	OG0006195	2,1,2,2,1,1,1,2,1,1,2,8,2
Cluster_2276	OG0001289	3,3,5,3,4,5,4,8,5,4,4,6,3
Cluster_2275	OG0006195	2,1,2,2,1,1,1,2,1,1,2,8,2
Cluster_2276	OG0001289	3,3,5,3,4,5,4,8,5,4,4,6,3
Cluster_2284	OG0009679	1,1,3,4,1,1,1,2,1,1,1,3,1
Cluster_2298	OG0000083	12,7,63,11,12,12,7,28,21,7,7,47,12
Cluster_2656	OG0003843	1,2,2,1,2,1,2,4,2,2,3,11,1
Cluster_2691	OG0000004	1,9,58,1,18,105,52,1,97,5,163,15
Cluster_2700	OG0020744	NA
Cluster_2702	OG0004787	1,1,3,1,1,1,1,2,2,1,2,8,1
Cluster_2691	OG0000004	1,9,58,1,18,105,52,1,97,5,163,15
Cluster_2705	OG0000048	25,20,21,13,1,25,29,51,12,23,26,64,15
Cluster_2718	OG0002033	2,11,5,1,10,2,2,9,2
Cluster_2548	OG0000007	62,44,150,57,9,49,54,165,48,42,39,222,59
Cluster_2566	OG0001932	1,1,4,8,3,11,2,3,2,1
Cluster_2570	OG0012015	1,13,1
Cluster_2566	OG0001932	1,1,4,8,3,11,2,3,2,1
Cluster_2597	OG0000004	1,9,58,1,18,105,52,1,97,5,163,15
Cluster_2653	OG0005652	1,10,1,1,4,2,1,2,2,2
Cluster_2666	OG0000705	2,3,10,5,3,6,4,9,5,4,4,16,3
Cluster_2668	OG0000054	24,15,23,14,2,20,18,42,8,22,15,103,16
Cluster_2671	OG0000008	70,25,98,9,8,20,18,150,11,38,26,474,63
Cluster_2673	OG0000785	6,5,1,1,2,3,7,7,4,8,5,18,8
Cluster_2671	OG0000008	70,25,98,9,8,20,18,150,11,38,26,474,63
Cluster_2673	OG0000785	6,5,1,1,2,3,7,7,4,8,5,18,8
Cluster_2680	OG0000467	4,2,8,4,1,2,7,20,1,10,9,16,5
Cluster_2679	OG0000145	7,8,16,16,7,9,8,19,13,8,9,38,4
Cluster_2680	OG0000467	4,2,8,4,1,2,7,20,1,10,9,16,5
Cluster_2685	OG0000158	1,3,1,2,15,5,25,4,11
Cluster_2686	OG0000004	1,9,58,1,18,105,52,1,97,5,163,15
Cluster_2685	OG0000158	1,3,1,2,15,5,25,4,11
Cluster_2686	OG0000004	1,9,58,1,18,105,52,1,97,5,163,15
Cluster_2693	OG0025872	NA
Cluster_2701	OG0008436	1,1,2,1,1,1,2,2,1,1,4,1
Cluster_2707	OG0003538	2,2,1,2,2,3,2,5,3,2,2,5,2
Cluster_2712	OG0001932	1,1,4,8,3,11,2,3,2,1
Cluster_2715	OG0000004	1,9,58,1,18,105,52,1,97,5,163,15
Cluster_2716	OG0000228	2,1,2,11,7,17,7,41,8,17,13,5
Cluster_2722	OG0000429	4,4,7,5,3,5,7,10,5,7,8,22,7
Cluster_2725	OG0000003	112,56,130,91,24,81,68,195,50,71,61,368,76
Cluster_2726	OG0002439	2,1,10,1,2,1,4,4,1,2,4,7,2
Cluster_2728	OG0000498	12,2,1,4,2,3,4,12,2,7,4,27,6
Cluster_2735	OG0000792	7,4,7,4,2,6,2,7,3,3,5,21,3
Cluster_2746	OG0004214	1,1,6,1,1,1,1,3,2,1,1,5,1
Cluster_2748	OG0001287	3,4,1,4,2,3,4,8,6,4,3,9,3
Cluster_2750	OG0000767	4,2,25,5,4,6,2,9,4,2,2,8,1
Cluster_2753	OG0004567	2,2,1,2,2,2,4,4,2,2,5
Cluster_2765	OG0010401	1,1,2,1,1,1,1,2,2,1,1,3
Cluster_2477	OG0004214	1,1,6,1,1,1,1,3,2,1,1,5,1
Cluster_2482	OG0000442	3,5,8,7,6,5,7,15,12,6,6,6,2
Cluster_2488	OG0000999	2,2,6,3,2,5,3,7,3,3,3,21,3
Cluster_2491	OG0001154	6,1,10,3,6,1,2,5,2,2,19,5
Cluster_2493	OG0006334	1,1,1,1,1,1,1,2,2,1,1,4,1
Cluster_2500	OG0003351	1,1,11,3,1,2,1,7,2,1,1,5,2
Cluster_2503	OG0005578	1,1,4,1,1,2,1,5,3,1,1,5,2
Cluster_2512	OG0006741	1,1,2,1,1,1,2,6,1,2,1,5,1
Cluster_2519	OG0000019	35,41,31,33,29,33,87,27,34,35,100,33
Cluster_2526	OG0009713	1,1,1,3,5,1,3,2,2
Cluster_2529	OG0010959	1,1,3,1,1,1,1,2,3,1,1,3
Cluster_2530	OG0005618	1,1,2,1,1,1,1,4,1,1,2,8,1
Cluster_2531	OG0000732	4,4,3,3,2,4,4,8,5,4,4,22,5
Cluster_2530	OG0005618	1,1,2,1,1,1,1,4,1,1,2,8,1
Cluster_2536	OG0000621	6,1,2,5,3,8,4,7,2,7,5,26,8
Cluster_2541	OG0003429	2,2,2,4,2,5,2,5,2,2,1,5,2
Cluster_2542	OG0001493	1,6,12,1,5
Cluster_2543	OG0000076	12,17,1,42,10,2,11,1
Cluster_2555	OG0001945	1,1,2,2,1,1,1,2,1,1,2,1
Cluster_2557	OG0000936	3,3,2,5,3,6,6,8,1,3,6,12,4
Cluster_2558	OG0000703	4,4,6,6,4,7,4,7,3,4,6,13,3
Cluster_2559	OG0000080	23,13,33,16,1,10,16,21,7,18,11,76,20
Cluster_2562	OG0000004	1,9,58,1,18,105,52,1,97,5,163,15
Cluster_2564	OG0002885	4,2,3,1,3,2,2,3,3,2,11,4
Cluster_2569	OG0001166	3,6,4,1,2,1,4,8,1,4,3,18,4
Cluster_2583	OG0002309	3,2,3,3,1,2,3,6,1,3,4,8,2
Cluster_2586	OG0002447	2,1,9,5,1,1,2,4,1,3,1,11,3
Cluster_2593	OG0022048	NA
Cluster_2598	OG0000461	3,5,1,14,2,6,14,18,14,3,2,1
Cluster_2601	OG0003380	1,3,2,2,2,2,2,4,2,2,2,9,1
Cluster_2603	OG0000004	1,9,58,1,18,105,52,1,97,5,163,15
Cluster_2607	OG0000004	1,9,58,1,18,105,52,1,97,5,163,15
Cluster_2610	OG0000533	3,4,2,1,5,15,3,6,7,10,13,3
Cluster_2611	OG0000358	2,1,3,4,4,7,10,24,1,11,15,7,3
Cluster_2630	OG0001571	4,1,1,1,1,4,3,10,5,4,16,3
Cluster_2637	OG0001688	2,3,5,2,1,3,3,6,5,4,4,7,2
Cluster_2868	OG0000186	7,5,36,11,5,7,6,11,7,7,9,35,7
Cluster_2991	OG0000388	6,2,5,6,3,10,6,7,2,15,14,19,8
Cluster_3002	OG0005204	1,2,1,1,1,1,2,5,4,2,2,5,2
Cluster_3006	OG0003162	2,1,1,2,1,2,2,2,2,4,9,3
Cluster_3012	OG0000414	8,4,8,9,4,6,4,6,4,6,5,27,10
Cluster_3022	OG0008241	1,3,2,1
Cluster_3023	OG0017631	2,3,1
Cluster_3031	OG0004151	4,2,3,3,1,1,1,1,16,1
Cluster_3034	OG0002676	3,2,2,2,2,1,2,4,1,2,2,12,1
Cluster_3035	OG0003543	2,2,2,2,2,1,2,9,1,3,1,6,1
Cluster_3036	OG0000135	8,12,10,8,3,8,12,36,8,17,13,35,6
Cluster_3040	OG0000733	8,7,3,2,1,2,6,10,7,7,13,5
Cluster_2784	OG0001700	3,2,11,2,1,2,2,5,4,3,2,13,2
Cluster_2798	OG0016398	NA
Cluster_2853	OG0002977	1,2,2,1,3,5,13,1,5,3,1
Cluster_2886	OG0000076	12,17,1,42,10,2,11,1
Cluster_2894	OG0000223	14,5,5,4,3,3,12,27,4,9,10,39,5
Cluster_2965	OG0000034	26,25,44,28,2,30,20,51,22,26,22,84,25
Cluster_2968	OG0001965	4,2,9,2,1,3,2,5,1,2,2,9,2
Cluster_2971	OG0008709	1,1,1,1,1,1,1,6,1,1,1,5,1
Cluster_2973	OG0000004	1,9,58,1,18,105,52,1,97,5,163,15
Cluster_2977	OG0011433	3,1,1,1,1,1,1,1,6
Cluster_2979	OG0005553	1,1,1,1,2,1,2,4,2,2,6,2
Cluster_2980	OG0017617	1,1,1
Cluster_2990	OG0000026	50,34,13,20,6,13,22,53,2,24,30,198,34
Cluster_2989	OG0000004	1,9,58,1,18,105,52,1,97,5,163,15
Cluster_2990	OG0000026	50,34,13,20,6,13,22,53,2,24,30,198,34
Cluster_2993	OG0000932	3,2,5,3,3,2,4,8,1,5,3,21,8
Cluster_2999	OG0005802	3,1,3,2,2,1,1,3,2,1,1,4,3
Cluster_3000	OG0025534	NA
Cluster_3014	OG0000257	6,8,11,11,9,7,11,6,7,10,34,7
Cluster_3017	OG0004940	2,1,7,2,1,1,4,4,3,1,1,4
Cluster_3024	OG0000146	21,14,9,6,3,13,9,13,6,7,6,61,18
Cluster_3044	OG0000135	8,12,10,8,3,8,12,36,8,17,13,35,6
Cluster_3045	OG0000581	3,2,32,5,2,3,3,8,3,3,3,20,2
Cluster_3046	OG0003794	2,2,8,3,1,2,1,2,2,1,1,8,1
Cluster_3054	OG0000076	12,17,1,42,10,2,11,1
Cluster_3064	OG0001835	3,2,3,2,2,2,3,7,1,5,4,11,2
Cluster_3068	OG0000004	1,9,58,1,18,105,52,1,97,5,163,15
Cluster_3069	OG0016388	1
Cluster_3068	OG0000004	1,9,58,1,18,105,52,1,97,5,163,15
Cluster_3069	OG0016388	1
Cluster_2769	OG0001301	1,4,3,6,3,4,4,7,2,6,4,9,3
Cluster_2775	OG0000004	1,9,58,1,18,105,52,1,97,5,163,15
Cluster_2778	OG0001057	5,2,5,2,2,4,4,6,2,4,4,22,4
Cluster_2782	OG0000004	1,9,58,1,18,105,52,1,97,5,163,15
Cluster_2780	OG0003578	3,2,7,2,1,2,1,4,2,1,1,9,2
Cluster_2782	OG0000004	1,9,58,1,18,105,52,1,97,5,163,15
Cluster_2790	OG0001094	3,3,4,3,3,11,6,9,2,4,3,12,2
Cluster_2795	OG0015545	2,1,1,1,3,2,1
Cluster_2799	OG0002857	1,3,1,2,2,3,8,3,2,3,6,1
Cluster_2804	OG0012817	1,1,2,3,3,2,2,1
Cluster_2808	OG0000081	23,7,2,11,6,11,5,15,9,7,9,123,26
Cluster_2809	OG0026021	NA
Cluster_2816	OG0000076	12,17,1,42,10,2,11,1
Cluster_2818	OG0000150	42,10,10,3,3,1,6,8,1,7,4,61,19
Cluster_2819	OG0000641	9,4,7,1,2,2,3,7,1,4,4,26,10
Cluster_2820	OG0015817	2,1,3,1,1,3
Cluster_2821	OG0003632	2,1,7,1,1,3,1,4,2,3,2,7,2
Cluster_2824	OG0000557	11,7,2,1,2,1,8,12,1,6,6,17,5
Cluster_2826	OG0004486	1,1,3,4,1,1,1,5,2,1,1,7,2
Cluster_2828	OG0025682	NA
Cluster_2849	OG0005441	1,5,1,1,1,1,6,2,5,2
Cluster_2854	OG0000150	42,10,10,3,3,1,6,8,1,7,4,61,19
Cluster_2857	OG0000118	21,16,10,6,6,7,10,18,7,10,9,77,8
Cluster_2859	OG0000022	14,18,17,7,2,8,21,29,17,22,7
Cluster_2861	OG0000004	1,9,58,1,18,105,52,1,97,5,163,15
Cluster_2877	OG0001934	1,1,7,1,3,1,2,4,1,1,2,14,1
Cluster_2878	OG0022340	NA
Cluster_2885	OG0003292	2,2,2,3,1,2,2,2,4,2,2,9,1
Cluster_2888	OG0014818	1,3,1,1,1,1,2,1,1,1,1,1
Cluster_2899	OG0005843	1,1,5,1,1,1,1,2,1,2,1,10,1
Cluster_2903	OG0000507	6,4,6,7,3,5,4,9,5,4,5,23,6
Cluster_2907	OG0005819	1,1,5,2,1,1,1,3,1,1,1,6,1
Cluster_2909	OG0001677	2,1,1,2,2,3,3,5,5,6,4,14,1
Cluster_2914	OG0013306	1,1,1,1,1,2,1,1,1,3,1
Cluster_2921	OG0000004	1,9,58,1,18,105,52,1,97,5,163,15
Cluster_2925	OG0001639	6,2,4,3,1,3,1,6,1,4,1,12,7
Cluster_2930	OG0005852	1,1,3,5,1,1,1,3,1,1,1,9,1
Cluster_2933	OG0025014	NA
Cluster_2934	OG0004076	3,2,2,3,2,3,4,3,2,1,6,2
Cluster_2936	OG0002216	3,2,1,2,2,2,3,6,4,3,4,9,2
Cluster_2942	OG0000268	5,12,7,8,2,10,8,16,7,9,7,31,3
Cluster_2946	OG0000017	43,30,53,1,8,31,30,64,25,33,31,166,39
Cluster_3321	OG0008301	1,1,2,2,2,2,2,2,2,2,2,1
Cluster_3239	OG0019548	NA
Cluster_3342	OG0009050	1,1,4,1,1,2,1,2,2,1,1,1,2
Cluster_3096	OG0001459	2,3,10,6,3,2,3,5,2,3,3,11,1
Cluster_3116	OG0007015	1,1,2,3,1,1,1,2,1,1,8,1
Cluster_3145	OG0000001	201,117,250,155,18,131,130,340,126,157,118,674,173
Cluster_3286	OG0000899	5,5,4,3,4,6,10,2,6,6,13,3
Cluster_3289	OG0002128	1,2,6,2,3,2,2,6,8,2,3,7,1
Cluster_3308	OG0001356	3,2,3,5,1,6,3,7,3,2,2,10,2
Cluster_3312	OG0020513	NA
Cluster_3314	OG0000004	1,9,58,1,18,105,52,1,97,5,163,15
Cluster_3316	OG0001945	1,1,2,2,1,1,1,2,1,1,2,1
Cluster_3314	OG0000004	1,9,58,1,18,105,52,1,97,5,163,15
Cluster_3319	OG0011723	1,1,4,1,1,1,3,1,1,1,4
Cluster_3323	OG0003385	1,1,3,6,1,1,1,3,2,1,1,11,1
Cluster_3325	OG0020511	NA
Cluster_3332	OG0004585	2,1,3,1,1,1,1,2,2,1,1,10,2
Cluster_3333	OG0000158	1,3,1,2,15,5,25,4,11
Cluster_3338	OG0000737	7,3,7,4,2,3,3,7,3,3,4,19,5
Cluster_3341	OG0001033	3,7,3,4,1,7,5,9,3,5,3,8,2
Cluster_3343	OG0000661	9,2,7,5,2,1,2,6,2,3,5,24,9
Cluster_3345	OG0006219	1,2,1,1,2,1,2,6,2,2,2,2,1
Cluster_3347	OG0000035	47,11,30,29,10,20,14,45,8,16,21,150,24
Cluster_3345	OG0006219	1,2,1,1,2,1,2,6,2,2,2,2,1
Cluster_3347	OG0000035	47,11,30,29,10,20,14,45,8,16,21,150,24
Cluster_3350	OG0000950	3,2,12,2,3,5,2,7,4,2,2,17,2
Cluster_3352	OG0000883	2,3,2,2
Cluster_3372	OG0019590	NA
Cluster_3072	OG0012006	1,2,1,1,2,1,2,2,1,1,4,1
Cluster_3073	OG0000181	12,10,9,12,4,6,4,13,9,16,58,13
Cluster_3072	OG0012006	1,2,1,1,2,1,2,2,1,1,4,1
Cluster_3073	OG0000181	12,10,9,12,4,6,4,13,9,16,58,13
Cluster_3077	OG0003714	1,2,5,1,2,2,2,4,3,2,2,7,1
Cluster_3080	OG0000964	3,4,4,6,4,4,4,7,4,4,4,10,3
Cluster_3083	OG0008892	1,1,2,1,1,1,2,3,1,1,5,1
Cluster_3085	OG0003601	3,2,1,3,5,3,2,11
Cluster_3086	OG0019462	NA
Cluster_3088	OG0003283	2,2,3,1,2,1,3,5,3,4,3,7,1
Cluster_3106	OG0004222	1,1,8,5,3,1,1,3,4,1,1,3,1
Cluster_3111	OG0001834	1,2,2,2,2,2,3,6,6,3,4,12,1
Cluster_3125	OG0024883	1
Cluster_3127	OG0000705	2,3,10,5,3,6,4,9,5,4,4,16,3
Cluster_3131	OG0000467	4,2,8,4,1,2,7,20,1,10,9,16,5
Cluster_3141	OG0000076	12,17,1,42,10,2,11,1
Cluster_3147	OG0001237	3,3,5,3,3,3,3,6,7,3,3,8,2
Cluster_3154	OG0010591	1,1,1,2,1,1,2,1,1,6,1
Cluster_3158	OG0000072	19,14,18,17,6,12,14,30,9,15,18,76,16
Cluster_3161	OG0003237	1,2,3,2,2,2,2,4,1,2,2,10,1
Cluster_3172	OG0000259	12,4,16,6,4,10,7,14,3,9,6,33,11
Cluster_3174	OG0001215	2,2,7,7,3,2,1,4,6,2,3,8,3
Cluster_3176	OG0001635	5,4,2,3,2,5,8,1,5,2,10,2
Cluster_3180	OG0000878	3,3,5,3,3,4,4,11,4,4,4,11,3
Cluster_3189	OG0005658	1,1,2,1,1,2,2,6,2,2,2,4,1
Cluster_3190	OG0009011	1,1,1,1,3,1,2,1,2,2,3
Cluster_3191	OG0000009	71,41,53,36,15,42,45,97,30,59,26,141,38
Cluster_3202	OG0001063	3,2,9,2,5,1,9,10,4,11,2
Cluster_3209	OG0000786	10,1,4,2,3,1,4,7,2,5,4,23,4
Cluster_3214	OG0002989	1,3,1,1,2,1,4,1,1,1,6,1
Cluster_3219	OG0004234	1,1,8,2,1,1,1,3,1,1,13,1
Cluster_3220	OG0007489	1,1,1,2,1,3,1,2,3,1,1,6,1
Cluster_3222	OG0025953	NA
Cluster_3228	OG0006811	3,1,1,3,5,2,2
Cluster_3234	OG0002559	1,3,4,4,1,3,2,3,2,2,2,12,2
Cluster_3247	OG0013369	1,1,1,1,1,1,2,1,1,1,3
Cluster_3251	OG0004736	1,1,3,1,3,1,2,2,1,1,12,1
Cluster_3257	OG0001657	2,2,3,2,2,5,2,11,3,2,2,13,2
Cluster_3261	OG0000004	1,9,58,1,18,105,52,1,97,5,163,15
Cluster_3429	OG0000004	1,9,58,1,18,105,52,1,97,5,163,15
Cluster_3562	OG0000336	11,5,3,2,3,6,9,13,6,9,9,23,7
Cluster_3568	OG0003711	8,2,1,1,2,1,2,4,2,2,8,2
Cluster_3610	OG0017294	1,1,2,1,1
Cluster_3623	OG0003162	2,1,1,2,1,2,2,2,2,4,9,3
Cluster_3631	OG0000163	11,9,17,10,5,9,11,19,10,14,12,36,11
Cluster_3381	OG0000094	31,16,8,4,4,11,17,6,19,102,13
Cluster_3406	OG0008675	1,1,3,1,1,1,1,2,2,1,1,3,1
Cluster_3413	OG0000884	4,2,1,3,3,4,8,15,1,6,6,14,3
Cluster_3478	OG0000139	31,6,17,6,2,7,4,8,2,5,7,85,15
Cluster_3489	OG0000347	3,3,15,2,4,1,5,1,3,70,11
Cluster_3528	OG0000063	13,13,20,18,16,20,19,38,14,20,20,54,16
Cluster_3543	OG0000114	26,11,6,8,1,6,9,28,6,16,15,50,10
Cluster_3546	OG0000094	31,16,8,4,4,11,17,6,19,102,13
Cluster_3544	OG0000498	12,2,1,4,2,3,4,12,2,7,4,27,6
Cluster_3546	OG0000094	31,16,8,4,4,11,17,6,19,102,13
Cluster_3545	OG0000299	3,7,6,8,6,10,4,14,10,9,13,18,6
Cluster_3546	OG0000094	31,16,8,4,4,11,17,6,19,102,13
Cluster_3547	OG0000439	13,4,21,8,2,2,3,4,2,2,3,27,11
Cluster_3548	OG0008937	1,2,1,1,1,3,1,1,3,1
Cluster_3547	OG0000439	13,4,21,8,2,2,3,4,2,2,3,27,11
Cluster_3550	OG0000429	4,4,7,5,3,5,7,10,5,7,8,22,7
Cluster_3553	OG0000629	4,4,8,5,2,5,3,9,1,5,4,27,4
Cluster_3558	OG0000434	7,2,9,3,7,5,15,2,7,6,33,6
Cluster_3563	OG0001932	1,1,4,8,3,11,2,3,2,1
Cluster_3564	OG0000004	1,9,58,1,18,105,52,1,97,5,163,15
Cluster_3567	OG0027696	1
Cluster_3569	OG0004887	3,1,1,1,1,1,2,5,3,1,2,7,2
Cluster_3584	OG0000114	26,11,6,8,1,6,9,28,6,16,15,50,10
Cluster_3591	OG0000710	6,5,5,4,1,4,6,10,1,5,6,16,5
Cluster_3596	OG0000162	18,10,9,4,2,6,9,13,4,7,8,61,18
Cluster_3601	OG0000223	14,5,5,4,3,3,12,27,4,9,10,39,5
Cluster_3622	OG0000017	43,30,53,1,8,31,30,64,25,33,31,166,39
Cluster_3624	OG0023201	1
Cluster_3626	OG0001076	3,3,9,4,4,4,3,8,3,3,3,13,4
Cluster_3630	OG0002095	3,1,3,1,3,1,4,5,3,4,13,2
Cluster_3632	OG0007856	1,1,3,1,1,1,1,2,1,1,1,4,1
Cluster_3642	OG0002414	1,3,2,5,1,6,2,2,2,3,1,13,2
Cluster_3658	OG0012097	1,1,1,1,1,1,1,2,1,1,1,3,1
Cluster_3662	OG0004214	1,1,6,1,1,1,1,3,2,1,1,5,1
Cluster_3664	OG0011116	2,2,11,2
Cluster_3666	OG0006037	1,2,1,1,1,1,4,1,1,1,3,1
Cluster_3379	OG0009052	3,1,2,3,1,1,1,6,2
Cluster_3380	OG0000741	1,1,1,1,1,2,1,1,1,3
Cluster_3384	OG0003948	3,2,2,2,2,2,2,4,2,2,5,2
Cluster_3391	OG0000004	1,9,58,1,18,105,52,1,97,5,163,15
Cluster_3395	OG0000613	3,3,13,4,3,4,3,7,4,3,3,25,2
Cluster_3402	OG0000683	3,3,13,8,3,4,3,8,5,3,3,16,3
Cluster_3411	OG0002069	1,2,5,9,1,4,2,5,2,2,2,8,2
Cluster_3417	OG0025800	NA
Cluster_3422	OG0000569	3,4,2,3,6,5,10,5,6,10,13,4
Cluster_3424	OG0000313	11,4,6,3,3,4,6,15,3,9,6,31,14
Cluster_3428	OG0000358	2,1,3,4,4,7,10,24,1,11,15,7,3
Cluster_3434	OG0000787	1,5,10,4,1,3,4,12,2,6,5,13,3
Cluster_3442	OG0002115	1,2,2,2,1,3,3,6,4,3,3,7,2
Cluster_3444	OG0001844	2,2,11,6,2,2,2,6,2,2,9,2
Cluster_3446	OG0000121	13,8,14,11,1,13,13,19,4,11,15,62,14
Cluster_3447	OG0003267	2,2,2,2,2,2,2,5,3,2,2,6,2
Cluster_3455	OG0001514	3,2,9,2,2,2,2,6,4,2,2,12,2
Cluster_3457	OG0000722	2,2,15,4,3,5,2,4,2,2,2,32,2
Cluster_3459	OG0001504	6,1,4,1,1,2,2,3,3,2,1,22,2
Cluster_3472	OG0001887	3,2,5,2,2,2,2,6,3,2,2,13,1
Cluster_3473	OG0027700	NA
Cluster_3481	OG0003098	2,2,2,3,1,2,3,4,1,7,2
Cluster_3493	OG0000829	3,6,7,11,3,5,9,2,24,1
Cluster_3492	OG0000829	3,6,7,11,3,5,9,2,24,1
Cluster_3493	OG0000829	3,6,7,11,3,5,9,2,24,1
Cluster_3496	OG0001252	3,3,4,3,3,6,3,6,5,3,3,10,3
Cluster_3502	OG0010717	1,1,1,1,1,1,2,1,1,1,4,2
Cluster_3508	OG0007170	1,1,1,1,1,2,1,3,1,1,1,6,1
Cluster_3512	OG0011213	1,1,1,1,1,1,1,2,1,1,1,3,1
Cluster_3513	OG0000995	3,4,2,4,2,5,4,8,5,3,4,6,4
Cluster_3512	OG0011213	1,1,1,1,1,1,1,2,1,1,1,3,1
Cluster_3513	OG0000995	3,4,2,4,2,5,4,8,5,3,4,6,4
Cluster_3519	OG0025063	NA
Cluster_0045	OG0000809	7,4,3,11,2,6,6,7,2,5,19,3
Cluster_0135	OG0000002	175,110,251,140,15,88,91,346,74,97,80,869,131
Cluster_0145	OG0000002	175,110,251,140,15,88,91,346,74,97,80,869,131
Cluster_0152	OG0000033	32,4,57,16,5,16,9,30,7,5,10,211,28
Cluster_0160	OG0002501	2,2,2,2,1,4,2,2,2,2,2,5,1
Cluster_0163	OG0003230	1,1,2,2,2,4,5,3,4,3,6,1
Cluster_0165	OG0001970	2,2,6,2,3,2,3,6,2,5,3,7,2
Cluster_0170	OG0000654	4,5,8,4,2,5,3,9,5,4,4,17,6
Cluster_0166	OG0008433	1,1,4,1,1,2,1,2,1,1,1,4,1
Cluster_0169	OG0009328	1,1,1,2,2,1,2,2,1,2,1,3,1
Cluster_0167	OG0008495	2,2,1,1,1,2,4,1,1,2,2
Cluster_0169	OG0009328	1,1,1,2,2,1,2,2,1,2,1,3,1
Cluster_0166	OG0008433	1,1,4,1,1,2,1,2,1,1,1,4,1
Cluster_0170	OG0000654	4,5,8,4,2,5,3,9,5,4,4,17,6
Cluster_0175	OG0008178	1,1,2,1,1,1,1,4,1,2,2,5,1
Cluster_0189	OG0001894	3,3,2,3,3,3,3,6,2,3,3,9,2
Cluster_0193	OG0002253	2,3,3,2,1,2,3,7,1,5,5,8,3
Cluster_0215	OG0011713	1,1,2,1,1,1,1,3,1,1,3,1
Cluster_0216	OG0000011	50,26,63,35,17,38,43,94,24,35,21,155,55
Cluster_0215	OG0011713	1,1,2,1,1,1,1,3,1,1,3,1
Cluster_0216	OG0000011	50,26,63,35,17,38,43,94,24,35,21,155,55
Cluster_0246	OG0000010	56,31,76,28,8,16,20,103,16,36,20,244,42
Cluster_0008	OG0023076	1
Cluster_0036	OG0002335	3
Cluster_0114	OG0002793	3,1,2,1,4,1,2,5,2,2,3,10,3
Cluster_0117	OG0003392	3,1,1,2,1,2,2,5,2,2,2,12,2
Cluster_0122	OG0001055	4,2,4,7,2,4,3,5,1,2,3,18,3
Cluster_0129	OG0010201	1,1,2,1,2,1,3,1,1,1,5,1
Cluster_0136	OG0011343	1,1,1,1,1,1,1,1,2,1,1,4,1
Cluster_0138	OG0014119	2,1,3,2,2,2,1
Cluster_0141	OG0000015	2,38,3,17,21,182,7,5,3,115,10
Cluster_0147	OG0003634	1,1,1,4,4,11,1
Cluster_0151	OG0006407	1,4,1,1,1,1,3,2,1,1,6,1
Cluster_0164	OG0006960	1,1,1,1,1,1,1,2,2,1,1,3,1
Cluster_0174	OG0015553	1,1,1,1,1,2,2,1,1
Cluster_0183	OG0006363	1,1,2,1,1,1,1,2,3,1,1,5,1
Cluster_0190	OG0006583	2,1,1,1,2,1,1,2,2,1,4,2
Cluster_0206	OG0000695	3,3,12,3,6,4,4,10,5,4,4,12,3
Cluster_0212	OG0013046	1,1,7
Cluster_0213	OG0000973	10,6,1,1,2,2,5,6,2,7,3,11,9
Cluster_0214	OG0005848	1,1,3,1,2,1,1,2,2,2,1,5
Cluster_0223	OG0000421	7,5,7,3,5,4,6,11,7,6,7,15,6
Cluster_0230	OG0000011	50,26,63,35,17,38,43,94,24,35,21,155,55
Cluster_0233	OG0020629	2
Cluster_0237	OG0003609	2,1,4,2,4,1,1,3,1,1,1,11,2
Cluster_0238	OG0004469	1,2,1,2,4,1,2,4,1,2,2,5
Cluster_0242	OG0000002	175,110,251,140,15,88,91,346,74,97,80,869,131
Cluster_0247	OG0000740	3,3,6,3,3,4,10,2,3,7,19,6
Cluster_0252	OG0001583	4,1,2,4,3,6,8,23,4
Cluster_0258	OG0000482	9,7,10,10,1,9,2,12,4,3,3,18,4
Cluster_0009	OG0007313	1,1,3,1,1,2,1,2,1,1,1,7,1
Cluster_0023	OG0025552	NA
Cluster_0033	OG0010551	1,2,1,1,1,1,3,1,1,1,5,1
Cluster_0034	OG0007311	1,1,1,1,2,1,1,2,1,1,1,6,1
Cluster_0047	OG0005056	1,1,1,1,1,4,1,4,3,1,1,5,1
Cluster_0052	OG0000465	5,2,8,5,1,4,6,12,4,5,10,30,4
Cluster_0056	OG0001947	2,2,1,2,1,3,3,9,4,2,2,8,2
Cluster_0062	OG0000113	7,8,19,7,7,10,14,32,4,18,19,50,8
Cluster_0070	OG0000097	14,9,28,22,9,15,12,24,13,10,11,39,12
Cluster_0076	OG0000045	24,12,17,15,2,24,22,45,16,16,33,98,25
Cluster_0077	OG0014518	1,1,1,1,1,1,1,1,1,3
Cluster_0080	OG0000004	1,9,58,1,18,105,52,1,97,5,163,15
Cluster_0084	OG0005763	1,2,2,1,1,2,5,2,2,5,1
Cluster_0094	OG0000231	11,3,6,6,1,7,10,23,3,8,11,45,12
Cluster_0098	OG0004548	1,1,1,1,1,2,3,2,1,4,1
Cluster_0104	OG0014985	1,2,1,1,1,1,3,1,1,1
Cluster_0105	OG0002696	3,2,3,4,2,2,5,2,3,12,1
Cluster_0106	OG0018719	1,1,1,1
Cluster_0108	OG0002856	2,2,5,2,2,2,2,4,2,2,2,10,1
Cluster_0109	OG0010587	1,1,2,1,1,1,1,3,1,1,1,5,1
Cluster_3678	OG0000090	12,2,11,206,29,4
Cluster_3676	OG0000057	1,11,2,3,1,2,1,231,6
Cluster_3678	OG0000090	12,2,11,206,29,4
Cluster_3684	OG0000096	24,4,165,1,5,36,1
Cluster_3685	OG0000057	1,11,2,3,1,2,1,231,6
Cluster_3711	OG0003321	1,2,2,1,2,4,3,3
Cluster_3693	OG0003381	2,1,1,1,1,3,4,1,3,2,12,3
Cluster_3702	OG0016111	NA
Cluster_3707	OG0026565	1
Cluster_3712	OG0000004	1,9,58,1,18,105,52,1,97,5,163,15
Cluster_3716	OG0016704	1
Cluster_3717	OG0001063	3,2,9,2,5,1,9,10,4,11,2
Cluster_3720	OG0000699	3,1,17,5,1,6,1,6,5,3,3,8,7
Cluster_3723	OG0015327	1,1,1,1,1,1,2,1,1
Cluster_3724	OG0000004	1,9,58,1,18,105,52,1,97,5,163,15
Cluster_3725	OG0018165	1,2,2
Cluster_3726	OG0018776	NA
Cluster_3728	OG0006409	1,1,1,2,4,4,2,2
Cluster_3727	OG0003726	2,2,2,2,1,2,2,4,3,2,2,7,2
Cluster_3690	OG0000000	5,254,962,7,1,30,46,226,12,69,14,1077,10
Cluster_3694	OG0002578	1,2,7,1,3,2,3,4,2,2,2,4,1
Cluster_3697	OG0000029	23,20,30,26,8,27,23,45,25,20,23,123,28
