Cluster_0626	OG0006934	1,1,1,1,1,1,1,2,1,1,2,8,1
Cluster_0626	OG0026031	NA
Cluster_0724	OG0005159	3,1,4,2,1,4,1,2,4,1,1,6,1
Cluster_0724	OG0011958	1,2,1,1,2,1,2,2,1,1,4,1
Cluster_0724	OG0000419	4,5,13,7,3,6,5,11,10,5,5,19,5
Cluster_0743	OG0000083	12,7,63,11,12,12,7,28,21,7,7,47,12
Cluster_0743	OG0001165	3,2,7,6,2,5,2,9,5,3,3,11,2
Cluster_0743	OG0000083	12,7,63,11,12,12,7,28,21,7,7,47,12
Cluster_0788	OG0003726	2,2,2,2,1,2,2,4,3,2,2,7,2
Cluster_0788	OG0003021	2,2,3,2,1,1,3,3,4,3,3,7,1
Cluster_0788	OG0012945	1,1,3,2,1,2,1,1,1,3,1
Cluster_0264	OG0001599	3,2,4,1,1,4,9,1,2,5,14,2
Cluster_0264	OG0018890	1,1,1,1,1
Cluster_0264	OG0002535	2,2,4,2,2,3,2,4,2,2,2,13,2
Cluster_0285	OG0005815	1,1,8,1,1,1,1,2,2,1,1,6,1
Cluster_0285	OG0006424	2,1,2,2,2,2,3,2,2,2,4,2
Cluster_0285	OG0007556	1,1,3,1,1,2,1,2,1,1,1,7,1
Cluster_0349	OG0012856	1,1,1,1,1,1,1,2,1,1,1,3
Cluster_0349	OG0007304	1,1,3,1,1,1,1,2,2,1,1,9,1
Cluster_0349	OG0000512	7,3,3,5,3,3,6,11,6,5,6,19,1
Cluster_0364	OG0014850	1,2,1,1,3,1,1,1,3,1
Cluster_0364	OG0003792	2,1,6,1,2,4,1,4,1,1,1,11,2
Cluster_0364	OG0004737	2,1,1,2,4,2,1,5,4,2,1,6,1
Cluster_0388	OG0021175	3
Cluster_0388	OG0015378	1,5,1,1,1,1,1,3
Cluster_0443	OG0013498	1,2,1,1,2,1,1,3,1
Cluster_0443	OG0025354	NA
Cluster_0468	OG0004609	1,1,2,1,2,2,1,4,3,4,1,7,1
Cluster_0468	OG0027636	1
Cluster_0472	OG0007718	1,1,11,2,1,1,2,1,1,3,1
Cluster_0472	OG0013596	1,3,1,2,1,2,2,1,1,1,2,1
Cluster_0579	OG0000011	50,26,63,35,17,38,43,94,24,35,21,155,55
Cluster_0579	OG0011414	1,1,5,2,1,1,1,2,1,1,1,1,1
Cluster_0663	OG0000001	201,117,250,155,18,131,130,340,126,157,118,674,173
Cluster_0663	OG0011593	1,1,1,1,1,1,1,3,2,1,1,3
Cluster_0663	OG0000346	5,6,10,13,3,7,7,15,4,8,8,15,4
Cluster_0690	OG0017102	2,1,1,5
Cluster_0690	OG0001464	5,3,5,2,2,5,4,6,2,3,3,9,4
Cluster_0694	OG0015679	1,3,3
Cluster_0694	OG0000029	23,20,30,26,8,27,23,45,25,20,23,123,28
Cluster_0694	OG0015679	1,3,3
Cluster_0694	OG0000029	23,20,30,26,8,27,23,45,25,20,23,123,28
Cluster_0694	OG0017859	5,1
Cluster_0714	OG0000702	7,4,4,3,3,3,4,3,2,33,2
Cluster_0714	OG0018422	1,4
Cluster_0714	OG0000702	7,4,4,3,3,3,4,3,2,33,2
Cluster_0723	OG0025983	NA
Cluster_0723	OG0004563	2,3,1,1,3,1,3,2,1,1,13,2
Cluster_0729	OG0003758	3,6,4,3,2,1,2,2,1,11
Cluster_0729	OG0003203	5,1,3,2,1,2,3,5,2,2,1,8,3
Cluster_0733	OG0021171	2
Cluster_0733	OG0009726	1,1,2,1,1,1,1,2,2,1,1,6,1
Cluster_0733	OG0000598	4,6,7,7,5,5,5,11,5,5,12,4
Cluster_0747	OG0001271	2,2,5,2,1,5,4,9,1,3,4,16,3
Cluster_0747	OG0019931	2,1
Cluster_0747	OG0001271	2,2,5,2,1,5,4,9,1,3,4,16,3
Cluster_0747	OG0019931	2,1
Cluster_0749	OG0000633	3,5,11,7,3,4,4,8,5,4,4,19,4
Cluster_0749	OG0018817	1,2
Cluster_0749	OG0001525	2,1,7,3,2,2,2,4,3,2,1,14,2
Cluster_0756	OG0025950	NA
Cluster_0756	OG0018735	2,1
Cluster_0765	OG0015833	1,1,1,1,1,1,1,2
Cluster_0765	OG0000864	11,2,2,2,3,11,2,5,4,21,6
Cluster_0765	OG0002923	2,2,3,2,2,3,2,4,4,2,3,6,2
Cluster_0765	OG0006144	1,2,2,1,2,2,5,1,3,2,3,1
Cluster_0769	OG0008571	1,1,2,1,2,1,1,2,3,1,1,4,1
Cluster_0769	OG0007669	2,1,1,1,1,1,2,2,1,2,3,2
Cluster_0771	OG0013506	1,2,2,1,1,2,1,1,1,3,1
Cluster_0771	OG0022385	1
Cluster_0773	OG0001097	3,1,5,2,1,8,7,8,4,3,3,12,6
Cluster_0773	OG0027639	1
Cluster_0773	OG0001097	3,1,5,2,1,8,7,8,4,3,3,12,6
Cluster_0776	OG0016606	1,5,2,1
Cluster_0776	OG0019651	3
Cluster_0776	OG0018664	1,1,1,1,1
Cluster_0786	OG0003876	1,1,2,3,2,4,2,7,4,1,3,4,1
Cluster_0786	OG0000122	16,17,16,6,3,14,16,21,8,12,17,44,13
Cluster_0786	OG0014970	1,1,1,1,2,1,2,3
Cluster_0786	OG0000794	6,6,8,1,2,1,12,1,3,2,28,6
Cluster_0786	OG0003213	1,2,3,2,3,3,6,2,4,3,6,1
Cluster_0794	OG0000266	10,5,4,10,5,12,8,18,7,9,7,30,8
Cluster_0794	OG0006449	2,2,2,1,3,2,1,2,1,1,1,7,2
Cluster_0802	OG0002867	2,2,4,3,3,3,2,4,3,2,2,6,2
Cluster_0802	OG0000315	8,5,8,4,2,5,8,16,7,7,8,27,7
Cluster_0802	OG0015527	1,1,1,2,1,2,3
Cluster_0812	OG0000004	1,9,58,1,18,105,52,1,97,5,163,15
Cluster_0812	OG0001612	2,2,6,2,2,5,2,7,5,2,2,12,2
Cluster_0812	OG0000004	1,9,58,1,18,105,52,1,97,5,163,15
Cluster_0277	OG0000007	62,44,150,57,9,49,54,165,48,42,39,222,59
Cluster_0277	OG0000346	5,6,10,13,3,7,7,15,4,8,8,15,4
Cluster_0277	OG0022181	NA
Cluster_0290	OG0016995	1,3,2,1
Cluster_0290	OG0027641	1
Cluster_0290	OG0016995	1,3,2,1
Cluster_0290	OG0001177	2,4,9,4,2,6,3,6,3,3,4,11,3
Cluster_0294	OG0003819	1,2,3,2,1,2,1,2,2,2,2,12,1
Cluster_0294	OG0000615	6,5,7,1,3,6,1,5,6,3,3,30,10
Cluster_0308	OG0011047	1,5,2,3,1,1,6
Cluster_0308	OG0008924	1,6,1,3,2,2,1,1,6
Cluster_0308	OG0011047	1,5,2,3,1,1,6
Cluster_0313	OG0024963	NA
Cluster_0313	OG0018748	NA
Cluster_0334	OG0002615	1,1,7,1,2,1,8,2,1,1,9,2
Cluster_0334	OG0022335	1
Cluster_0334	OG0004898	1,1,14,1,2,1,1,2,1,1,4,1
Cluster_0335	OG0026000	NA
Cluster_0335	OG0000001	201,117,250,155,18,131,130,340,126,157,118,674,173
Cluster_0336	OG0000105	16,7,7,20,11,14,9,28,9,15,19,39,9
Cluster_0336	OG0009207	2,1,3,2,4,3,4,2
Cluster_0336	OG0000105	16,7,7,20,11,14,9,28,9,15,19,39,9
Cluster_0339	OG0000156	10,15,8,1,1,3,32,18,2,6,28,9
Cluster_0339	OG0002509	5,3,3,5,2,2,5,2,3,9,4
Cluster_0339	OG0000005	109,49,79,53,4,69,66,147,24,86,71,369,93
Cluster_0339	OG0002509	5,3,3,5,2,2,5,2,3,9,4
Cluster_0339	OG0000272	8,5,8,4,2,7,8,13,6,10,9,32,7
Cluster_0340	OG0000074	2,4,6,16,32,80,3,7,11,15,2
Cluster_0340	OG0000004	1,9,58,1,18,105,52,1,97,5,163,15
Cluster_0341	OG0001822	4,3,1,2,1,1,4,7,1,4,3,16,3
Cluster_0341	OG0020614	1
Cluster_0341	OG0001545	2,9,4,2,3,2,3,2,2,2,20,1
Cluster_0344	OG0025731	NA
Cluster_0344	OG0005388	2,2,2,1,3,2,4,3,1,1,9,1
Cluster_0353	OG0010360	1,3,2,1,1,1,2,2,1,1,4,1
Cluster_0353	OG0027645	1
Cluster_0353	OG0006754	1,1,2,1,1,1,1,4,2,1,1,8,1
Cluster_0355	OG0000030	50,27,34,21,4,23,37,61,13,14,20,108,20
Cluster_0355	OG0000062	10,12,38,27,13,16,15,37,21,13,12,64,11
Cluster_0355	OG0000030	50,27,34,21,4,23,37,61,13,14,20,108,20
Cluster_0361	OG0011657	1,1,1,1,1,1,1,2,3,1,1,3,1
Cluster_0361	OG0005347	1,2,5,1,1,1,1,5,2,1,1,8,2
Cluster_0369	OG0013401	1,1,1,1,1,1,2,1,1,1,3,1
Cluster_0369	OG0016237	2,2,1,2,2,3
Cluster_0371	OG0016055	1,7,1,1,2
Cluster_0371	OG0003807	3,1,2,2,1,5,3,1,14,3
Cluster_0371	OG0000351	8,6,10,4,2,3,3,9,9,5,7,40,7
Cluster_0369	OG0001324	2,2,12,5,2,4,3,4,5,2,2,9,3
Cluster_0378	OG0015129	1,4,1,1,1,1,1,1,1
Cluster_0378	OG0006112	3,7,1,2,4,3,1,4,2
Cluster_0381	OG0025784	NA
Cluster_0381	OG0000573	3,3,6,9,5,5,5,9,6,5,5,22,3
Cluster_0381	OG0014122	1,1,3
Cluster_0389	OG0004836	1,1,3,2,1,2,1,3,1,1,1,6,1
Cluster_0389	OG0001210	3,2,6,2,7,3,8,2,4,5,9,3
Cluster_0389	OG0004836	1,1,3,2,1,2,1,3,1,1,1,6,1
Cluster_0389	OG0001210	3,2,6,2,7,3,8,2,4,5,9,3
Cluster_0389	OG0004836	1,1,3,2,1,2,1,3,1,1,1,6,1
Cluster_0389	OG0001210	3,2,6,2,7,3,8,2,4,5,9,3
Cluster_0389	OG0004836	1,1,3,2,1,2,1,3,1,1,1,6,1
Cluster_0389	OG0001210	3,2,6,2,7,3,8,2,4,5,9,3
Cluster_0390	OG0000001	201,117,250,155,18,131,130,340,126,157,118,674,173
Cluster_0390	OG0007293	1,1,1,2,2,2,4,3,2,2,2,1
Cluster_0390	OG0014821	1,1,1,1,1,1,2,2,1,1,2,1
Cluster_0390	OG0010590	1,1,2,1,1,1,2,2,3,1,1,3,1
Cluster_0417	OG0016391	1,1,1,2,1,1,3
Cluster_0417	OG0000463	4,6,6,5,3,5,9,12,4,9,8,19,3
Cluster_0418	OG0000796	6,4,9,6,3,2,6,4,2,2,23,9
Cluster_0418	OG0002184	3,1,5,1,1,1,2,5,2,2,19,4
Cluster_0440	OG0000001	201,117,250,155,18,131,130,340,126,157,118,674,173
Cluster_0440	OG0000062	10,12,38,27,13,16,15,37,21,13,12,64,11
Cluster_0440	OG0008063	1,1,3,2,1,2,1,1,2,5,1
Cluster_0447	OG0001189	2,4,3,3,4,3,4,6,7,4,5,7,1
Cluster_0447	OG0010132	1,1,2,1,1,2,1,2,2,1,1,3,1
Cluster_0447	OG0008662	1,1,4,1,1,1,2,2,1,1,5,1
Cluster_0451	OG0022639	1,1
Cluster_0451	OG0019263	1,1,1,1
Cluster_0453	OG0007743	5,1,1,1,1,2,1,1,10,1
Cluster_0453	OG0025392	NA
Cluster_0457	OG0000001	201,117,250,155,18,131,130,340,126,157,118,674,173
Cluster_0457	OG0000003	112,56,130,91,24,81,68,195,50,71,61,368,76
Cluster_0458	OG0008949	2,1,1,1,2,1,3,1,2,1,5,1
Cluster_0458	OG0002341	2,2,2,2,1,2,3,8,2,4,3,9,2
Cluster_0465	OG0000103	13,14,30,9,6,14,16,27,4,19,14,38,12
Cluster_0465	OG0001983	9,2,2,3,2,1,2,3,1,2,14,6
Cluster_0475	OG0009949	1,1,1,1,1,1,2,4,1,1,1,3,1
Cluster_0475	OG0001052	3,3,4,7,2,3,3,6,6,3,3,17,3
Cluster_0475	OG0009949	1,1,1,1,1,1,2,4,1,1,1,3,1
Cluster_0475	OG0001052	3,3,4,7,2,3,3,6,6,3,3,17,3
Cluster_0478	OG0000179	30,14,2,3,4,5,11,31,2,11,13,25,13
Cluster_0478	OG0000814	8,6,2,1,1,7,6,8,7,12,4
Cluster_0484	OG0015555	1,1,1,1,1,1,1,1,4
Cluster_0484	OG0012455	1,1,3,2,1,1,2,1,1,4,1
Cluster_0494	OG0001599	3,2,4,1,1,4,9,1,2,5,14,2
Cluster_0494	OG0002535	2,2,4,2,2,3,2,4,2,2,2,13,2
Cluster_0494	OG0008208	1,2,1,1,2,3,3,4,1,4,1
Cluster_0497	OG0011139	1,2,2,1,1,2,2,1,1,6,1
Cluster_0497	OG0000019	35,41,31,33,29,33,87,27,34,35,100,33
Cluster_0501	OG0021119	1,1,1
Cluster_0501	OG0000025	59,44,11,22,8,29,31,89,2,34,40,104,27
Cluster_0504	OG0000071	1,25,50,3,2,15,81,6,9,13,75,2
Cluster_0504	OG0017871	1
Cluster_0519	OG0008632	1,1,1,1,1,2,1,2,1,1,1,6,1
Cluster_0519	OG0005557	1,1,5,1,1,1,1,2,2,1,2,6,1
Cluster_0519	OG0000225	8,3,10,5,1,5,8,12,5,6,6,62,7
Cluster_0534	OG0022228	NA
Cluster_0534	OG0025583	NA
Cluster_0534	OG0007242	2,2,2,2,2,2,3,1,1,2,6
Cluster_0538	OG0003385	1,1,3,6,1,1,1,3,2,1,1,11,1
Cluster_0538	OG0007053	1,5,1,1,1,1,2,2,1,1,9,1
Cluster_0538	OG0003385	1,1,3,6,1,1,1,3,2,1,1,11,1
Cluster_0540	OG0001558	4,1,6,3,6,10,1,2,5,11,2
Cluster_0540	OG0000380	5,3,28,9,3,5,7,15,6,7,19,5
Cluster_0550	OG0017626	1,2,2,1
Cluster_0550	OG0000488	7,3,13,1,1,1,3,7,2,5,3,40,5
Cluster_0553	OG0000244	10,4,3,5,5,5,11,23,3,11,10,24,9
Cluster_0553	OG0013499	1,2,1,1,1,2,1,2,4
Cluster_0558	OG0008596	1,1,7,1,1,1,1,2,2,1,1,3,1
Cluster_0558	OG0025227	NA
Cluster_0566	OG0000074	2,4,6,16,32,80,3,7,11,15,2
Cluster_0566	OG0000004	1,9,58,1,18,105,52,1,97,5,163,15
Cluster_0571	OG0020772	2
Cluster_0571	OG0000436	2,3,5,12,4,9,3,7,4,4,4,20,3
Cluster_0573	OG0013630	1,1,2,1,1,1,1,1,1,1,1,3,1
Cluster_0573	OG0001190	5,2,5,2,2,2,3,6,3,3,3,16,5
Cluster_0576	OG0010696	1,1,4,1,1,1,1,2,1,1,1,3,1
Cluster_0576	OG0003856	1,1,13,2,1,2,1,2,2,1,2,6,1
Cluster_0581	OG0008468	2,1,1,1,1,2,1,1,10,1
Cluster_0581	OG0016982	1,1,1,2,1,1
Cluster_0588	OG0010795	1,1,2,1,1,1,1,3,2,1,1,4,1
Cluster_0588	OG0007108	1,1,6,1,1,1,1,3,1,1,1,6
Cluster_0604	OG0000272	8,5,8,4,2,7,8,13,6,10,9,32,7
Cluster_0604	OG0021231	1,1,1
Cluster_0604	OG0000272	8,5,8,4,2,7,8,13,6,10,9,32,7
Cluster_0604	OG0000322	22,5,9,3,2,5,6,7,3,6,9,30,13
Cluster_0608	OG0012424	1,1,2,1,2,2,1,1,3,1
Cluster_0608	OG0003104	1,2,4,1,2,2,3,6,3,2,2,7,2
Cluster_0614	OG0000019	35,41,31,33,29,33,87,27,34,35,100,33
Cluster_0614	OG0013606	6,3,1,6
Cluster_0614	OG0008989	1,3,6,3,6,2,1
Cluster_0614	OG0010235	1,1,2,1,2,1,2,1,1,1,6,2
Cluster_0614	OG0019079	3,1
Cluster_0614	OG0000001	201,117,250,155,18,131,130,340,126,157,118,674,173
Cluster_0614	OG0000346	5,6,10,13,3,7,7,15,4,8,8,15,4
Cluster_0614	OG0006252	1,1,1,1,1,2,1,3,2,1,1,2
Cluster_0625	OG0010971	1,2,1,3,2,1,4,1,1,3,1
Cluster_0625	OG0001061	5,3,3,3,3,3,3,4,3,3,3,19,6
Cluster_0628	OG0018187	2,2,1
Cluster_0628	OG0018933	3,1,1
Cluster_0628	OG0001738	2,2,9,9,2,2,2,3,3,2,2,7,2
Cluster_0629	OG0003368	1,2,1,2,2,2,2,5,4,2,1,7,1
Cluster_0629	OG0000934	5,3,5,1,1,3,3,10,2,3,3,23,6
Cluster_0630	OG0000074	2,4,6,16,32,80,3,7,11,15,2
Cluster_0630	OG0000004	1,9,58,1,18,105,52,1,97,5,163,15
Cluster_0643	OG0000184	17,15,1,1,10,1,11,20,1,14,6,37,9
Cluster_0643	OG0001009	3,2,6,7,4,14,3,13,8,7,2
Cluster_0643	OG0000660	5,4,3,4,3,5,4,10,8,3,3,22,4
Cluster_0643	OG0007649	2,1,1,1,1,2,1,4,2,1,1,7,1
Cluster_0643	OG0001009	3,2,6,7,4,14,3,13,8,7,2
Cluster_0643	OG0000019	35,41,31,33,29,33,87,27,34,35,100,33
Cluster_0643	OG0000015	2,38,3,17,21,182,7,5,3,115,10
Cluster_0643	OG0016489	1,2,4,1
Cluster_0643	OG0008723	1,1,1,1,1,3,1,2,2,1,1,5,1
Cluster_0654	OG0003339	1,2,3,2,2,2,2,6,1,2,2,7,1
Cluster_0654	OG0001543	1,3,2,4,2,4,2,8,5,4,3,10,2
Cluster_0669	OG0019483	2
Cluster_0669	OG0016345	1,1,2,3,1,2
Cluster_0669	OG0000152	8,7,34,13,7,12,8,22,11,8,8,26,7
Cluster_1147	OG0005085	1,2,3,10,2,8
Cluster_1147	OG0002040	2,2,10,2,1,2,3,7,2,2,11,3
Cluster_1147	OG0026709	1
Cluster_1147	OG0002040	2,2,10,2,1,2,3,7,2,2,11,3
Cluster_1155	OG0000709	5,2,13,5,1,4,4,7,2,4,3,28,1
Cluster_1155	OG0016081	2,2,1,2,1,4
Cluster_1183	OG0027668	1
Cluster_1183	OG0000388	6,2,5,6,3,10,6,7,2,15,14,19,8
Cluster_1189	OG0006633	1,3,2,1,3,6,1,3,2,2
Cluster_1189	OG0005566	1,1,4,2,1,1,3,2,1,2,6,2
Cluster_1189	OG0001420	2,3,7,3,2,3,3,7,4,3,3,12,3
Cluster_1189	OG0000003	112,56,130,91,24,81,68,195,50,71,61,368,76
Cluster_1194	OG0019543	1
Cluster_1194	OG0017681	3
Cluster_1231	OG0000189	11,5,18,11,8,8,9,22,3,12,10,33,9
Cluster_1231	OG0000044	41,16,57,17,16,14,33,16,19,15,108,26
Cluster_1231	OG0000007	62,44,150,57,9,49,54,165,48,42,39,222,59
Cluster_1231	OG0000189	11,5,18,11,8,8,9,22,3,12,10,33,9
Cluster_1238	OG0000084	29,11,7,16,5,16,6,30,2,8,4,95,25
Cluster_1238	OG0008736	1,1,1,1,1,1,1,2,1,3,1,3,1
Cluster_1238	OG0000084	29,11,7,16,5,16,6,30,2,8,4,95,25
Cluster_1255	OG0002242	2,2,4,2,2,6,2,5,4,2,2,10,2
Cluster_1255	OG0000120	9,9,25,11,4,8,8,21,14,8,8,67,9
Cluster_1255	OG0000001	201,117,250,155,18,131,130,340,126,157,118,674,173
Cluster_1255	OG0000177	5,3,24,42,27,6,16,10,8,3,18,5
Cluster_0831	OG0009392	2,1,2,1,1,1,1,2,1,1,1,5,2
Cluster_0831	OG0012451	1,1,1,1,1,1,2,1,1,1,4,1
Cluster_0831	OG0002671	3,1,3,2,1,3,3,6,1,3,3,8,3
Cluster_0831	OG0027670	1
Cluster_0929	OG0000479	4,5,7,6,2,5,7,14,4,8,8,21,2
Cluster_0929	OG0001431	1,2,3,5,15,4,8,1,1,9,9
Cluster_0966	OG0006832	2,1,1,2,4,1,2,2,6,1
Cluster_0966	OG0000278	6,6,3,8,3,5,11,26,3,11,12,21,3
Cluster_0966	OG0005391	2,2,2,2,2,5,2,2,2,6
Cluster_1060	OG0010002	1,1,1,1,2,1,2,1,1,1,5,2
Cluster_1066	OG0008102	1,1,2,1,1,1,1,2,1,1,1,3,1
Cluster_1066	OG0004603	2,1,2,1,1,2,1,2,1,1,1,13,2
Cluster_1066	OG0003321	1,2,2,1,2,4,3,3
Cluster_1060	OG0022331	NA
Cluster_1087	OG0004708	2,1,4,2,1,1,1,1,1,15,3
Cluster_1087	OG0000665	6,3,6,1,5,3,5,3,5,3,33,8
Cluster_1087	OG0025197	NA
Cluster_1093	OG0008890	1,1,2,3,1,2,2,2,1,1,1,6
Cluster_1093	OG0012542	2,1,1,1,1,1,2,2,2,1,1,3
Cluster_1125	OG0018760	1
Cluster_1127	OG0021542	1
Cluster_1125	OG0018760	1
Cluster_1127	OG0021542	1
Cluster_1125	OG0018760	1
Cluster_1125	OG0018845	2,1
Cluster_1127	OG0000409	5,5,7,8,4,6,4,11,8,5,5,29,5
Cluster_1129	OG0025358	NA
Cluster_1129	OG0002144	2,2,7,2,2,4,2,4,2,2,2,12,2
Cluster_1135	OG0000074	2,4,6,16,32,80,3,7,11,15,2
Cluster_1135	OG0000004	1,9,58,1,18,105,52,1,97,5,163,15
Cluster_1137	OG0000194	20,8,9,10,12,7,11,8,10,8,33,14
Cluster_1137	OG0018281	1,2,1,1,1
Cluster_1141	OG0002751	4,1,1,4,2,18,1,9,3
Cluster_1141	OG0000465	5,2,8,5,1,4,6,12,4,5,10,30,4
Cluster_1154	OG0000401	4,5,10,3,2,8,9,13,3,8,7,25,4
Cluster_1154	OG0024938	NA
Cluster_1154	OG0000401	4,5,10,3,2,8,9,13,3,8,7,25,4
Cluster_1165	OG0000216	9,7,9,5,5,5,10,19,12,13,8,32,9
Cluster_1165	OG0025239	NA
Cluster_1165	OG0000216	9,7,9,5,5,5,10,19,12,13,8,32,9
Cluster_1165	OG0003839	2,2,2,2,1,5,2,4,3,2,2,7,1
Cluster_1173	OG0001158	4,3,5,3,3,3,3,6,4,3,3,14,3
Cluster_1173	OG0025026	NA
Cluster_1173	OG0001158	4,3,5,3,3,3,3,6,4,3,3,14,3
Cluster_1173	OG0019477	NA
Cluster_1179	OG0023107	2
Cluster_1179	OG0025494	NA
Cluster_1208	OG0019488	NA
Cluster_1208	OG0019947	1
Cluster_1208	OG0018828	1,1
Cluster_1211	OG0017318	1,4,1,1
Cluster_1211	OG0005717	1,2,4,1,4,3,2,3,7,2
Cluster_1227	OG0001694	6,3,6,2,3,5,2,4,3,2,13,3
Cluster_1227	OG0027672	1
Cluster_1227	OG0001694	6,3,6,2,3,5,2,4,3,2,13,3
Cluster_1242	OG0000694	6,3,7,5,4,8,4,7,4,5,3,14,5
Cluster_1242	OG0025397	NA
Cluster_1242	OG0000030	50,27,34,21,4,23,37,61,13,14,20,108,20
Cluster_1251	OG0017676	NA
Cluster_1251	OG0018790	NA
Cluster_1251	OG0014776	1
Cluster_1257	OG0014855	6,1,5,1
Cluster_1257	OG0004241	2,1,3,2,1,2,2,3,2,1,2,8,2
Cluster_0815	OG0000233	8,10,4,10,7,12,9,19,6,11,10,25,8
Cluster_0815	OG0015477	1,1,2,1,1,1,1,1,1,1
Cluster_0815	OG0026009	NA
Cluster_0815	OG0015477	1,1,2,1,1,1,1,1,1,1
Cluster_0839	OG0008374	19,1,1,1,2
Cluster_0839	OG0000005	109,49,79,53,4,69,66,147,24,86,71,369,93
Cluster_0841	OG0000538	8,5,5,12,3,7,8,16,4,2,15,4
Cluster_0841	OG0000426	4,2,8,29,16,3
Cluster_0841	OG0000538	8,5,5,12,3,7,8,16,4,2,15,4
Cluster_0843	OG0000002	175,110,251,140,15,88,91,346,74,97,80,869,131
Cluster_0843	OG0022063	1
Cluster_0852	OG0003712	2,6,3,2,1,5,1,4,2
Cluster_0847	OG0018506	1,1,1
Cluster_0847	OG0000004	1,9,58,1,18,105,52,1,97,5,163,15
Cluster_0847	OG0003712	2,6,3,2,1,5,1,4,2
Cluster_0850	OG0021234	3
Cluster_0850	OG0000202	1,4,1,23,18,1,12
Cluster_0852	OG0000315	8,5,8,4,2,5,8,16,7,7,8,27,7
Cluster_0852	OG0018506	1,1,1
Cluster_0852	OG0003712	2,6,3,2,1,5,1,4,2
Cluster_0852	OG0018506	1,1,1
Cluster_0869	OG0000556	3,2,1,11,5,6,8,18,1,10,15,4,3
Cluster_0869	OG0025845	NA
Cluster_0873	OG0008649	1,1,1,1,2,4,1,2,1,1,1,6,1
Cluster_0873	OG0001275	5,4,4,1,2,2,1,6,2,6,3,15,7
Cluster_0873	OG0027676	1
Cluster_0873	OG0023028	1
Cluster_0873	OG0006258	1,1,4,1,1,2,1,2,2,1,1,7,2
Cluster_0875	OG0016716	1,1,1,1,1,1,2,1
Cluster_0875	OG0011867	1,3,1,1,1,3,1,2,1,1,1,2,1
Cluster_0881	OG0000673	4,3,6,3,4,5,5,11,6,4,3,16,3
Cluster_0881	OG0023185	1
Cluster_0921	OG0014855	6,1,5,1
Cluster_0921	OG0004241	2,1,3,2,1,2,2,3,2,1,2,8,2
Cluster_0921	OG0019965	1,2,1
Cluster_0924	OG0019458	NA
Cluster_0924	OG0006064	2,6,1,1,2,2,4,1,7,3
Cluster_0924	OG0019458	NA
Cluster_0937	OG0025829	NA
Cluster_0937	OG0016704	1
Cluster_0967	OG0002985	1,3,3,2,1,3,3,6,1,4,3,6,1
Cluster_0967	OG0003602	4,2,5,1,1,1,1,3,1,1,1,16,1
Cluster_0967	OG0000463	4,6,6,5,3,5,9,12,4,9,8,19,3
Cluster_0973	OG0000557	11,7,2,1,2,1,8,12,1,6,6,17,5
Cluster_0973	OG0007818	1,1,4,1,1,1,1,2,1,1,8,2
Cluster_0988	OG0002923	2,2,3,2,2,3,2,4,4,2,3,6,2
Cluster_0988	OG0002648	4,1,3,1,2,4,5,1,3,5,10,1
Cluster_0991	OG0000739	3,3,20,4,3,4,4,6,5,4,3,12,3
Cluster_0991	OG0001325	5,4,4,2,3,2,4,2,2,2,22,1
Cluster_0991	OG0020774	1
Cluster_0991	OG0020963	1,2
Cluster_0992	OG0000099	19,13,34,13,6,5,9,17,5,12,12,63,14
Cluster_0992	OG0001064	3,1,5,5,3,7,10,6,4,8,11
Cluster_0992	OG0000099	19,13,34,13,6,5,9,17,5,12,12,63,14
Cluster_0992	OG0001064	3,1,5,5,3,7,10,6,4,8,11
Cluster_0992	OG0000099	19,13,34,13,6,5,9,17,5,12,12,63,14
Cluster_1005	OG0017107	1,3,1
Cluster_1005	OG0000110	16,14,11,15,4,16,7,26,12,18,7,64,11
Cluster_1005	OG0019847	1,1,1,1
Cluster_1005	OG0000299	3,7,6,8,6,10,4,14,10,9,13,18,6
Cluster_1009	OG0000007	62,44,150,57,9,49,54,165,48,42,39,222,59
Cluster_1009	OG0006289	2,1,2,1,2,4,1,2,3,8,2
Cluster_1009	OG0000007	62,44,150,57,9,49,54,165,48,42,39,222,59
Cluster_1014	OG0010135	1,1,2,1,1,1,1,2,1,1,1,5,1
Cluster_1014	OG0010134	1,1,2,1,1,1,1,2,1,1,1,5,1
Cluster_1014	OG0001745	2,2,3,2,2,5,2,4,5,2,2,13,2
Cluster_1016	OG0001043	6,4,6,2,3,3,3,7,4,3,4,14,3
Cluster_1016	OG0011460	1,1,2,1,1,1,2,2,2,1,1,2
Cluster_1016	OG0008989	1,3,6,3,6,2,1
Cluster_1017	OG0019190	1,1,1,1
Cluster_1017	OG0000103	13,14,30,9,6,14,16,27,4,19,14,38,12
Cluster_1020	OG0002677	3,1,1,2,1,2,2,6,2,2,2,15,3
Cluster_1020	OG0000110	16,14,11,15,4,16,7,26,12,18,7,64,11
Cluster_1024	OG0006038	1,2,1,2,1,2,1,1,1,3
Cluster_1024	OG0005720	2,1,2,2,2,1,4,2,2,6,1
Cluster_1024	OG0006038	1,2,1,2,1,2,1,1,1,3
Cluster_1024	OG0000684	3,3,7,5,2,6,4,9,4,5,3,21,3
Cluster_1028	OG0003829	2,2,5,2,2,1,2,2,2,2,2,11,2
Cluster_1028	OG0003828	2,2,2,3,2,2,4,1,2,2,8,3
Cluster_1030	OG0002311	2,2,1,3,2,3,3,11,2,3,2,4,1
Cluster_1030	OG0025168	NA
Cluster_1033	OG0017871	1
Cluster_1033	OG0005782	1,1,2,1,5,1,1,5,3,1,1,2,1
Cluster_1033	OG0027679	1
Cluster_1036	OG0009143	1,1,1,1,1,2,1,2,2,1,1,5,1
Cluster_1036	OG0017299	1,1,3,1,1
Cluster_1039	OG0000089	22,12,12,4,9,18,29,2,15,11,87,25
Cluster_1039	OG0002465	5,4,2,4,2,2,17,5
Cluster_1047	OG0016704	1
Cluster_1047	OG0000742	1,2,3,13,1,10,4
Cluster_1048	OG0008710	1,1,1,1,1,1,1,2,4,1,1,5,1
Cluster_1048	OG0003148	1,2,1,2,2,3,3,4,4,2,2,9,2
Cluster_1048	OG0000356	5,5,11,6,4,10,6,12,11,6,7,25,4
Cluster_1053	OG0009526	1,1,4,2,1,2,1,2,2,1,1,3,1
Cluster_1053	OG0009729	3,1,1,1,1,1,1,2,1,1,1,5,2
Cluster_1053	OG0001489	3,3,4,2,3,5,2,4,3,3,6,12,2
Cluster_1056	OG0000001	201,117,250,155,18,131,130,340,126,157,118,674,173
Cluster_1056	OG0019951	3,1
Cluster_1056	OG0000030	50,27,34,21,4,23,37,61,13,14,20,108,20
Cluster_1068	OG0016686	1,1,1,4
Cluster_1068	OG0001014	7,1,6,1,2,1,2,3,3,10,22,9
Cluster_1079	OG0000002	175,110,251,140,15,88,91,346,74,97,80,869,131
Cluster_1079	OG0022818	1,1
Cluster_1079	OG0000002	175,110,251,140,15,88,91,346,74,97,80,869,131
Cluster_1081	OG0018682	1
Cluster_1081	OG0022138	NA
Cluster_1084	OG0000035	47,11,30,29,10,20,14,45,8,16,21,150,24
Cluster_1084	OG0023140	1
Cluster_1084	OG0000035	47,11,30,29,10,20,14,45,8,16,21,150,24
Cluster_1084	OG0022365	NA
Cluster_1095	OG0001895	3,3,3,3,3,2,2,7,2,2,2,15,2
Cluster_1095	OG0002452	1,2,6,5,1,2,2,3,2,1,1,12,2
Cluster_1095	OG0017280	NA
Cluster_1095	OG0002452	1,2,6,5,1,2,2,3,2,1,1,12,2
Cluster_1095	OG0017280	NA
Cluster_1095	OG0002452	1,2,6,5,1,2,2,3,2,1,1,12,2
Cluster_1095	OG0017280	NA
Cluster_1095	OG0002452	1,2,6,5,1,2,2,3,2,1,1,12,2
Cluster_1097	OG0015679	1,3,3
Cluster_1097	OG0000029	23,20,30,26,8,27,23,45,25,20,23,123,28
Cluster_1099	OG0023197	1,1
Cluster_1099	OG0003011	2,2,4,1,2,1,1,2,1,6,5,9,1
Cluster_1099	OG0001584	3,3,4,5,2,2,11,2,5,3,7,3
Cluster_1101	OG0000001	201,117,250,155,18,131,130,340,126,157,118,674,173
Cluster_1101	OG0000570	6,4,7,4,6,16,1,6,2,26,3
Cluster_1101	OG0000001	201,117,250,155,18,131,130,340,126,157,118,674,173
Cluster_1101	OG0000570	6,4,7,4,6,16,1,6,2,26,3
Cluster_1106	OG0000011	50,26,63,35,17,38,43,94,24,35,21,155,55
Cluster_1106	OG0000019	35,41,31,33,29,33,87,27,34,35,100,33
Cluster_1607	OG0000732	4,4,3,3,2,4,4,8,5,4,4,22,5
Cluster_1607	OG0000429	4,4,7,5,3,5,7,10,5,7,8,22,7
Cluster_1611	OG0007020	1,2,3,1,1,2,1,1,11,3
Cluster_1611	OG0015420	2,1,1,3,1,1,4
Cluster_1611	OG0004453	2,2,1,5,4,2,1,4,2,2,3,3
Cluster_1611	OG0012947	2,1,1,1,1,1,1,1,1,1,6
Cluster_1675	OG0025215	NA
Cluster_1675	OG0025622	NA
Cluster_1675	OG0000004	1,9,58,1,18,105,52,1,97,5,163,15
Cluster_1268	OG0004960	1,1,2,4,1,2,1,3,2,1,1,9,1
Cluster_1268	OG0000036	25,16,74,40,10,12,21,39,24,21,27,72,23
Cluster_1268	OG0017289	2
Cluster_1272	OG0001393	6,3,5,3,1,5,2,4,3,1,3,17,7
Cluster_1272	OG0000747	3,5,7,3,1,3,5,8,4,2,3,23,4
Cluster_1272	OG0019914	3,1
Cluster_1272	OG0000747	3,5,7,3,1,3,5,8,4,2,3,23,4
Cluster_1373	OG0006837	2,6,1,1,1,1,2,2,1,1,6,1
Cluster_1373	OG0020531	1
Cluster_1373	OG0005808	1,2,10,1,1,1,1,2,3,2,1,3,1
Cluster_1379	OG0000001	201,117,250,155,18,131,130,340,126,157,118,674,173
Cluster_1379	OG0013503	3,1,1,5,1,1
Cluster_1451	OG0000370	16,2,5,4,11,6,2,20,8,4,1,8,14
Cluster_1451	OG0002851	4,4,1,1,1,3,3,1,2,2,13,6
Cluster_1473	OG0000014	41,16,79,45,12,42,29,75,19,27,27,177,37
Cluster_1473	OG0019805	1,1,1,1
Cluster_1473	OG0015170	1,2,1,1,1,2,1,2,1,2
Cluster_1473	OG0000014	41,16,79,45,12,42,29,75,19,27,27,177,37
Cluster_1473	OG0000365	5,4,11,11,5,7,6,11,6,5,4,25,7
Cluster_1473	OG0010277	1,1,1,1,1,4,1,2,7,2
Cluster_1473	OG0000365	5,4,11,11,5,7,6,11,6,5,4,25,7
Cluster_1489	OG0025058	NA
Cluster_1489	OG0001139	5,3,4,2,2,3,4,11,2,4,4,16,3
Cluster_1489	OG0015163	1,1,2,1,1,1,1,1,4,1
Cluster_1489	OG0015728	3,1,1,1,1,2,1,1,1
Cluster_1585	OG0006402	1,3,2,1,1,2,4,2,2,6
Cluster_1585	OG0000819	7,1,6,2,2,5,12,2,4,3,24,3
Cluster_1585	OG0007407	1,1,3,2,1,1,1,2,1,1,1,9,1
Cluster_1585	OG0005977	1,1,1,3,2,2,4,3,3,2,4,1
Cluster_1600	OG0000190	11,8,12,8,8,11,11,20,10,10,10,22,11
Cluster_1600	OG0015068	1,1,1,1,1,1,1,3,1,1,2
Cluster_1600	OG0000190	11,8,12,8,8,11,11,20,10,10,10,22,11
Cluster_1601	OG0007010	2,1,3,1,2,1,1,2,1,1,2,3,1
Cluster_1601	OG0022288	NA
Cluster_1610	OG0025062	NA
Cluster_1610	OG0016704	1
Cluster_1613	OG0011940	1,1,1,1,1,1,2,2,2,2,2
Cluster_1613	OG0016619	NA
Cluster_1616	OG0002017	1,2,5,1,2,2,2,6,2,2,2,9,2
Cluster_1616	OG0000004	1,9,58,1,18,105,52,1,97,5,163,15
Cluster_1622	OG0007461	1,3,1,1,1,2,4,1,3,1,5,1
Cluster_1622	OG0022382	1
Cluster_1622	OG0022374	1
Cluster_1634	OG0006739	1,2,1,1,1,2,4,1,2,2,6,2
Cluster_1634	OG0015998	1,1,1,1,1,1,4,1
Cluster_1634	OG0001793	1,2,2,3,9,4,7,3,4,3,7,2
Cluster_1643	OG0013507	2,1,1,1,1,1,1,1,6
Cluster_1643	OG0012007	2,1,8,6,1,1,1
Cluster_1643	OG0000936	3,3,2,5,3,6,6,8,1,3,6,12,4
Cluster_1647	OG0006139	2,1,1,1,1,2,4,2,2,2,7,1
Cluster_1647	OG0000643	3,5,1,7,3,5,5,11,10,6,5,12,4
Cluster_1648	OG0025825	NA
Cluster_1647	OG0009614	1,3,1,1,3,1,4,1,2,3
Cluster_1648	OG0010915	1,1,2,2,1,2,1,1,1,7,1
Cluster_1648	OG0000142	7,7,14,8,2,7,9,18,9,10,10,68,6
Cluster_1654	OG0000004	1,9,58,1,18,105,52,1,97,5,163,15
Cluster_1654	OG0025418	NA
Cluster_1657	OG0003257	2,2,3,3,1,2,2,3,3,2,2,9,2
Cluster_1657	OG0007139	1,1,1,1,2,3,1,2,1,1,2,5,1
Cluster_1657	OG0010337	1,1,1,1,1,1,2,2,1,1,6,1
Cluster_1677	OG0001654	4,3,1,1,3,1,3,6,2,3,22,2
Cluster_1677	OG0001403	2,2,1,1,2,3,2,5,4,2,2,25,2
Cluster_1680	OG0019461	1
Cluster_1680	OG0014689	3,2,2,2,3
Cluster_1680	OG0019461	1
Cluster_1685	OG0009560	1,1,1,1,1,1,1,3,1,1,1,7,2
Cluster_1685	OG0025924	NA
Cluster_1693	OG0027581	1
Cluster_1693	OG0009834	1,1,2,1,1,1,1,3,1,2,1,5
Cluster_1263	OG0006569	1,1,3,1,1,2,1,2,2,1,1,10
Cluster_1263	OG0023164	2
Cluster_1275	OG0000402	2,5,4,6,68,2,15,2
Cluster_1275	OG0005296	1,1,10,1,2,1,1,3,1,1,8,1
Cluster_1279	OG0003215	2,2,5,2,2,2,2,5,4,2,2,6,2
Cluster_1279	OG0000779	2,3,8,4,4,6,4,8,6,4,4,13,4
Cluster_1280	OG0022131	NA
Cluster_1280	OG0018948	2,1
Cluster_1290	OG0002615	1,1,7,1,2,1,8,2,1,1,9,2
Cluster_1290	OG0004898	1,1,14,1,2,1,1,2,1,1,4,1
Cluster_1301	OG0000472	9,3,8,1,7,3,3,26,5,3,29,6
Cluster_1301	OG0000002	175,110,251,140,15,88,91,346,74,97,80,869,131
Cluster_1309	OG0017862	1,4
Cluster_1309	OG0027583	1
Cluster_1319	OG0010195	1,1,2,1,1,1,3,2,1,1,4,1
Cluster_1319	OG0000059	20,15,31,23,1,16,16,39,12,18,17,76,12
Cluster_1320	OG0017330	1,1,2,1,1,1
Cluster_1320	OG0000019	35,41,31,33,29,33,87,27,34,35,100,33
Cluster_1320	OG0006252	1,1,1,1,1,2,1,3,2,1,1,2
Cluster_1323	OG0004034	1,1,3,1,1,1,1,2,2,1,1,4,1
Cluster_1323	OG0018708	1
Cluster_1325	OG0000003	112,56,130,91,24,81,68,195,50,71,61,368,76
Cluster_1325	OG0019575	3
Cluster_1325	OG0012011	6,2,4,2,2,1,2,1
Cluster_1334	OG0000601	13,4,4,2,2,2,6,6,4,4,31,3
Cluster_1334	OG0004480	2,2,2,1,1,3,4,1,3,3,7,1
Cluster_1341	OG0003824	1,2,3,2,3,1,2,4,3,2,4,6,2
Cluster_1341	OG0012643	1,1,1,1,1,1,1,1,1,1,1,4,1
Cluster_1344	OG0005845	2,2,2,2,1,2,1,3,2,2,2,5,1
Cluster_1344	OG0003781	2,2,4,4,1,3,2,4,2,2,3,5,1
Cluster_1344	OG0027586	1
Cluster_1346	OG0000357	9,4,5,1,1,4,9,15,3,9,9,31,10
Cluster_1346	OG0017279	2,2,2,1
Cluster_1346	OG0000357	9,4,5,1,1,4,9,15,3,9,9,31,10
Cluster_1346	OG0025703	NA
Cluster_1346	OG0000357	9,4,5,1,1,4,9,15,3,9,9,31,10
Cluster_1352	OG0010697	2,2,2,1,1,1,3,1,2,1,3,1
Cluster_1352	OG0000319	14,7,6,4,3,9,4,8,5,7,6,38,10
Cluster_1352	OG0001166	3,6,4,1,2,1,4,8,1,4,3,18,4
Cluster_1352	OG0014718	1,1,1,2,1,2,1,1,2,3
Cluster_1357	OG0001194	6,3,4,4,1,4,3,4,3,3,3,20,3
Cluster_1357	OG0001569	2,2,1,3,1,3,4,13,3,6,4,9,2
Cluster_1366	OG0009737	3,1,1,3,5,1,6,1
Cluster_1366	OG0000030	50,27,34,21,4,23,37,61,13,14,20,108,20
Cluster_1381	OG0002111	2,2,6,1,4,5,2,4,2,2,2,13,2
Cluster_1381	OG0008828	1,1,2,1,1,1,2,5,1,2,1,4,1
Cluster_1387	OG0024995	NA
Cluster_1387	OG0003486	1,1,2,6,1,3,3,1,2,4,3
Cluster_1404	OG0001851	6,3,2,5,2,3,6,1,3,6,8,4
Cluster_1404	OG0002526	6,2,1,1,1,1,4,6,1,3,4,5,7
Cluster_1423	OG0000643	3,5,1,7,3,5,5,11,10,6,5,12,4
Cluster_1423	OG0007131	2,1,1,2,1,2,3,1,2,2,7,1
Cluster_1425	OG0011241	1,1,3,1,1,1,1,2,2,1,1,3,1
Cluster_1425	OG0011023	1,1,1,1,1,2,1,2,1,1,1,3,1
Cluster_1425	OG0008432	1,1,5,1,1,1,3,1,1,1,6,1
Cluster_1428	OG0000004	1,9,58,1,18,105,52,1,97,5,163,15
Cluster_1427	OG0004548	1,1,1,1,1,2,3,2,1,4,1
Cluster_1427	OG0004388	1,1,2,1,1,2,1,2,1,1,1,6,1
Cluster_1428	OG0019090	4,1
Cluster_1428	OG0000004	1,9,58,1,18,105,52,1,97,5,163,15
Cluster_1428	OG0000074	2,4,6,16,32,80,3,7,11,15,2
Cluster_1435	OG0000374	6,3,19,12,4,9,3,6,4,3,3,34,5
Cluster_1435	OG0000270	6,6,31,10,6,7,6,11,7,6,6,25,3
Cluster_1440	OG0002450	2,2,5,3,2,2,2,4,3,2,2,11,2
Cluster_1440	OG0002701	2,2,1,1,1,3,3,6,3,3,3,8,2
Cluster_1440	OG0012630	1,1,1,1,1,1,2,2,2,3,1
Cluster_1447	OG0003289	3,2,2,3,1,2,2,4,3,2,2,8,2
Cluster_1447	OG0015763	1,1,1,1,1,2,1,1,1,3
Cluster_1447	OG0003289	3,2,2,3,1,2,2,4,3,2,2,8,2
Cluster_1453	OG0019637	1,1,1
Cluster_1453	OG0001546	3,2,11,3,1,3,2,4,5,2,2,10,4
Cluster_1466	OG0006370	1,2,1,1,1,1,6,1,1,1,3,1
Cluster_1466	OG0018297	1,1,1
Cluster_1467	OG0000107	8,10,20,15,7,20,12,26,16,13,12,31,8
Cluster_1467	OG0027445	1
Cluster_1467	OG0018771	1,1,2
Cluster_1490	OG0017066	5,1,2,1
Cluster_1490	OG0000745	2,2,26,14,2,1,2,7,2,2,2,7,3
Cluster_1490	OG0022762	1,1
Cluster_1495	OG0000201	9,7,13,8,7,8,8,15,9,8,8,35,10
Cluster_1495	OG0025821	NA
Cluster_1495	OG0000201	9,7,13,8,7,8,8,15,9,8,8,35,10
Cluster_1495	OG0020475	1
Cluster_1503	OG0000014	41,16,79,45,12,42,29,75,19,27,27,177,37
Cluster_1503	OG0004084	1,1,3,1,1,3,10,4,2,2,6,2
Cluster_1503	OG0000365	5,4,11,11,5,7,6,11,6,5,4,25,7
Cluster_1508	OG0006038	1,2,1,2,1,2,1,1,1,3
Cluster_1508	OG0025831	NA
Cluster_1519	OG0014952	1,1,1,1,1,2,1,1,4,1
Cluster_1519	OG0012636	1,1,2,1,2,1,2,1,1,1,4,1
Cluster_1519	OG0004729	2,2,1,4,1,2,2,3,3,2,2,6,1
Cluster_1521	OG0014334	1,1,1,1,1,2,2,1,1,3,1
Cluster_1521	OG0001776	3,2,7,3,1,4,3,5,3,3,4,10,1
Cluster_1521	OG0000966	9,3,7,1,1,2,2,4,2,4,5,16,7
Cluster_1529	OG0000072	19,14,18,17,6,12,14,30,9,15,18,76,16
Cluster_1529	OG0027169	1
Cluster_1529	OG0000072	19,14,18,17,6,12,14,30,9,15,18,76,16
Cluster_1538	OG0000224	9,6,14,6,6,7,9,19,6,10,8,35,5
Cluster_1538	OG0000004	1,9,58,1,18,105,52,1,97,5,163,15
Cluster_1549	OG0016319	1,1,1,1,1,1,2,1,1
Cluster_1549	OG0013584	1,3,1,1,1,1,2,1,1,4,1
Cluster_1549	OG0013485	1,2,1,1,1,1,2,1,1,3,1
Cluster_1549	OG0009928	1,1,8,1,1,1,2,1,1,1,3
Cluster_1577	OG0000199	15,8,8,6,7,5,8,18,8,10,12,31,16
Cluster_1577	OG0014295	7,1,4,4
Cluster_1580	OG0000046	53,15,26,13,16,12,34,11,24,17,117,29
Cluster_1580	OG0006666	1,1,1,2,1,2,1,3,3,1,1,5,1
Cluster_1580	OG0008481	3,1,1,2,3,6,4,3
Cluster_1580	OG0000046	53,15,26,13,16,12,34,11,24,17,117,29
Cluster_2058	OG0020715	1,1
Cluster_2058	OG0000254	9,24,3,3,1,3,7,14,5,4,14,37,9
Cluster_1757	OG0006952	1,1,2,1,1,3,3,2,2,1,5,2
Cluster_1757	OG0000005	109,49,79,53,4,69,66,147,24,86,71,369,93
Cluster_1931	OG0000260	7,14,8,2,4,4,17,15,1,28,3,23,6
Cluster_1931	OG0012833	1,1,2,1,1,1
Cluster_1978	OG0003807	3,1,2,2,1,5,3,1,14,3
Cluster_1978	OG0003459	1,1,1,1,2,1,3,5,1,4,5,10,2
Cluster_2013	OG0014566	1,1,1,1,1,1,3,1,1,3,1
Cluster_2013	OG0008616	1,1,1,1,1,1,1,6,2,2,2,3,1
Cluster_2013	OG0018243	1,2,2,1
Cluster_2013	OG0000001	201,117,250,155,18,131,130,340,126,157,118,674,173
Cluster_2013	OG0013503	3,1,1,5,1,1
Cluster_2019	OG0000005	109,49,79,53,4,69,66,147,24,86,71,369,93
Cluster_2019	OG0000864	11,2,2,2,3,11,2,5,4,21,6
Cluster_2021	OG0000927	3,2,1,3,4,8,13,1,10,3,12,5
Cluster_2021	OG0019071	3,2
Cluster_2021	OG0000927	3,2,1,3,4,8,13,1,10,3,12,5
Cluster_2019	OG0000864	11,2,2,2,3,11,2,5,4,21,6
Cluster_1699	OG0000001	201,117,250,155,18,131,130,340,126,157,118,674,173
Cluster_1699	OG0013503	3,1,1,5,1,1
Cluster_1699	OG0000001	201,117,250,155,18,131,130,340,126,157,118,674,173
Cluster_1701	OG0000461	3,5,1,14,2,6,14,18,14,3,2,1
Cluster_1701	OG0025972	NA
Cluster_1701	OG0000461	3,5,1,14,2,6,14,18,14,3,2,1
Cluster_1728	OG0010974	1,1,2,2,1,1,1,2,2,1,1,3,1
Cluster_1728	OG0005674	1,1,5,3,1,2,1,3,1,1,1,9,1
Cluster_1752	OG0020729	1,1
Cluster_1752	OG0001847	2,2,6,5,4,2,2,5,2,2,2,13,2
Cluster_1830	OG0016938	1,2,1
Cluster_1830	OG0023177	2
Cluster_1927	OG0000001	201,117,250,155,18,131,130,340,126,157,118,674,173
Cluster_1927	OG0001300	7,3,6,2,2,2,7,3,19,5
Cluster_1927	OG0000001	201,117,250,155,18,131,130,340,126,157,118,674,173
Cluster_1984	OG0000051	45,15,11,20,6,25,12,24,6,34,5,127,23
Cluster_1984	OG0000001	201,117,250,155,18,131,130,340,126,157,118,674,173
Cluster_1984	OG0007734	1,1,5,2,1,2,1,2,1,1,3,1
Cluster_1991	OG0010287	1,1,1,1,1,1,3,2,1,1,5,1
Cluster_1991	OG0011833	1,1,2,1,1,1,2,2,1,1,3,1
Cluster_1992	OG0001159	2,3,4,3,3,3,3,7,6,3,3,12,2
Cluster_1992	OG0012708	2,1,2,1,4,1,1,2,2,2
Cluster_1992	OG0000694	6,3,7,5,4,8,4,7,4,5,3,14,5
Cluster_1992	OG0010111	1,1,1,1,1,1,1,3,1,1,1,4,2
Cluster_2002	OG0000004	1,9,58,1,18,105,52,1,97,5,163,15
Cluster_2002	OG0025201	NA
Cluster_2004	OG0002247	4,2,2,2,2,2,2,5,5,2,2,7,3
Cluster_2004	OG0019305	1
Cluster_2022	OG0021220	1,1,1
Cluster_2022	OG0002244	2,2,5,5,2,3,2,6,1,2,2,9,3
Cluster_2026	OG0000049	14,20,6,49,45,5,129,21
Cluster_2026	OG0000001	201,117,250,155,18,131,130,340,126,157,118,674,173
Cluster_2026	OG0016677	1,1,2,3,1
Cluster_2033	OG0000001	201,117,250,155,18,131,130,340,126,157,118,674,173
Cluster_2029	OG0003793	1,2,2,3,4,5,1,3,3,2,1,3,1
Cluster_2029	OG0027097	1
Cluster_2029	OG0003793	1,2,2,3,4,5,1,3,3,2,1,3,1
Cluster_2033	OG0008540	1,1,3,1,1,1,1,3,2,1,1,6,1
Cluster_2033	OG0015745	1,1,1,1,1,1,1,1,3,1
Cluster_2059	OG0000221	6,6,9,10,5,9,7,24,8,17,11,25,2
Cluster_2059	OG0018345	1,1
Cluster_2059	OG0000463	4,6,6,5,3,5,9,12,4,9,8,19,3
Cluster_1698	OG0003960	2,1,5,1,1,1,2,2,1,2,14,2
Cluster_1698	OG0005069	1,1,4,2,3,2,4,3,2,2,3,1
Cluster_1698	OG0014461	1,1,1,1,1,2,1,1,1,4
Cluster_1710	OG0017995	1,1,2
Cluster_1710	OG0020700	NA
Cluster_1713	OG0010261	1,5,2,1,1,1,1,2,3
Cluster_1713	OG0003416	4,6,2,3,5,2,1,2,2,6
Cluster_1713	OG0010261	1,5,2,1,1,1,1,2,3
Cluster_1729	OG0020568	NA
Cluster_1729	OG0003372	2,2,2,2,1,2,2,4,3,2,2,11,1
Cluster_1740	OG0000570	6,4,7,4,6,16,1,6,2,26,3
Cluster_1740	OG0000001	201,117,250,155,18,131,130,340,126,157,118,674,173
Cluster_1740	OG0000570	6,4,7,4,6,16,1,6,2,26,3
Cluster_1740	OG0000001	201,117,250,155,18,131,130,340,126,157,118,674,173
Cluster_1740	OG0000202	1,4,1,23,18,1,12
Cluster_1740	OG0000570	6,4,7,4,6,16,1,6,2,26,3
Cluster_1740	OG0000001	201,117,250,155,18,131,130,340,126,157,118,674,173
Cluster_1740	OG0015868	1,7,2
Cluster_1740	OG0000001	201,117,250,155,18,131,130,340,126,157,118,674,173
Cluster_1749	OG0019210	2,2
Cluster_1749	OG0009969	1,1,2,2,2,1,2,1,1,2,3,1
Cluster_1749	OG0006314	1,2,1,1,1,1,2,4,1,2,2,4,1
Cluster_1760	OG0000266	10,5,4,10,5,12,8,18,7,9,7,30,8
Cluster_1760	OG0015368	1,1,1,1,2,2,1,1,3
Cluster_1760	OG0014855	6,1,5,1
Cluster_1769	OG0000004	1,9,58,1,18,105,52,1,97,5,163,15
Cluster_1769	OG0005908	1,1,8,1,2,1,1,2,1,2,1,7,1
Cluster_1769	OG0000004	1,9,58,1,18,105,52,1,97,5,163,15
Cluster_1776	OG0018572	1,1,1
Cluster_1776	OG0011432	1,1,1,1,1,1,1,2,1,1,1,4,1
Cluster_1785	OG0010320	1,2,1,1,1,1,3,1,1,1,4
Cluster_1785	OG0001233	6,2,3,1,1,1,5,9,2,3,5,16,5
Cluster_1795	OG0002337	3,2,3,2,4,2,4,3,3,3,10,2
Cluster_1795	OG0009125	1,1,1,1,1,2,1,3,1,1,1,6,1
Cluster_1802	OG0023180	2
Cluster_1802	OG0002413	1,1,2,5,2,1,2,5,2,2,2,14,1
Cluster_1813	OG0000715	10,2,16,3,2,4,1,3,4,4,2,20,7
Cluster_1813	OG0005728	2,3,1,1,3,3,3,6,1,3,1
Cluster_1824	OG0003537	7,1,4,1,2,1,1,2,1,1,1,11,5
Cluster_1824	OG0005212	2,2,3,1,2,2,3,1,2,2,7,2
Cluster_1834	OG0008977	2,1,1,2,3,2,8,2
Cluster_1834	OG0006708	1,1,2,2,2,2,3,3,2,2,2,5
Cluster_1834	OG0007332	1,1,3,2,3,5,5,2,3,1
Cluster_1836	OG0002699	1,2,2,2,2,4,9,1,4,5,5,1
Cluster_1836	OG0002051	1,2,3,4,2,2,4,7,2,5,3,6,2
Cluster_1838	OG0009597	1,2,1,2,4,2,2,2
Cluster_1838	OG0025671	NA
Cluster_1844	OG0002360	2,2,6,2,2,1,2,6,1,2,4,8,2
Cluster_1844	OG0004804	2,1,2,2,10,4,5,3,3,1
Cluster_1844	OG0000138	9,9,14,7,4,9,13,33,8,15,10,45,6
Cluster_1846	OG0020735	NA
Cluster_1846	OG0016671	1,1,1
Cluster_1861	OG0000096	24,4,165,1,5,36,1
Cluster_1861	OG0013444	1,1,1,1,1,1,3,1,1,3,1
Cluster_1867	OG0003404	1,2,4,2,2,2,2,4,2,2,1,9,2
Cluster_1867	OG0001541	2,2,4,2,2,4,2,4,3,2,2,22,2
Cluster_1869	OG0002057	2,3,4,3,2,5,2,5,5,3,2,5,2
Cluster_1869	OG0011313	1,1,6,1,1,1,1,1,1,1,3,1
Cluster_1876	OG0022186	NA
Cluster_1876	OG0019954	1,2,1
Cluster_1876	OG0016686	1,1,1,4
Cluster_1879	OG0000164	22,8,22,7,2,7,9,29,3,6,10,41,14
Cluster_1879	OG0022041	NA
Cluster_1879	OG0000164	22,8,22,7,2,7,9,29,3,6,10,41,14
Cluster_1879	OG0006929	5,1,4,10,1,5,1
Cluster_1879	OG0016199	1,8,1,1
Cluster_1893	OG0009017	1,1,5,1,1,3,1,2,1,1,1,1,1
Cluster_1893	OG0019409	1,3
Cluster_1898	OG0016138	1,1,1,1,1,2,2,1,1
Cluster_1898	OG0022213	NA
Cluster_1898	OG0014299	1,1,1,1,1,1,1,2,1,1,1,3
Cluster_1898	OG0000720	11,4,8,1,2,7,3,2,4,3,22,13
Cluster_1903	OG0000394	13,6,8,4,3,5,4,9,5,4,8,33,9
Cluster_1903	OG0025308	NA
Cluster_1913	OG0001482	2,2,1,15,2,2,2,7,5,2,2,9,2
Cluster_1913	OG0020630	1,1
Cluster_1926	OG0010206	1,1,2,1,1,1,3,1,1,1,5,1
Cluster_1926	OG0007758	1,1,2,2,1,2,4,1,1,2,3,1
Cluster_1926	OG0000923	1,6,1,3,2,4,6,14,2,8,7,10,1
Cluster_1946	OG0001205	3,2,3,4,3,7,3,5,6,3,4,11,3
Cluster_1946	OG0016890	1,3,2,1
Cluster_1950	OG0000023	3,29,3,3,6,12,26,86,19,29,29,225,23
Cluster_1950	OG0013968	1,1,2,2,6,5
Cluster_1952	OG0000039	40,17,74,18,2,28,17,32,10,33,17,95,27
Cluster_1952	OG0010297	1,6,1,1,1,1,2,1,1,1,4,1
Cluster_1952	OG0027060	1
Cluster_1952	OG0017651	NA
Cluster_1952	OG0001856	2,2,5,3,2,2,2,6,4,1,2,12,2
Cluster_2306	OG0001788	1,2,5,4,1,4,2,4,2,2,8,12,2
Cluster_2354	OG0027682	1
Cluster_2354	OG0027683	1
Cluster_2306	OG0003049	1,1,5,1,1,1,1,3,2,1,1,10,1
Cluster_2306	OG0000156	10,15,8,1,1,3,32,18,2,6,28,9
Cluster_2379	OG0000001	201,117,250,155,18,131,130,340,126,157,118,674,173
Cluster_2379	OG0000570	6,4,7,4,6,16,1,6,2,26,3
Cluster_2419	OG0004101	1,2,3,2,2,1,4,4,2,2,9,2
Cluster_2419	OG0021215	NA
Cluster_2423	OG0014230	1,2,1,1,1,1,2,1,1,3,1
Cluster_2423	OG0002546	2,2,3,3,1,1,2,4,3,2,2,13,2
Cluster_2431	OG0015679	1,3,3
Cluster_2431	OG0000029	23,20,30,26,8,27,23,45,25,20,23,123,28
Cluster_2431	OG0019966	4
Cluster_2431	OG0000152	8,7,34,13,7,12,8,22,11,8,8,26,7
Cluster_2071	OG0011973	1,3,1,1,2,1,2,1,1,2,3,1
Cluster_2071	OG0001399	4,3,1,2,2,1,4,10,1,5,5,10,1
Cluster_2094	OG0012914	1,1,1,1,1,1,1,1,2,1,1,2,1
Cluster_2094	OG0009614	1,3,1,1,3,1,4,1,2,3
Cluster_2094	OG0026040	NA
Cluster_2094	OG0022352	1
Cluster_2097	OG0006889	2,2,1,2,1,1,1,2,2,1,2,7,1
Cluster_2097	OG0014293	1,14,2
Cluster_2196	OG0002190	3,3,3,2,3,2,1,4,3,2,3,10,3
Cluster_2196	OG0000049	14,20,6,49,45,5,129,21
Cluster_2209	OG0000322	22,5,9,3,2,5,6,7,3,6,9,30,13
Cluster_2209	OG0000005	109,49,79,53,4,69,66,147,24,86,71,369,93
Cluster_2212	OG0003598	2,2,4,2,2,3,8,1,1,3,6,1
Cluster_2212	OG0017329	1,1,1,1,1,1,1
Cluster_2246	OG0004824	2,2,4,1,2,1,2,3,3,2,2,3,1
Cluster_2246	OG0000322	22,5,9,3,2,5,6,7,3,6,9,30,13
Cluster_2246	OG0000335	13,2,7,11,2,12,4,14,4,8,5,26,9
Cluster_2283	OG0004342	4,2,3,3,1,2,1,2,3,1,1,7,2
Cluster_2283	OG0016646	2,1,1
Cluster_2283	OG0000596	5,5,5,5,2,6,5,8,9,5,5,14,1
Cluster_2310	OG0000004	1,9,58,1,18,105,52,1,97,5,163,15
Cluster_2310	OG0006304	1,1,3,2,1,2,1,2,3,1,1,8,2
Cluster_2310	OG0000004	1,9,58,1,18,105,52,1,97,5,163,15
Cluster_2311	OG0021156	1,1,1
Cluster_2311	OG0001845	2,2,5,2,2,1,6,2,2,2,20,2
Cluster_2318	OG0000001	201,117,250,155,18,131,130,340,126,157,118,674,173
Cluster_2317	OG0000004	1,9,58,1,18,105,52,1,97,5,163,15
Cluster_2317	OG0025484	NA
Cluster_2318	OG0012030	5,1,1,2,1,1,2,1,3,1
Cluster_2318	OG0000001	201,117,250,155,18,131,130,340,126,157,118,674,173
Cluster_2326	OG0000005	109,49,79,53,4,69,66,147,24,86,71,369,93
Cluster_2326	OG0005736	19,4,1,7
Cluster_2336	OG0025138	NA
Cluster_2336	OG0003265	2,1,1,2,2,2,2,4,1,2,4,8,2
Cluster_2337	OG0000152	8,7,34,13,7,12,8,22,11,8,8,26,7
Cluster_2337	OG0026564	1
Cluster_2337	OG0000152	8,7,34,13,7,12,8,22,11,8,8,26,7
Cluster_2349	OG0003211	2,2,5,2,2,3,2,4,1,2,2,9,2
Cluster_2349	OG0005313	1,2,2,3,2,2,2,4,2,2,1,5,1
Cluster_2358	OG0015018	1,3,6,3,1,1
Cluster_2358	OG0006539	2,1,2,1,1,1,1,3,2,1,1,7,2
Cluster_2358	OG0000060	19,21,49,39,4,19,7,13,10,7,6,107,18
Cluster_2363	OG0022993	1
Cluster_2363	OG0002223	2,2,5,2,1,3,2,4,4,2,2,11,2
Cluster_2363	OG0007543	4,2,2,1,12,4
Cluster_2363	OG0000074	2,4,6,16,32,80,3,7,11,15,2
Cluster_2363	OG0000004	1,9,58,1,18,105,52,1,97,5,163,15
Cluster_2368	OG0018994	3,1,1
Cluster_2368	OG0000039	40,17,74,18,2,28,17,32,10,33,17,95,27
Cluster_2373	OG0004278	2,2,1,2,3,3,6,3,3,3,3
Cluster_2373	OG0002475	2,2,8,2,1,2,2,6,2,2,3,8,3
Cluster_2374	OG0012885	1,1,1,2,1,1,1,2,1,1,1,3
Cluster_2374	OG0010599	1,1,1,1,1,1,2,1,1,1,6,2
Cluster_2374	OG0004395	5,1,1,1,1,1,1,2,2,1,1,13,4
Cluster_2389	OG0019560	1
Cluster_2389	OG0019099	3
Cluster_2395	OG0008306	1,4,2,1,2,1,2,2,1,1,6,1
Cluster_2395	OG0019079	3,1
Cluster_2395	OG0000001	201,117,250,155,18,131,130,340,126,157,118,674,173
Cluster_2399	OG0025814	NA
Cluster_2399	OG0025374	NA
Cluster_2400	OG0000004	1,9,58,1,18,105,52,1,97,5,163,15
Cluster_2400	OG0000074	2,4,6,16,32,80,3,7,11,15,2
Cluster_2401	OG0000083	12,7,63,11,12,12,7,28,21,7,7,47,12
Cluster_2401	OG0018805	3,1
Cluster_2401	OG0000083	12,7,63,11,12,12,7,28,21,7,7,47,12
Cluster_2411	OG0000596	5,5,5,5,2,6,5,8,9,5,5,14,1
Cluster_2411	OG0003814	2,1,12,1,1,3,1,2,2,1,1,10,1
Cluster_2411	OG0000001	201,117,250,155,18,131,130,340,126,157,118,674,173
Cluster_2421	OG0000000	5,254,962,7,1,30,46,226,12,69,14,1077,10
Cluster_2421	OG0006112	3,7,1,2,4,3,1,4,2
Cluster_2446	OG0012083	2,1,1,1,1,1,2,1,1,1,5,1
Cluster_2446	OG0025339	NA
Cluster_2086	OG0009901	1,1,3,1,1,1,1,3,1,1,2,3,1
Cluster_2086	OG0011454	1,1,2,1,1,1,1,3,1,1,3,1
Cluster_2104	OG0003232	2,2,2,2,1,3,2,4,4,2,2,6,3
Cluster_2104	OG0000483	6,3,12,7,2,5,4,6,3,5,3,34,5
Cluster_2108	OG0000019	35,41,31,33,29,33,87,27,34,35,100,33
Cluster_2108	OG0016489	1,2,4,1
Cluster_2110	OG0000048	25,20,21,13,1,25,29,51,12,23,26,64,15
Cluster_2110	OG0018077	1,1,1,1
Cluster_2110	OG0000048	25,20,21,13,1,25,29,51,12,23,26,64,15
Cluster_2118	OG0000923	1,6,1,3,2,4,6,14,2,8,7,10,1
Cluster_2118	OG0010206	1,1,2,1,1,1,3,1,1,1,5,1
Cluster_2118	OG0007758	1,1,2,2,1,2,4,1,1,2,3,1
Cluster_2118	OG0018723	1,2,1
Cluster_2118	OG0000923	1,6,1,3,2,4,6,14,2,8,7,10,1
Cluster_2118	OG0003965	6,3,1,1,1,4,4,2,4,8,2
Cluster_2118	OG0015433	1,1,1,1,2,2,4,1
Cluster_2122	OG0000017	43,30,53,1,8,31,30,64,25,33,31,166,39
Cluster_2122	OG0018140	1,2,1,1
Cluster_2122	OG0000017	43,30,53,1,8,31,30,64,25,33,31,166,39
Cluster_2128	OG0000062	10,12,38,27,13,16,15,37,21,13,12,64,11
Cluster_2128	OG0000239	11,8,23,9,3,4,6,14,5,11,8,30,11
Cluster_2128	OG0008364	1,10,2,1,5,1,2,1
Cluster_2130	OG0009631	1,1,1,1,1,1,2,2,1,1,4,3
Cluster_2130	OG0027689	1
Cluster_2132	OG0000151	7,11,17,11,2,13,9,21,2,9,11,33,4
Cluster_2132	OG0000001	201,117,250,155,18,131,130,340,126,157,118,674,173
Cluster_2135	OG0025695	NA
Cluster_2135	OG0016242	1,9,2
Cluster_2135	OG0001160	2,3,11,3,3,4,2,5,4,3,4,11,4
Cluster_2140	OG0016171	1
Cluster_2140	OG0020662	NA
Cluster_2140	OG0016171	1
Cluster_2140	OG0020662	NA
Cluster_2140	OG0016171	1
Cluster_2140	OG0001928	4,3,2,4,1,6,3,6,2,3,1,11,1
Cluster_2140	OG0017874	1,2,2,2
Cluster_2140	OG0025893	NA
Cluster_2140	OG0006714	1,1,5,1,1,1,1,1,1,1,8,1
Cluster_2140	OG0001928	4,3,2,4,1,6,3,6,2,3,1,11,1
Cluster_2140	OG0016171	1
Cluster_2140	OG0006714	1,1,5,1,1,1,1,1,1,1,8,1
Cluster_2140	OG0001928	4,3,2,4,1,6,3,6,2,3,1,11,1
Cluster_2140	OG0016171	1
Cluster_2147	OG0003622	1,2,4,5,1,2,1,6,7,2,2,3
Cluster_2147	OG0006659	1,1,4,3,1,1,1,4,1,1,1,7,1
Cluster_2166	OG0015514	1,1,1,1,1,1,2,1,1,2,1
Cluster_2166	OG0001239	4,3,2,3,2,7,2,6,2,4,4,15,4
Cluster_2180	OG0008193	2,2,1,1,1,2,2,1,1,8,1
Cluster_2180	OG0003839	2,2,2,2,1,5,2,4,3,2,2,7,1
Cluster_2180	OG0000216	9,7,9,5,5,5,10,19,12,13,8,32,9
Cluster_2184	OG0025890	NA
Cluster_2184	OG0002311	2,2,1,3,2,3,3,11,2,3,2,4,1
Cluster_2192	OG0002146	2,2,7,2,1,1,2,5,1,2,2,11,1
Cluster_2192	OG0025245	NA
Cluster_2192	OG0002146	2,2,7,2,1,1,2,5,1,2,2,11,1
Cluster_2198	OG0000577	2,4,8,7,4,4,4,8,7,4,5,23,2
Cluster_2198	OG0006807	1,3,1,1,1,1,2,2,1,1,3,2
Cluster_2198	OG0025259	NA
Cluster_2205	OG0002260	3,2,4,1,1,1,2,4,4,2,2,14,4
Cluster_2205	OG0005201	1,2,4,2,1,2,4,1,2,2,4,1
Cluster_2211	OG0005391	2,2,2,2,2,5,2,2,2,6
Cluster_2211	OG0000278	6,6,3,8,3,5,11,26,3,11,12,21,3
Cluster_2211	OG0006828	2,2,2,1,4,4,2,2,6
Cluster_2211	OG0006832	2,1,1,2,4,1,2,2,6,1
Cluster_2211	OG0001297	2,5,1,4,1,3,4,6,5,5,4,11,1
Cluster_2221	OG0005131	2,1,8,1,1,5,1,1,8,2
Cluster_2221	OG0015448	1,3,1,4,2,2
Cluster_2232	OG0004799	2,3,2,2,2,2,4,2,2,2,6
Cluster_2232	OG0003702	1,2,2,2,2,2,2,6,2,2,2,6
Cluster_2235	OG0016676	1,1,1,2,1,1,1
Cluster_2235	OG0012643	1,1,1,1,1,1,1,1,1,1,1,4,1
Cluster_2235	OG0000314	14,5,6,3,3,3,4,12,3,6,5,45,12
Cluster_2239	OG0000569	3,4,2,3,6,5,10,5,6,10,13,4
Cluster_2239	OG0027122	1
Cluster_2239	OG0000569	3,4,2,3,6,5,10,5,6,10,13,4
Cluster_2249	OG0010942	1,1,2,1,1,3,1,2,1,1,1,3
Cluster_2249	OG0002659	6,1,5,3,2,1,4,2,1,2,2,10,3
Cluster_2252	OG0020763	NA
Cluster_2252	OG0008380	1,1,2,2,7,5,2
Cluster_2254	OG0015727	1,1,1,1,1,1,1,1,3,1
Cluster_2254	OG0005522	3,1,3,1,1,1,2,4,2,2,8,1
Cluster_2269	OG0015505	1,1,1,1,2,1,1,1,3
Cluster_2269	OG0008545	1,1,3,4,1,1,1,2,1,1,1,2,1
Cluster_2274	OG0000400	5,3,6,7,2,11,11,14,5,12,8,17,4
Cluster_2274	OG0001915	2,3,3,3,2,3,3,7,2,3,3,9,2
Cluster_2279	OG0025057	NA
Cluster_2279	OG0003043	3,2,2,2,4,1,1,1,3,1,1,15,2
Cluster_2281	OG0001127	3,3,5,5,3,4,3,7,4,3,3,13,4
Cluster_2281	OG0019947	1
Cluster_2282	OG0016372	1,1,1,2,1,1,3
Cluster_2282	OG0014698	2,1,1,1,1,3,1,1,1,3
Cluster_2282	OG0013912	1,1,1,1,1,1,1,2,1,1,3
Cluster_2290	OG0010757	1,2,2,1,1,2,1,2,2,1,1,3
Cluster_2290	OG0011504	1,1,2,1,1,1,1,2,2,1,1,4,1
Cluster_2714	OG0002856	2,2,5,2,2,2,2,4,2,2,2,10,1
Cluster_2714	OG0003883	1,2,1,1,2,1,2,4,4,2,2,9,2
Cluster_2714	OG0002774	1,2,6,3,2,7,2,4,3,2,2,5,2
Cluster_2690	OG0011833	1,1,2,1,1,1,2,2,1,1,3,1
Cluster_2690	OG0010287	1,1,1,1,1,1,3,2,1,1,5,1
Cluster_2696	OG0002333	1,1,15,1,4,2,1,4,4,1,1,9,1
Cluster_2696	OG0015302	7,1,1,2,3,1
Cluster_2696	OG0002333	1,1,15,1,4,2,1,4,4,1,1,9,1
Cluster_2721	OG0000391	4,5,8,3,1,4,8,17,2,10,11,17,4
Cluster_2721	OG0027659	1
Cluster_2721	OG0014634	1,1,2,2,4,2,1
Cluster_2721	OG0000391	4,5,8,3,1,4,8,17,2,10,11,17,4
Cluster_2651	OG0001394	2,2,3,3,5,4,4,10,6,5,2,9,2
Cluster_2651	OG0022104	1
Cluster_2651	OG0001394	2,2,3,3,5,4,4,10,6,5,2,9,2
Cluster_2662	OG0006252	1,1,1,1,1,2,1,3,2,1,1,2
Cluster_2662	OG0002952	2,3,2,2,2,4,5,1,4,3,7,2
Cluster_2662	OG0000051	45,15,11,20,6,25,12,24,6,34,5,127,23
Cluster_2667	OG0000200	2,2,90,50,1,1
Cluster_2667	OG0001661	2,25,23,2
Cluster_2670	OG0000022	14,18,17,7,2,8,21,29,17,22,7
Cluster_2670	OG0000004	1,9,58,1,18,105,52,1,97,5,163,15
Cluster_2677	OG0002524	6,1,3,3,6,3,5,11,3
Cluster_2677	OG0026006	NA
Cluster_2687	OG0008600	1,1,1,1,4,1,1,2,2,1,1,4,1
Cluster_2687	OG0000844	8,2,3,3,2,3,6,8,6,3,22,8
Cluster_2698	OG0008114	2,2,2,1,1,1,4,1,1,1,6,2
Cluster_2698	OG0000000	5,254,962,7,1,30,46,226,12,69,14,1077,10
Cluster_2698	OG0002187	3,2,2,3,3,5,2,4,3,3,2,10,2
Cluster_2706	OG0000971	2,3,7,5,2,4,4,8,5,4,4,15,3
Cluster_2706	OG0002153	2,5,3,3,1,1,4,7,3,3,2,10,1
Cluster_2713	OG0008436	1,1,2,1,1,1,2,2,1,1,4,1
Cluster_2713	OG0025650	NA
Cluster_2723	OG0001948	1,2,9,2,3,2,2,5,1,2,2,8,1
Cluster_2723	OG0000004	1,9,58,1,18,105,52,1,97,5,163,15
Cluster_2723	OG0001948	1,2,9,2,3,2,2,5,1,2,2,8,1
Cluster_2723	OG0000004	1,9,58,1,18,105,52,1,97,5,163,15
Cluster_2729	OG0000094	31,16,8,4,4,11,17,6,19,102,13
Cluster_2729	OG0018724	1
Cluster_2731	OG0000002	175,110,251,140,15,88,91,346,74,97,80,869,131
Cluster_2731	OG0001980	2,2,6,1,2,2,2,4,2,2,2,15,2
Cluster_2738	OG0016377	6,3,1
Cluster_2738	OG0000409	5,5,7,8,4,6,4,11,8,5,5,29,5
Cluster_2741	OG0022535	1,1
Cluster_2741	OG0010680	1,1,2,1,1,1,1,2,1,1,5,1
Cluster_2752	OG0000285	17,6,3,6,2,5,2,20,2,4,9,36,8
Cluster_2752	OG0017869	1,1,1,4
Cluster_2752	OG0000285	17,6,3,6,2,5,2,20,2,4,9,36,8
Cluster_2754	OG0009978	1,1,4,3,1,1,1,2,1,1,4,1
Cluster_2754	OG0003411	4,3,1,5,1,3,1,2,6,4
Cluster_2763	OG0000005	109,49,79,53,4,69,66,147,24,86,71,369,93
Cluster_2763	OG0008374	19,1,1,1,2
Cluster_2763	OG0000005	109,49,79,53,4,69,66,147,24,86,71,369,93
Cluster_2766	OG0017264	3,1
Cluster_2766	OG0001934	1,1,7,1,3,1,2,4,1,1,2,14,1
Cluster_2766	OG0000185	7,8,20,12,3,12,7,14,10,6,7,38,8
Cluster_2766	OG0018537	2,1,1
Cluster_2768	OG0000501	5,5,3,4,1,5,7,14,1,6,5,11,4
Cluster_2768	OG0014369	1,1,1,1,1,2,2,1,1,3,1
Cluster_2768	OG0000501	5,5,3,4,1,5,7,14,1,6,5,11,4
Cluster_2478	OG0023004	1
Cluster_2478	OG0027425	1
Cluster_2478	OG0023004	1
Cluster_2480	OG0006579	1,2,2,3,1,1,1,2,1,1,1,5,1
Cluster_2480	OG0026243	1
Cluster_2480	OG0006579	1,2,2,3,1,1,1,2,1,1,1,5,1
Cluster_2481	OG0016512	2,1,2,5,1
Cluster_2481	OG0000001	201,117,250,155,18,131,130,340,126,157,118,674,173
Cluster_2481	OG0014875	1,3,2,3,4,2
Cluster_2485	OG0000215	14,9,16,6,3,5,8,18,1,7,6,44,11
Cluster_2485	OG0002064	2,1,3,2,3,2,3,9,4,4,11,3
Cluster_2490	OG0021192	1,2
Cluster_2490	OG0000121	13,8,14,11,1,13,13,19,4,11,15,62,14
Cluster_2502	OG0005231	2,3,2,2,2,2,3,1,2,2,6,2
Cluster_2502	OG0025711	NA
Cluster_2502	OG0001957	1,2,6,2,2,3,2,4,3,2,2,15,2
Cluster_2507	OG0003913	2,2,2,5,4,2,5,2,2,2,7,1
Cluster_2507	OG0008330	1,2,1,1,1,1,5,1,2,1,3,1
Cluster_2507	OG0002561	1,1,4,5,6,11,1,6,2,5
Cluster_2511	OG0000004	1,9,58,1,18,105,52,1,97,5,163,15
Cluster_2511	OG0000074	2,4,6,16,32,80,3,7,11,15,2
Cluster_2516	OG0002096	2,3,3,2,3,4,3,6,5,3,3,9,1
Cluster_2517	OG0013031	2,2,1,1,1,4,2,2,1
Cluster_2516	OG0001218	3,2,3,5,3,3,3,3,4,3,5,15,3
Cluster_2517	OG0001813	2,2,5,2,1,3,2,7,1,4,2,17,3
Cluster_2517	OG0001249	4,3,3,3,3,3,3,8,5,3,4,12,3
Cluster_2520	OG0003569	9,2,1,1,3,6,3,3,6,4
Cluster_2520	OG0013249	3,2,1,1,3,1,1,2,1
Cluster_2520	OG0001800	7,1,2,1,1,6,10,3,5,4,4
Cluster_2528	OG0022741	2
Cluster_2528	OG0016347	1,1,1,1,2,2,1
Cluster_2533	OG0000132	11,4,11,8,1,9,13,25,2,10,9,81,14
Cluster_2533	OG0027665	1
Cluster_2533	OG0019645	2
Cluster_2534	OG0001112	2,2,1,10,2,14,3,11,2,6,9,1
Cluster_2534	OG0016508	1,1,1,2,2,1,1,1
Cluster_2534	OG0001112	2,2,1,10,2,14,3,11,2,6,9,1
Cluster_2534	OG0016508	1,1,1,2,2,1,1,1
Cluster_2535	OG0000001	201,117,250,155,18,131,130,340,126,157,118,674,173
Cluster_2535	OG0000603	4,3,14,6,2,4,4,9,7,4,4,16,4
Cluster_2535	OG0000001	201,117,250,155,18,131,130,340,126,157,118,674,173
Cluster_2535	OG0014338	1,1,2,1,1,1,1,1,1,1,3,1
Cluster_2538	OG0002809	2,2,3,2,2,3,2,4,2,2,2,9,2
Cluster_2538	OG0023100	1
Cluster_2540	OG0004048	3,3,1,2,1,2,2,4,2,1,2,9,1
Cluster_2538	OG0002809	2,2,3,2,2,3,2,4,2,2,2,9,2
Cluster_2540	OG0006581	1,1,3,2,1,1,1,6,2,1,7,1
Cluster_2544	OG0004931	1,1,1,1,1,2,1,4,2,1,1,7,2
Cluster_2544	OG0000181	12,10,9,12,4,6,4,13,9,16,58,13
Cluster_2547	OG0006224	1,2,4,1,1,1,2,4,2,2,1,2,1
Cluster_2547	OG0000391	4,5,8,3,1,4,8,17,2,10,11,17,4
Cluster_2547	OG0023035	1,1
Cluster_2547	OG0000391	4,5,8,3,1,4,8,17,2,10,11,17,4
Cluster_2553	OG0018391	1,1,3
Cluster_2553	OG0000341	6,6,2,2,1,7,9,14,4,10,5,33,6
Cluster_2553	OG0018391	1,1,3
Cluster_2553	OG0007908	3,2,1,1,5,2,7,1
Cluster_2553	OG0000341	6,6,2,2,1,7,9,14,4,10,5,33,6
Cluster_2563	OG0025649	NA
Cluster_2563	OG0018123	1
Cluster_2565	OG0025297	NA
Cluster_2565	OG0018169	1,1,1,1
Cluster_2582	OG0000499	4,4,5,6,4,5,7,15,5,8,7,17,3
Cluster_2582	OG0007445	1,1,3,5,2,1,1,3,1,1,1,3,1
Cluster_2584	OG0003218	2,2,4,3,2,2,2,4,3,2,2,6,2
Cluster_2584	OG0003388	1,2,5,2,2,2,2,5,4,2,2,7,1
Cluster_2584	OG0004400	1,1,3,1,1,2,3,4,2,1,12,1
Cluster_2594	OG0025805	NA
Cluster_2594	OG0027667	1
Cluster_2594	OG0000253	11,4,9,8,2,5,8,12,4,7,6,51,10
Cluster_2604	OG0006452	7,1,3,1,1,1,1,7,4
Cluster_2604	OG0000098	20,19,29,16,5,9,14,16,4,13,8,69,18
Cluster_2604	OG0006452	7,1,3,1,1,1,1,7,4
Cluster_2604	OG0000374	6,3,19,12,4,9,3,6,4,3,3,34,5
Cluster_2604	OG0011476	1,1,1,2,1,1,1,2,2,1,1,4,1
Cluster_2606	OG0000494	1,1,4,19,2,12,2,20,25,2,7,4,1
Cluster_2606	OG0017263	2,1
Cluster_2606	OG0000007	62,44,150,57,9,49,54,165,48,42,39,222,59
Cluster_2612	OG0000346	5,6,10,13,3,7,7,15,4,8,8,15,4
Cluster_2612	OG0000151	7,11,17,11,2,13,9,21,2,9,11,33,4
Cluster_2612	OG0008334	1,5,1,3,1,2,1,4,4
Cluster_2614	OG0009631	1,1,1,1,1,1,2,2,1,1,4,3
Cluster_2614	OG0025368	NA
Cluster_2616	OG0003317	1,4,2,3,9,1,2,6,4,1
Cluster_2615	OG0002427	1,3,2,1,2,3,7,2,6,5,11,1
Cluster_2615	OG0001371	2,3,2,2,2,4,4,7,2,6,5,7,3
Cluster_2615	OG0007037	1,1,2,2,1,3,1,1,1,1,1,7,2
Cluster_2616	OG0004453	2,2,1,5,4,2,1,4,2,2,3,3
Cluster_2616	OG0003314	1,1,1,2,1,2,2,4,1,2,2,6,1
Cluster_2617	OG0006998	1,1,2,1,1,2,1,2,1,1,2,2,1
Cluster_2617	OG0002582	2,3,5,1,3,2,5,4,2,2,8,1
Cluster_2618	OG0000152	8,7,34,13,7,12,8,22,11,8,8,26,7
Cluster_2618	OG0000745	2,2,26,14,2,1,2,7,2,2,2,7,3
Cluster_2628	OG0009493	1,1,5,3,1,1,1,2,1,1,5
Cluster_2628	OG0005534	2,1,2,1,1,1,2,4,2,2,1,7,2
Cluster_2629	OG0004702	1,1,5,3,1,3,1,2,2,1,1,11
Cluster_2629	OG0025347	NA
Cluster_2638	OG0006108	2,1,7,1,1,1,1,2,1,2,1,6,2
Cluster_2635	OG0002317	2,2,3,5,2,3,2,5,3,2,2,11,2
Cluster_2636	OG0010810	2,1,2,1,1,1,1,1,1,5,2
Cluster_2636	OG0001562	4,2,4,1,1,2,3,6,3,3,5,14,3
Cluster_2638	OG0009753	1,1,5,1,1,1,1,2,1,1,1,4,1
Cluster_2638	OG0008086	2,1,1,1,1,1,2,3,2,2,2,3,2
Cluster_2635	OG0002598	1,1,10,8,2,4,1,2,3,1,1,6,1
Cluster_2641	OG0000184	17,15,1,1,10,1,11,20,1,14,6,37,9
Cluster_2641	OG0024959	NA
Cluster_2641	OG0000184	17,15,1,1,10,1,11,20,1,14,6,37,9
Cluster_2647	OG0000949	6,3,4,2,2,3,3,8,4,5,4,14,7
Cluster_2647	OG0022838	2
Cluster_2647	OG0000949	6,3,4,2,2,3,3,8,4,5,4,14,7
Cluster_2803	OG0013969	1,1,1,1,1,1,2,1,1,1,4,1
Cluster_2803	OG0005616	1,4,2,17,3,2,1,1
Cluster_2803	OG0000162	18,10,9,4,2,6,9,13,4,7,8,61,18
Cluster_2943	OG0000521	4,4,4,5,8,6,7,16,4,7,7,10,4
Cluster_2943	OG0016721	1,4,1,3
Cluster_2964	OG0001782	1,2,1,1,2,4,4,14,4,4,3,4,1
Cluster_2964	OG0013446	1,1,1,1,1,2,1,2,4,1
Cluster_2970	OG0024704	1
Cluster_2970	OG0000469	6,3,2,6,2,9,5,5,2,6,3,43,6
Cluster_2970	OG0005116	3,1,3,2,2,3,2,1,2,2,2,6,2
Cluster_2998	OG0017642	1,4,1
Cluster_2998	OG0000009	71,41,53,36,15,42,45,97,30,59,26,141,38
Cluster_2998	OG0000086	9,18,11,2,13,21,76,10,36,31,17,9
Cluster_2998	OG0019947	1
Cluster_2998	OG0000009	71,41,53,36,15,42,45,97,30,59,26,141,38
Cluster_2998	OG0000068	10,18,10,11,19,8,17,70,1,35,46,40,12
Cluster_2998	OG0000009	71,41,53,36,15,42,45,97,30,59,26,141,38
Cluster_2998	OG0010804	1,1,4,1,1,1,1,1,1,4,1
Cluster_2998	OG0000009	71,41,53,36,15,42,45,97,30,59,26,141,38
Cluster_2998	OG0007868	1,1,3,1,1,2,1,4,1,1,1,6,1
Cluster_2998	OG0020593	1
Cluster_2998	OG0000068	10,18,10,11,19,8,17,70,1,35,46,40,12
Cluster_3037	OG0000004	1,9,58,1,18,105,52,1,97,5,163,15
Cluster_3037	OG0000074	2,4,6,16,32,80,3,7,11,15,2
Cluster_3055	OG0017721	2,4
Cluster_3055	OG0018192	1,3,1
Cluster_2773	OG0027217	1
Cluster_2773	OG0018514	1,1,1
Cluster_2786	OG0016184	1,1,3,1,2,1,1,1
Cluster_2786	OG0000035	47,11,30,29,10,20,14,45,8,16,21,150,24
Cluster_2836	OG0000012	98,22,24,12,3,14,26,71,4,40,36,236,66
Cluster_2813	OG0002017	1,2,5,1,2,2,2,6,2,2,2,9,2
Cluster_2813	OG0000022	14,18,17,7,2,8,21,29,17,22,7
Cluster_2836	OG0018838	1,1,1,1
Cluster_2836	OG0024971	NA
Cluster_2837	OG0019091	1,1,1
Cluster_2837	OG0000126	16,5,11,4,3,3,5,9,6,5,6,110,15
Cluster_2837	OG0000106	30,11,20,5,1,3,8,18,4,7,8,90,24
Cluster_2871	OG0001652	1,1,4,1,1,2,2,4,5,2,3,19,1
Cluster_2871	OG0001553	2,2,3,7,2,3,2,11,1,2,2,12,2
Cluster_2976	OG0003469	1,1,7,2,2,3,8,1,3,2,2,1
Cluster_2976	OG0003011	2,2,4,1,2,1,1,2,1,6,5,9,1
Cluster_2976	OG0003469	1,1,7,2,2,3,8,1,3,2,2,1
Cluster_2983	OG0000019	35,41,31,33,29,33,87,27,34,35,100,33
Cluster_2983	OG0013606	6,3,1,6
Cluster_2995	OG0000019	35,41,31,33,29,33,87,27,34,35,100,33
Cluster_2995	OG0016489	1,2,4,1
Cluster_2995	OG0000019	35,41,31,33,29,33,87,27,34,35,100,33
Cluster_3001	OG0000072	19,14,18,17,6,12,14,30,9,15,18,76,16
Cluster_3001	OG0025807	NA
Cluster_3001	OG0000202	1,4,1,23,18,1,12
Cluster_3013	OG0025084	NA
Cluster_3013	OG0000711	4,4,6,3,4,2,7,11,1,6,6,16,6
Cluster_3015	OG0008969	1,2,4,1,1,1,2,1,1,1,7,1
Cluster_3015	OG0017871	1
Cluster_3015	OG0027453	1
Cluster_3019	OG0018826	1,1
Cluster_3019	OG0020674	NA
Cluster_3027	OG0001690	1,2,13,4,3,2,2,5,2,3,2,9,2
Cluster_3027	OG0007907	1,1,4,1,3,1,1,2,1,1,1,4,1
Cluster_3033	OG0003768	2,2,3,2,2,2,2,3,1,2,2,11,1
Cluster_3033	OG0003394	2,1,3,3,1,2,2,4,2,2,2,10,2
Cluster_3042	OG0000001	201,117,250,155,18,131,130,340,126,157,118,674,173
Cluster_3042	OG0019554	NA
Cluster_3042	OG0021215	NA
Cluster_3051	OG0003027	1,2,4,2,2,2,2,5,3,2,2,8,1
Cluster_3051	OG0009506	1,4,2,3,1,1
Cluster_3053	OG0015199	1,1,1,1,1,1,2,1,1,3
Cluster_3053	OG0003256	1,1,3,4,2,2,1,5,3,1,1,14,2
Cluster_3053	OG0004326	1,1,2,2,2,10,1,2,2,10
Cluster_3058	OG0000030	50,27,34,21,4,23,37,61,13,14,20,108,20
Cluster_3056	OG0000102	17,11,17,19,2,10,16,32,12,10,8,53,16
Cluster_3056	OG0019938	1,2,1
Cluster_3058	OG0016463	1,1,2,1,3,1,1
Cluster_3057	OG0019081	3,2
Cluster_3057	OG0000888	3,4,11,1,2,1,6,10,1,8,5,15,3
Cluster_3058	OG0004889	1,1,9,1,1,1,1,4,1,2,2,5,1
Cluster_3058	OG0000397	7,2,11,30,3,12,7,8,6,3,4,11,5
Cluster_3058	OG0016875	2,1,1,1,1,1,1
Cluster_3058	OG0000397	7,2,11,30,3,12,7,8,6,3,4,11,5
Cluster_2779	OG0000443	4,6,3,1,6,6,9,16,11,10,7,15,1
Cluster_2779	OG0016384	2,4,3
Cluster_2779	OG0000443	4,6,3,1,6,6,9,16,11,10,7,15,1
Cluster_2785	OG0010083	1,1,4,1,1,1,3,1,1,2,3,1
Cluster_2785	OG0013568	1,2,1,2,1,1,2,1,1,1,3,1
Cluster_2797	OG0005241	1,1,4,1,1,2,1,4,4,1,1,6,2
Cluster_2797	OG0027598	1
Cluster_2814	OG0005696	2,1,3,2,1,2,3,4,2,2,3,1
Cluster_2814	OG0015412	1,1,1,1,1,1,3,1,3
Cluster_2814	OG0006984	1,1,1,1,1,3,1,5,1,2,3,5,1
Cluster_2817	OG0017324	1,1,1
Cluster_2817	OG0014181	1,1,1,1,1,4,1,1,1,3
Cluster_2817	OG0017324	1,1,1
Cluster_2822	OG0000221	6,6,9,10,5,9,7,24,8,17,11,25,2
Cluster_2822	OG0002985	1,3,3,2,1,3,3,6,1,4,3,6,1
Cluster_2822	OG0000221	6,6,9,10,5,9,7,24,8,17,11,25,2
Cluster_2822	OG0002985	1,3,3,2,1,3,3,6,1,4,3,6,1
Cluster_2822	OG0000463	4,6,6,5,3,5,9,12,4,9,8,19,3
Cluster_2829	OG0012912	1,1,2,1,1,1,1,2,1,1,1,3,1
Cluster_2829	OG0000736	2,3,11,9,4,5,3,7,6,2,3,21,2
Cluster_2835	OG0025256	NA
Cluster_2835	OG0000746	5,5,12,4,3,4,8,3,4,4,19,4
Cluster_2835	OG0022267	NA
Cluster_2840	OG0005061	1,1,6,3,1,1,1,4,1,1,1,7,1
Cluster_2840	OG0012712	1,2,1,1,2,1,2,1,1,3,1
Cluster_2842	OG0003733	2,3,2,1,3,1,2,1,14,2
Cluster_2842	OG0000353	6,5,13,1,2,6,5,9,4,8,5,41,8
Cluster_2842	OG0000000	5,254,962,7,1,30,46,226,12,69,14,1077,10
Cluster_2846	OG0020900	1,2
Cluster_2846	OG0014106	1,7,1,1
Cluster_2869	OG0010182	1,1,3,1,1,1,1,1,2,1,1,6,1
Cluster_2869	OG0021216	2
Cluster_2869	OG0003182	2,3,4,8,1,2,1,2,2,1,2,10,2
Cluster_2872	OG0022887	2
Cluster_2872	OG0004461	2,2,3,2,2,1,2,4,1,2,2,7,2
Cluster_2876	OG0009997	1,1,1,1,1,2,1,2,2,1,1,6,1
Cluster_2876	OG0000099	19,13,34,13,6,5,9,17,5,12,12,63,14
Cluster_2876	OG0001064	3,1,5,5,3,7,10,6,4,8,11
Cluster_2876	OG0000099	19,13,34,13,6,5,9,17,5,12,12,63,14
Cluster_2876	OG0001064	3,1,5,5,3,7,10,6,4,8,11
Cluster_2876	OG0015853	1,2,1,1,2,1,1,1,2
Cluster_2890	OG0027601	1
Cluster_2890	OG0000299	3,7,6,8,6,10,4,14,10,9,13,18,6
Cluster_2901	OG0000007	62,44,150,57,9,49,54,165,48,42,39,222,59
Cluster_2900	OG0000324	6,3,17,5,8,9,6,10,5,7,5,31,5
Cluster_2901	OG0000007	62,44,150,57,9,49,54,165,48,42,39,222,59
Cluster_2901	OG0000000	5,254,962,7,1,30,46,226,12,69,14,1077,10
Cluster_2901	OG0000007	62,44,150,57,9,49,54,165,48,42,39,222,59
Cluster_2900	OG0000324	6,3,17,5,8,9,6,10,5,7,5,31,5
Cluster_2901	OG0001495	5,3,5,3,6,4,3,4,3,3,13,5
Cluster_2900	OG0017758	2,2,2,1
Cluster_2900	OG0000324	6,3,17,5,8,9,6,10,5,7,5,31,5
Cluster_2901	OG0005338	1,10,8,2,2,2,2,2,1
Cluster_2905	OG0008380	1,1,2,2,7,5,2
Cluster_2908	OG0001220	2,2,5,2,2,2,2,4,4,2,2,31,2
Cluster_2908	OG0000011	50,26,63,35,17,38,43,94,24,35,21,155,55
Cluster_2905	OG0000528	12,10,4,1,1,1,1,3,1,1,2,49,10
Cluster_2905	OG0017031	1,2,2,2,1
Cluster_2910	OG0001125	5,3,2,3,1,3,3,9,3,7,5,13,5
Cluster_2910	OG0011237	1,1,1,1,1,1,1,2,1,1,2,3,1
Cluster_2917	OG0014551	1,1,1,1,1,1,1,1,1,1,3,1
Cluster_2917	OG0000019	35,41,31,33,29,33,87,27,34,35,100,33
Cluster_2919	OG0000788	2,3,6,2,3,3,5,10,2,5,5,16,4
Cluster_2919	OG0010990	1,1,1,1,1,1,2,1,1,2,8
Cluster_2924	OG0006038	1,2,1,2,1,2,1,1,1,3
Cluster_2924	OG0017738	1,1,2,1,1
Cluster_2929	OG0000883	2,3,2,2
Cluster_2929	OG0000318	105,10,3
Cluster_2929	OG0000883	2,3,2,2
Cluster_2929	OG0000318	105,10,3
Cluster_2939	OG0000089	22,12,12,4,9,18,29,2,15,11,87,25
Cluster_2939	OG0002465	5,4,2,4,2,2,17,5
Cluster_2939	OG0000089	22,12,12,4,9,18,29,2,15,11,87,25
Cluster_2947	OG0008710	1,1,1,1,1,1,1,2,4,1,1,5,1
Cluster_2947	OG0000356	5,5,11,6,4,10,6,12,11,6,7,25,4
Cluster_2951	OG0001759	3,3,4,2,1,4,3,7,5,3,3,9,3
Cluster_2951	OG0023018	1
Cluster_2951	OG0001872	2,2,5,2,3,4,2,6,2,2,2,11,3
Cluster_2952	OG0019636	NA
Cluster_2952	OG0007744	1,4,1,1,1,1,4,1,1,1,3,1
Cluster_2955	OG0000148	9,10,14,7,8,13,10,18,15,8,7,41,9
Cluster_2955	OG0001862	2,2,3,2,2,4,3,6,4,3,2,11,2
Cluster_2959	OG0023171	2
Cluster_2959	OG0000722	2,2,15,4,3,5,2,4,2,2,2,32,2
Cluster_3305	OG0011291	2,2,1,1,3,1,7,1
Cluster_3305	OG0016428	1,2,1,2,2
Cluster_3335	OG0005484	1,2,2,2,2,2,2,4,2,2,2,3,1
Cluster_3335	OG0000914	7,4,7,1,1,2,5,7,1,3,5,21,7
Cluster_3362	OG0000491	6,6,5,6,3,7,6,13,1,6,5,19,4
Cluster_3362	OG0000014	41,16,79,45,12,42,29,75,19,27,27,177,37
Cluster_3362	OG0017643	1,2,1,1
Cluster_3108	OG0000365	5,4,11,11,5,7,6,11,6,5,4,25,7
Cluster_3108	OG0000291	17,5,18,5,1,3,4,6,4,4,46,17
Cluster_3108	OG0027139	1
Cluster_3108	OG0000014	41,16,79,45,12,42,29,75,19,27,27,177,37
Cluster_3186	OG0009207	2,1,3,2,4,3,4,2
Cluster_3186	OG0018154	1,1,1,1
Cluster_3186	OG0027606	1
Cluster_3186	OG0000105	16,7,7,20,11,14,9,28,9,15,19,39,9
Cluster_3276	OG0016724	1,2,3,1,2
Cluster_3276	OG0000239	11,8,23,9,3,4,6,14,5,11,8,30,11
Cluster_3276	OG0001206	2,3,6,3,2,3,2,8,5,3,3,13,3
Cluster_3276	OG0007335	1,2,6,2,1,4,1,2,1,1,1,2,1
Cluster_3281	OG0000732	4,4,3,3,2,4,4,8,5,4,4,22,5
Cluster_3281	OG0016652	1,1,1,1,1
Cluster_3281	OG0011689	1,1,1,1,1,2,1,2,2,1,1,5
Cluster_3281	OG0025670	NA
Cluster_3287	OG0004521	1,1,3,1,1,1,1,4,2,1,2,8,1
Cluster_3287	OG0025997	NA
Cluster_3293	OG0020755	2
Cluster_3293	OG0001255	2,2,11,3,2,3,2,4,4,2,2,19,1
Cluster_3293	OG0016704	1
Cluster_3293	OG0025608	NA
Cluster_3297	OG0001922	3,2,7,1,1,2,2,5,1,2,2,18,3
Cluster_3297	OG0016704	1
Cluster_3297	OG0007291	1,1,2,2,2,1,1,3,1,1,1,8,1
Cluster_3298	OG0018691	1,2
Cluster_3298	OG0011332	1,3,1,1,1,2
Cluster_3322	OG0000155	12,14,21,15,5,6,9,17,8,10,8,36,9
Cluster_3322	OG0023173	1,1
Cluster_3322	OG0000155	12,14,21,15,5,6,9,17,8,10,8,36,9
Cluster_3322	OG0015168	1,3,2,1,1,1,1,1,3
Cluster_3322	OG0012331	1,1,3,1,1,1,1,1,1,1,1,3
Cluster_3331	OG0010548	1,1,1,1,1,1,1,2,1,1,1,6
Cluster_3331	OG0025672	NA
Cluster_3339	OG0000117	10,8,20,13,8,15,10,19,17,9,9,49,9
Cluster_3339	OG0004293	1,2,1,2,2,3,2,4,3,2,2,6,1
Cluster_3346	OG0022262	NA
Cluster_3346	OG0000949	6,3,4,2,2,3,3,8,4,5,4,14,7
Cluster_3358	OG0000004	1,9,58,1,18,105,52,1,97,5,163,15
Cluster_3358	OG0002335	3
Cluster_3360	OG0000341	6,6,2,2,1,7,9,14,4,10,5,33,6
Cluster_3361	OG0004834	1,1,3,1,1,2,1,3,4,1,1,9,1
Cluster_3361	OG0025080	NA
Cluster_3360	OG0017195	1,1,1,3,1
Cluster_3360	OG0007908	3,2,1,1,5,2,7,1
Cluster_3367	OG0002809	2,2,3,2,2,3,2,4,2,2,2,9,2
Cluster_3367	OG0023100	1
Cluster_3367	OG0002809	2,2,3,2,2,3,2,4,2,2,2,9,2
Cluster_3375	OG0001290	3,4,2,1,1,3,3,8,5,2,4,12,3
Cluster_3376	OG0009446	1,1,2,1,1,1,2,3,1,2,1,3,1
Cluster_3376	OG0013440	1,2,2,1,3
Cluster_3375	OG0007325	1,1,1,1,1,2,1,3,1,1,1,6,1
Cluster_3376	OG0026042	NA
Cluster_3376	OG0013440	1,2,2,1,3
Cluster_3377	OG0000883	2,3,2,2
Cluster_3377	OG0017622	1,2
Cluster_3376	OG0013440	1,2,2,1,3
Cluster_3074	OG0010440	1,2,2,2,1,3,1,2,3,1
Cluster_3074	OG0008341	2,3,2,2,1,1,2,2,2,3,2
Cluster_3075	OG0000359	1,1,8,5,4
Cluster_3075	OG0000079	16,12,39,9,3,15,10,19,6,10,12,97,17
Cluster_3087	OG0002745	3,1,4,5,2,2,5,1,2,1,13,2
Cluster_3087	OG0025601	NA
Cluster_3091	OG0000346	5,6,10,13,3,7,7,15,4,8,8,15,4
Cluster_3091	OG0000003	112,56,130,91,24,81,68,195,50,71,61,368,76
Cluster_3091	OG0000270	6,6,31,10,6,7,6,11,7,6,6,25,3
Cluster_3095	OG0000074	2,4,6,16,32,80,3,7,11,15,2
Cluster_3095	OG0000004	1,9,58,1,18,105,52,1,97,5,163,15
Cluster_3105	OG0005360	1,2,1,1,2,1,2,3,2,2,2,6
Cluster_3105	OG0015843	1
Cluster_3107	OG0005154	2,2,2,2,1,2,2,3,2,2,5,2
Cluster_3107	OG0000129	13,7,27,9,7,7,8,16,5,7,7,73,11
Cluster_3107	OG0020861	1,1,1
Cluster_3123	OG0002061	2,2,4,2,3,3,3,6,2,3,4,7,2
Cluster_3123	OG0006252	1,1,1,1,1,2,1,3,2,1,1,2
Cluster_3123	OG0002952	2,3,2,2,2,4,5,1,4,3,7,2
Cluster_3123	OG0002096	2,3,3,2,3,4,3,6,5,3,3,9,1
Cluster_3140	OG0019588	NA
Cluster_3140	OG0017741	1,2,1,1
Cluster_3143	OG0000685	3,4,16,4,6,3,4,9,3,4,5,12,3
Cluster_3143	OG0001124	3,3,6,3,2,3,3,7,6,3,3,12,2
Cluster_3143	OG0000058	2,45,2,25,64,58,3,1,92,21
Cluster_3152	OG0019669	1
Cluster_3152	OG0025584	NA
Cluster_3165	OG0023044	2
Cluster_3165	OG0000966	9,3,7,1,1,2,2,4,2,4,5,16,7
Cluster_3165	OG0014765	1,1,1,1,1,1,3,1,1,1,3
Cluster_3165	OG0013705	1,1,2,1,1,1,1,1,1,1,1,3,1
Cluster_3168	OG0021151	2,1
Cluster_3168	OG0000238	8,11,3,8,4,9,13,31,3,13,12,19,4
Cluster_3181	OG0000365	5,4,11,11,5,7,6,11,6,5,4,25,7
Cluster_3181	OG0008694	1,2,2,1,2,3,2,1,1,5,1
Cluster_3181	OG0005603	2,2,3,1,7,1,5,1,5,3
Cluster_3181	OG0000014	41,16,79,45,12,42,29,75,19,27,27,177,37
Cluster_3183	OG0000001	201,117,250,155,18,131,130,340,126,157,118,674,173
Cluster_3183	OG0018962	2,1,1,1
Cluster_3183	OG0000001	201,117,250,155,18,131,130,340,126,157,118,674,173
Cluster_3187	OG0000303	4,4,23,8,8,6,4,9,4,4,4,40,3
Cluster_3187	OG0015062	1,1,1,1,1,1,1,1,1,1,3,1
Cluster_3187	OG0000001	201,117,250,155,18,131,130,340,126,157,118,674,173
Cluster_3206	OG0012597	1,1,1,1,2,1,2,2,2,1,3,1
Cluster_3206	OG0002319	2,2,5,2,2,3,2,5,2,1,13,2
Cluster_3206	OG0005461	2,2,2,3,1,1,1,4,1,1,1,8,2
Cluster_3206	OG0002319	2,2,5,2,2,3,2,5,2,1,13,2
Cluster_3216	OG0000608	9,5,8,4,2,6,11,1,5,4,21,6
Cluster_3216	OG0012581	1,1,1,2,1,1,2,1,1,1,5,1
Cluster_3216	OG0000608	9,5,8,4,2,6,11,1,5,4,21,6
Cluster_3221	OG0003035	5,2,6,2,1,3,5,3,3,2,4,2
Cluster_3221	OG0010545	3,1,1,1,1,2,1,2,1,1,1,3,1
Cluster_3225	OG0019958	NA
Cluster_3225	OG0006301	1,2,1,2,2,3,2,4,2,2,1,3,1
Cluster_3225	OG0012500	1,1,4,1,1,1,1,2,1,1,1,2,1
Cluster_3230	OG0015089	1,1,2,1,2,1,2,1,1,2
Cluster_3230	OG0000059	20,15,31,23,1,16,16,39,12,18,17,76,12
Cluster_3230	OG0013922	1,1,1,1,1,1,2,1,1,3,1
Cluster_3238	OG0003944	2,2,5,1,2,2,2,4,4,2,2,2,2
Cluster_3238	OG0018732	3
Cluster_3238	OG0000839	4,4,3,5,4,4,6,7,7,12,3
Cluster_3238	OG0018833	4
Cluster_3238	OG0007075	1,1,4,1,1,2,1,2,3,1,1,5,1
Cluster_3238	OG0000359	1,1,8,5,4
Cluster_3238	OG0000839	4,4,3,5,4,4,6,7,7,12,3
Cluster_3238	OG0000359	1,1,8,5,4
Cluster_3238	OG0000839	4,4,3,5,4,4,6,7,7,12,3
Cluster_3245	OG0000643	3,5,1,7,3,5,5,11,10,6,5,12,4
Cluster_3245	OG0019902	1,2,1
Cluster_3252	OG0002450	2,2,5,3,2,2,2,4,3,2,2,11,2
Cluster_3252	OG0012630	1,1,1,1,1,1,2,2,2,3,1
Cluster_3256	OG0005154	2,2,2,2,1,2,2,3,2,2,5,2
Cluster_3256	OG0000129	13,7,27,9,7,7,8,16,5,7,7,73,11
Cluster_3256	OG0000030	50,27,34,21,4,23,37,61,13,14,20,108,20
Cluster_3256	OG0002353	4,3,5,1,2,3,11,4,2,6,3
Cluster_3268	OG0018161	NA
Cluster_3268	OG0017326	NA
Cluster_3269	OG0000997	12,4,4,1,2,2,3,4,4,2,2,21,5
Cluster_3269	OG0008576	1,2,6,1,1,1,1,1,1,1,6,1
Cluster_3269	OG0001371	2,3,2,2,2,4,4,7,2,6,5,7,3
Cluster_3599	OG0004529	1,2,2,1,2,3,2,4,2,2,2,7,2
Cluster_3599	OG0001075	2,2,10,3,2,4,3,7,5,2,2,18,2
Cluster_3643	OG0000076	12,17,1,42,10,2,11,1
Cluster_3643	OG0000004	1,9,58,1,18,105,52,1,97,5,163,15
Cluster_3464	OG0016322	1,1,2,1,1,2,2
Cluster_3464	OG0006877	1,1,3,1,1,2,1,2,2,1,1,5,1
Cluster_3494	OG0010266	3,1,1,2,1,3,2,2,1,3
Cluster_3494	OG0025144	NA
Cluster_3494	OG0010266	3,1,1,2,1,3,2,2,1,3
Cluster_3526	OG0000003	112,56,130,91,24,81,68,195,50,71,61,368,76
Cluster_3526	OG0007734	1,1,5,2,1,2,1,2,1,1,3,1
Cluster_3526	OG0001705	2,2,6,3,1,3,2,5,2,2,2,16,2
Cluster_3559	OG0004655	2,1,3,1,2,2,1,2,2,1,1,14,1
Cluster_3559	OG0018336	3,2,1
Cluster_3559	OG0000030	50,27,34,21,4,23,37,61,13,14,20,108,20
Cluster_3561	OG0009695	1,1,1,1,1,1,2,1,1,1,3
Cluster_3561	OG0005856	1,1,2,1,1,2,1,2,2,1,1,3
Cluster_3561	OG0009695	1,1,1,1,1,1,2,1,1,1,3
Cluster_3561	OG0005856	1,1,2,1,1,2,1,2,2,1,1,3
Cluster_3561	OG0009695	1,1,1,1,1,1,2,1,1,1,3
Cluster_3561	OG0005856	1,1,2,1,1,2,1,2,2,1,1,3
Cluster_3561	OG0009695	1,1,1,1,1,1,2,1,1,1,3
Cluster_3572	OG0005558	1,3,1,2,2,2,2,3,1,2,2,7,1
Cluster_3572	OG0002219	2,5,2,3,2,3,3,3,1,6,3,11,2
Cluster_3573	OG0003727	2,1,7,5,1,1,1,2,1,1,1,10,1
Cluster_3573	OG0003869	2,2,3,2,2,4,1,2,3,2,2,6,2
Cluster_3572	OG0012279	2,1,1,1,1,1,2,1,1,6,1
Cluster_3572	OG0004474	2,2,1,2,2,3,3,6,1,2,3,6,1
Cluster_3575	OG0012770	1,3,1,1,1,1,2,2,1,1,3,1
Cluster_3575	OG0022565	1,1
Cluster_3575	OG0016692	1,1,1,1,1,1,1,1,1
Cluster_3585	OG0015028	1,1,1,2,1,2,1,1,3,1
Cluster_3585	OG0013267	1,1,1,1,2,2,1,1,1,1,4,1
Cluster_3585	OG0014378	1,1,1,1,1,1,3,1,1,3,1
Cluster_3588	OG0003956	3,1,4,2,1,1,1,2,3,2,2,9,2
Cluster_3588	OG0000076	12,17,1,42,10,2,11,1
Cluster_3592	OG0004321	1,1,3,1,1,5,6,4,4,3,3,1
Cluster_3590	OG0019898	1,1,2
Cluster_3590	OG0001218	3,2,3,5,3,3,3,3,4,3,5,15,3
Cluster_3592	OG0000137	25,8,11,13,4,13,6,18,7,12,8,50,17
Cluster_3595	OG0018767	1,1,1,1
Cluster_3595	OG0013249	3,2,1,1,3,1,1,2,1
Cluster_3595	OG0001233	6,2,3,1,1,1,5,9,2,3,5,16,5
Cluster_3595	OG0001800	7,1,2,1,1,6,10,3,5,4,4
Cluster_3603	OG0000002	175,110,251,140,15,88,91,346,74,97,80,869,131
Cluster_3603	OG0000149	13,3,6,2,11,7,2,72,6,4,2,48,10
Cluster_3611	OG0001909	5,1,9,2,1,1,1,2,1,1,24,3
Cluster_3611	OG0001354	2,3,3,2,1,2,2,5,4,2,2,24,4
Cluster_3611	OG0002910	2,2,3,2,1,4,2,4,4,2,2,11,1
Cluster_3614	OG0025604	NA
Cluster_3614	OG0009080	2,1,1,1,1,2,1,1,2,1,1,6,2
Cluster_3625	OG0011517	1,1,7,1,1,1,2,1,1,2,1
Cluster_3625	OG0003082	5,5,1,1,4,7,4,4,7,1
Cluster_3625	OG0016474	1,3,2,1,2,1
Cluster_3625	OG0011714	1,2,1,1,1,1,1,2,2,1,2,3,1
Cluster_3625	OG0009105	3,2,1,1,1,1,1,1,2,1,4,2
Cluster_3625	OG0000923	1,6,1,3,2,4,6,14,2,8,7,10,1
Cluster_3625	OG0006189	1,4,1,2,2,3,2,4,1,2,2,4
Cluster_3627	OG0019644	2,1
Cluster_3627	OG0006283	2,1,4,2,3,1,1,2,2,1,1,3,2
Cluster_3627	OG0002065	1,2,3,2,2,3,2,3,4,2,2,14,1
Cluster_3640	OG0000215	14,9,16,6,3,5,8,18,1,7,6,44,11
Cluster_3640	OG0002064	2,1,3,2,3,2,3,9,4,4,11,3
Cluster_3646	OG0000004	1,9,58,1,18,105,52,1,97,5,163,15
Cluster_3646	OG0015856	1,1,1,1,1,1,2,1,1,1,1
Cluster_3648	OG0000166	11,8,20,12,9,17,9,21,10,11,8,31,10
Cluster_3648	OG0018354	1,4,1
Cluster_3656	OG0006927	2,1,1,1,1,1,3,6,1,2,2,4,1
Cluster_3656	OG0007792	2,2,3,2,1,1,2,3,2,6,1
Cluster_3656	OG0002311	2,2,1,3,2,3,3,11,2,3,2,4,1
Cluster_3656	OG0001431	1,2,3,5,15,4,8,1,1,9,9
Cluster_3656	OG0002311	2,2,1,3,2,3,3,11,2,3,2,4,1
Cluster_3667	OG0022755	2
Cluster_3667	OG0022137	NA
Cluster_3386	OG0000364	8,3,4,8,2,3,6,15,2,7,8,32,9
Cluster_3386	OG0019516	1,1,1
Cluster_3386	OG0000364	8,3,4,8,2,3,6,15,2,7,8,32,9
Cluster_3386	OG0000353	6,5,13,1,2,6,5,9,4,8,5,41,8
Cluster_3386	OG0000364	8,3,4,8,2,3,6,15,2,7,8,32,9
Cluster_3386	OG0001362	6,1,2,3,2,4,7,3,5,2,18,7
Cluster_3386	OG0000742	1,2,3,13,1,10,4
Cluster_3388	OG0005557	1,1,5,1,1,1,1,2,2,1,2,6,1
Cluster_3388	OG0008632	1,1,1,1,1,2,1,2,1,1,1,6,1
Cluster_3392	OG0025406	NA
Cluster_3392	OG0000686	6,2,8,4,2,2,2,6,6,2,4,24,5
Cluster_3403	OG0016299	1,1,1,1,2,1,1,2
Cluster_3403	OG0004924	2,2,1,2,1,2,2,5,1,2,2,5,1
Cluster_3403	OG0013010	1,1,1,1,1,1,1,2,2,1,1,2
Cluster_3403	OG0006002	1,1,4,2,2,4,1,2,2,1,1,7,1
Cluster_3407	OG0000004	1,9,58,1,18,105,52,1,97,5,163,15
Cluster_3407	OG0021996	1
Cluster_3407	OG0000004	1,9,58,1,18,105,52,1,97,5,163,15
Cluster_3418	OG0002867	2,2,4,3,3,3,2,4,3,2,2,6,2
Cluster_3418	OG0000315	8,5,8,4,2,5,8,16,7,7,8,27,7
Cluster_3418	OG0015310	8,2,1,2,2
Cluster_3418	OG0002320	2,2,6,2,1,2,3,5,4,3,2,8,3
Cluster_3418	OG0000315	8,5,8,4,2,5,8,16,7,7,8,27,7
Cluster_3418	OG0018177	1,2,1,1
Cluster_3418	OG0015527	1,1,1,2,1,2,3
Cluster_3419	OG0006669	1,1,1,1,1,1,1,3,1,1,2,7,1
Cluster_3419	OG0025757	NA
Cluster_3419	OG0006669	1,1,1,1,1,1,1,3,1,1,2,7,1
Cluster_3420	OG0015297	2,1,1,4,1,6
Cluster_3420	OG0000045	24,12,17,15,2,24,22,45,16,16,33,98,25
Cluster_3420	OG0025728	NA
Cluster_3420	OG0000045	24,12,17,15,2,24,22,45,16,16,33,98,25
Cluster_3433	OG0017702	1,1,1,1,1,1
Cluster_3433	OG0016616	1,1,3,2,2
Cluster_3448	OG0005851	4,1,1,1,1,2,1,2,12,2
Cluster_3448	OG0010753	1,1,2,1,1,1,2,2,1,1,2,1
Cluster_3448	OG0005851	4,1,1,1,1,2,1,2,12,2
Cluster_3458	OG0005484	1,2,2,2,2,2,2,4,2,2,2,3,1
Cluster_3458	OG0017806	1,3,2
Cluster_3458	OG0001157	4,2,10,2,2,3,2,4,4,2,2,19,5
Cluster_3466	OG0018422	1,4
Cluster_3466	OG0000702	7,4,4,3,3,3,4,3,2,33,2
Cluster_3466	OG0010112	1,1,2,1,1,1,1,4,1,1,1,4,1
Cluster_3466	OG0003168	2,2,4,2,1,2,3,7,3,3,6,1
Cluster_3466	OG0023203	1,1
Cluster_3466	OG0000702	7,4,4,3,3,3,4,3,2,33,2
Cluster_3466	OG0022059	NA
Cluster_3466	OG0000702	7,4,4,3,3,3,4,3,2,33,2
Cluster_3468	OG0007552	1,1,1,1,1,2,1,3,1,1,1,4,1
Cluster_3468	OG0006675	2,2,1,1,1,1,2,4,1,2,1,5,2
Cluster_3469	OG0011072	1,2,1,1,2,1,2,1,1,1,3,2
Cluster_3469	OG0019655	3
Cluster_3474	OG0000643	3,5,1,7,3,5,5,11,10,6,5,12,4
Cluster_3474	OG0008293	1,1,2,2,2,2,4,1,2,2,2,1
Cluster_3474	OG0007059	1,1,2,1,1,2,1,2,2,1,1,8,1
Cluster_3484	OG0002523	4,3,2,2,2,2,2,5,2,3,15,1
Cluster_3484	OG0013322	1,1,2,1,1,1,1,1,1,1,3,1
Cluster_3488	OG0000004	1,9,58,1,18,105,52,1,97,5,163,15
Cluster_3488	OG0017309	1,1
Cluster_3491	OG0018728	1
Cluster_3491	OG0000124	8,7,16,2,11,9,9,25,17,12,10,50,8
Cluster_3491	OG0016978	1,1,1
Cluster_3511	OG0000944	2,3,4,8,2,7,4,10,5,4,4,11,2
Cluster_3511	OG0025366	NA
Cluster_3515	OG0008807	1,1,1,1,1,1,1,2,1,1,1,3
Cluster_3515	OG0008808	1,1,6,1,1,1,1,2,1,1,1,5,1
Cluster_3521	OG0001599	3,2,4,1,1,4,9,1,2,5,14,2
Cluster_3521	OG0018829	2,1
Cluster_3521	OG0002535	2,2,4,2,2,3,2,4,2,2,2,13,2
Cluster_3521	OG0000001	201,117,250,155,18,131,130,340,126,157,118,674,173
Cluster_3539	OG0000122	16,17,16,6,3,14,16,21,8,12,17,44,13
Cluster_3539	OG0003213	1,2,3,2,3,3,6,2,4,3,6,1
Cluster_0236	OG0020547	NA
Cluster_0236	OG0020759	NA
Cluster_0236	OG0020547	NA
Cluster_0048	OG0001430	2,2,4,6,3,5,4,4,4,3,3,7,2
Cluster_0048	OG0001434	1,1,1,1,3,2,5,15,2,5,6,11,1
Cluster_0124	OG0004308	1,1,3,1,1,3,3,6,1,3,2,5,1
Cluster_0124	OG0010941	1,1,1,2,1,2,2,3,1,1,4,1
Cluster_0146	OG0021973	1
Cluster_0146	OG0000038	40,15,85,19,5,22,4,24,7,20,17,134,34
Cluster_0146	OG0021973	1
Cluster_0146	OG0000038	40,15,85,19,5,22,4,24,7,20,17,134,34
Cluster_0158	OG0000015	2,38,3,17,21,182,7,5,3,115,10
Cluster_0158	OG0002362	4,4,17,4,12,3
Cluster_0158	OG0000015	2,38,3,17,21,182,7,5,3,115,10
Cluster_0158	OG0002362	4,4,17,4,12,3
Cluster_0199	OG0017792	1,2,2,1
Cluster_0199	OG0001606	3,3,4,1,2,4,2,4,3,3,2,16,2
Cluster_0240	OG0005064	2,1,4,1,1,1,6,1,1,1,9,1
Cluster_0240	OG0025003	NA
Cluster_0240	OG0019663	2
Cluster_0243	OG0000001	201,117,250,155,18,131,130,340,126,157,118,674,173
Cluster_0243	OG0018207	1,1,1
Cluster_0243	OG0001532	3,1,1,2,1,2,5,16,3,3,14,6
Cluster_0243	OG0000001	201,117,250,155,18,131,130,340,126,157,118,674,173
Cluster_0243	OG0000003	112,56,130,91,24,81,68,195,50,71,61,368,76
Cluster_0004	OG0001275	5,4,4,1,2,2,1,6,2,6,3,15,7
Cluster_0004	OG0023028	1
Cluster_0004	OG0001275	5,4,4,1,2,2,1,6,2,6,3,15,7
Cluster_0025	OG0001961	2,2,4,3,1,3,2,6,3,2,2,16,2
Cluster_0015	OG0000059	20,15,31,23,1,16,16,39,12,18,17,76,12
Cluster_0015	OG0019924	4
Cluster_0015	OG0000059	20,15,31,23,1,16,16,39,12,18,17,76,12
Cluster_0025	OG0005772	3,1,1,2,1,1,4,4,3,3,2,2,2
Cluster_0025	OG0019667	1,1,1
Cluster_0118	OG0005552	1,1,5,1,1,1,1,3,2,1,1,5,1
Cluster_0118	OG0003377	1,1,5,13,2,8
Cluster_0118	OG0005552	1,1,5,1,1,1,1,3,2,1,1,5,1
Cluster_0137	OG0000175	13,9,8,7,5,9,10,20,2,10,10,49,9
Cluster_0137	OG0016929	1,2,1
Cluster_0137	OG0025130	NA
Cluster_0137	OG0000175	13,9,8,7,5,9,10,20,2,10,10,49,9
Cluster_0157	OG0022055	NA
Cluster_0157	OG0005557	1,1,5,1,1,1,1,2,2,1,2,6,1
Cluster_0168	OG0007453	1,1,3,2,1,3,1,2,1,1,6,1
Cluster_0168	OG0002642	1,2,7,1,1,2,1,5,1,1,1,12,1
Cluster_0168	OG0007453	1,1,3,2,1,3,1,2,1,1,6,1
Cluster_0171	OG0001891	4,3,3,1,4,3,6,1,3,4,6,1
Cluster_0171	OG0000744	8,1,6,1,3,1,8,18,11,3,13,2
Cluster_0177	OG0000167	6,11,3,3,2,10,8,25,5,15,24,30,10
Cluster_0177	OG0018368	3,3
Cluster_0180	OG0005718	1,1,1,1,2,2,3,4,3,2,7,1
Cluster_0180	OG0027626	1
Cluster_0181	OG0027627	1
Cluster_0181	OG0002435	2,5,7,2,2,5,3,6,2,3,6,1
Cluster_0187	OG0008152	1,1,1,1,1,3,7,3,2,3,1
Cluster_0187	OG0000530	7,4,6,1,3,1,6,10,1,5,4,34,8
Cluster_0203	OG0001390	3,3,6,3,1,5,3,10,1,3,2,12,4
Cluster_0203	OG0021225	2
Cluster_0218	OG0016983	3,1
Cluster_0218	OG0004250	1,1,5,2,1,2,1,2,2,1,1,12,1
Cluster_0220	OG0018085	1,1,1,3
Cluster_0220	OG0000188	14,9,13,5,8,25,27,1,13,5,34,5
Cluster_0227	OG0001793	1,2,2,3,9,4,7,3,4,3,7,2
Cluster_0227	OG0003967	2,9,2,1,3,3,2,1,1,7,3
Cluster_0227	OG0006207	2,1,1,3,6,4,3,4,2
Cluster_0227	OG0001427	3,2,5,1,3,6,2,3,4,15,5
Cluster_0227	OG0019055	4,1
Cluster_0227	OG0001427	3,2,5,1,3,6,2,3,4,15,5
Cluster_0228	OG0012197	1,1,1,3,1,1,1,2,1,1,1,3,1
Cluster_0228	OG0022363	1
Cluster_0231	OG0002767	3,1,4,3,2,4,2,4,3,2,2,9,2
Cluster_0231	OG0017001	1,2,1,2,1,1
Cluster_0239	OG0000379	14,5,9,3,3,10,2,11,3,3,37,12
Cluster_0239	OG0001796	5,4,8,5,2,5,2,3,7,7,1
Cluster_0254	OG0015416	2,3,2,1,1,3
Cluster_0254	OG0001419	2,6,3,5,1,3,1,3,18,6
Cluster_0021	OG0000011	50,26,63,35,17,38,43,94,24,35,21,155,55
Cluster_0021	OG0007940	1,1,1,1,1,1,1,2,1,1,1,7,1
Cluster_0021	OG0000011	50,26,63,35,17,38,43,94,24,35,21,155,55
Cluster_0021	OG0007940	1,1,1,1,1,1,1,2,1,1,1,7,1
Cluster_0024	OG0013897	1,1,4,1,1,2,1,1,1,2,1
Cluster_0024	OG0013878	1,1,1,1,1,1,1,2,1,1,1,3,1
Cluster_0024	OG0007236	1,1,4,8,1,1,1,2,1,1,1,3,1
Cluster_0026	OG0025189	NA
Cluster_0026	OG0000295	4,6,6,6,6,8,7,17,12,8,7,18,3
Cluster_0030	OG0025986	NA
Cluster_0030	OG0006192	2,1,1,1,2,1,1,10
Cluster_0030	OG0004501	3,1,1,3,2,2,2,2,3,2,2,7,1
Cluster_0030	OG0023184	2
Cluster_0030	OG0006192	2,1,1,1,2,1,1,10
Cluster_0030	OG0004501	3,1,1,3,2,2,2,2,3,2,2,7,1
Cluster_0035	OG0004524	1,1,2,1,2,2,1,2,1,1,1,8,1
Cluster_0035	OG0020541	NA
Cluster_0035	OG0025212	NA
Cluster_0035	OG0020541	NA
Cluster_0038	OG0000001	201,117,250,155,18,131,130,340,126,157,118,674,173
Cluster_0038	OG0000039	40,17,74,18,2,28,17,32,10,33,17,95,27
Cluster_0040	OG0000531	3,3,7,4,3,6,10,17,6,8,7,14,2
Cluster_0040	OG0005142	2,2,2,2,4,3,1,2,2,2,6,1
Cluster_0058	OG0017180	1,1,1,1,2,1
Cluster_0058	OG0000077	27,11,6,8,5,12,9,26,7,9,11,105,27
Cluster_0061	OG0013606	6,3,1,6
Cluster_0061	OG0000019	35,41,31,33,29,33,87,27,34,35,100,33
Cluster_0064	OG0015137	1,1,1,1,1,1,1,2,1,1,3
Cluster_0064	OG0008762	1,1,3,1,1,1,1,6,1,1,1,4,1
Cluster_0064	OG0003702	1,2,2,2,2,2,2,6,2,2,2,6
Cluster_0079	OG0000711	4,4,6,3,4,2,7,11,1,6,6,16,6
Cluster_0079	OG0000710	6,5,5,4,1,4,6,10,1,5,6,16,5
Cluster_0085	OG0000126	16,5,11,4,3,3,5,9,6,5,6,110,15
Cluster_0085	OG0019091	1,1,1
Cluster_0085	OG0000126	16,5,11,4,3,3,5,9,6,5,6,110,15
Cluster_0091	OG0000177	5,3,24,42,27,6,16,10,8,3,18,5
Cluster_0091	OG0000120	9,9,25,11,4,8,8,21,14,8,8,67,9
Cluster_0093	OG0006300	1,1,4,1,3,1,2,5,2,2,1,3,1
Cluster_0093	OG0015329	4,1,1,3,1,1,3
Cluster_0095	OG0000044	41,16,57,17,16,14,33,16,19,15,108,26
Cluster_0095	OG0000189	11,5,18,11,8,8,9,22,3,12,10,33,9
Cluster_0095	OG0018898	1,1,1,1,1
Cluster_0100	OG0013919	1,1,1,1,1,1,1,4,1,1,3
Cluster_0100	OG0027350	1
Cluster_0100	OG0011625	1,1,2,1,1,1,1,1,2,1,1,4
Cluster_0103	OG0012719	1,3,1,1,1,1,2,2,1,1,3
Cluster_0103	OG0012247	1,1,2,1,1,1,1,2,1,1,1,3,1
Cluster_0103	OG0012719	1,3,1,1,1,1,2,2,1,1,3
Cluster_0110	OG0002618	4,3,2,2,1,3,3,8,1,1,1,11,2
Cluster_0110	OG0000042	40,27,19,13,4,21,13,39,20,16,150,34
Cluster_3670	OG0000028	2,53,1,18,77,19,22,3,188,10
Cluster_3670	OG0002125	1,1,1,1,1,3,1,6
Cluster_3671	OG0000128	2,1,58,1,70,1
Cluster_3671	OG0000658	5,1,2,14,2
Cluster_3671	OG0000128	2,1,58,1,70,1
Cluster_3672	OG0006845	1,23,2
Cluster_3671	OG0000028	2,53,1,18,77,19,22,3,188,10
Cluster_3671	OG0000128	2,1,58,1,70,1
Cluster_3671	OG0000658	5,1,2,14,2
Cluster_3671	OG0000128	2,1,58,1,70,1
Cluster_3672	OG0014286	1,1,8,4,3
Cluster_3671	OG0000128	2,1,58,1,70,1
Cluster_3672	OG0000028	2,53,1,18,77,19,22,3,188,10
Cluster_3672	OG0002125	1,1,1,1,1,3,1,6
Cluster_3672	OG0000028	2,53,1,18,77,19,22,3,188,10
Cluster_3672	OG0000057	1,11,2,3,1,2,1,231,6
Cluster_3672	OG0000028	2,53,1,18,77,19,22,3,188,10
Cluster_3672	OG0002125	1,1,1,1,1,3,1,6
Cluster_3672	OG0000028	2,53,1,18,77,19,22,3,188,10
Cluster_3672	OG0000057	1,11,2,3,1,2,1,231,6
Cluster_3672	OG0000028	2,53,1,18,77,19,22,3,188,10
Cluster_3672	OG0000658	5,1,2,14,2
Cluster_3672	OG0000128	2,1,58,1,70,1
Cluster_3672	OG0000028	2,53,1,18,77,19,22,3,188,10
Cluster_3672	OG0000658	5,1,2,14,2
Cluster_3672	OG0000128	2,1,58,1,70,1
Cluster_3672	OG0002125	1,1,1,1,1,3,1,6
Cluster_3672	OG0014714	1,4
Cluster_3672	OG0000658	5,1,2,14,2
Cluster_3672	OG0000128	2,1,58,1,70,1
Cluster_3672	OG0001116	2,1,1,44
Cluster_3688	OG0000037	2,152,219,13,18
Cluster_3688	OG0000057	1,11,2,3,1,2,1,231,6
Cluster_3672	OG0000028	2,53,1,18,77,19,22,3,188,10
Cluster_3672	OG0000658	5,1,2,14,2
Cluster_3672	OG0000128	2,1,58,1,70,1
Cluster_3672	OG0000028	2,53,1,18,77,19,22,3,188,10
Cluster_3672	OG0000658	5,1,2,14,2
Cluster_3672	OG0000128	2,1,58,1,70,1
Cluster_3672	OG0000028	2,53,1,18,77,19,22,3,188,10
Cluster_3672	OG0002125	1,1,1,1,1,3,1,6
Cluster_3672	OG0001116	2,1,1,44
Cluster_3672	OG0000128	2,1,58,1,70,1
Cluster_3672	OG0001116	2,1,1,44
Cluster_3672	OG0000128	2,1,58,1,70,1
Cluster_3672	OG0000028	2,53,1,18,77,19,22,3,188,10
Cluster_3672	OG0002125	1,1,1,1,1,3,1,6
Cluster_3672	OG0000028	2,53,1,18,77,19,22,3,188,10
Cluster_3672	OG0000128	2,1,58,1,70,1
Cluster_3672	OG0000057	1,11,2,3,1,2,1,231,6
Cluster_3672	OG0000028	2,53,1,18,77,19,22,3,188,10
Cluster_3672	OG0000057	1,11,2,3,1,2,1,231,6
Cluster_3672	OG0000128	2,1,58,1,70,1
Cluster_3672	OG0000658	5,1,2,14,2
Cluster_3672	OG0000028	2,53,1,18,77,19,22,3,188,10
Cluster_3672	OG0002125	1,1,1,1,1,3,1,6
Cluster_3672	OG0000128	2,1,58,1,70,1
Cluster_3672	OG0000028	2,53,1,18,77,19,22,3,188,10
Cluster_3672	OG0021219	1
Cluster_3672	OG0000028	2,53,1,18,77,19,22,3,188,10
Cluster_3672	OG0000658	5,1,2,14,2
Cluster_3672	OG0000128	2,1,58,1,70,1
Cluster_3672	OG0000658	5,1,2,14,2
Cluster_3672	OG0000202	1,4,1,23,18,1,12
Cluster_3672	OG0000128	2,1,58,1,70,1
Cluster_3672	OG0000658	5,1,2,14,2
Cluster_3672	OG0000128	2,1,58,1,70,1
Cluster_3672	OG0000028	2,53,1,18,77,19,22,3,188,10
Cluster_3672	OG0000658	5,1,2,14,2
Cluster_3672	OG0002125	1,1,1,1,1,3,1,6
Cluster_3672	OG0000028	2,53,1,18,77,19,22,3,188,10
Cluster_3672	OG0000128	2,1,58,1,70,1
Cluster_3672	OG0001116	2,1,1,44
Cluster_3672	OG0000658	5,1,2,14,2
Cluster_3672	OG0001116	2,1,1,44
Cluster_3672	OG0002125	1,1,1,1,1,3,1,6
Cluster_3672	OG0000128	2,1,58,1,70,1
Cluster_3672	OG0000658	5,1,2,14,2
Cluster_3672	OG0000028	2,53,1,18,77,19,22,3,188,10
Cluster_3672	OG0002125	1,1,1,1,1,3,1,6
Cluster_3672	OG0000202	1,4,1,23,18,1,12
Cluster_3672	OG0000128	2,1,58,1,70,1
Cluster_3672	OG0000658	5,1,2,14,2
Cluster_3672	OG0000128	2,1,58,1,70,1
Cluster_3672	OG0000658	5,1,2,14,2
Cluster_3672	OG0001116	2,1,1,44
Cluster_3672	OG0000028	2,53,1,18,77,19,22,3,188,10
Cluster_3677	OG0016502	6,2
Cluster_3677	OG0000287	2,16,2,4,65,2,1,35,6
Cluster_3672	OG0000028	2,53,1,18,77,19,22,3,188,10
Cluster_3677	OG0000287	2,16,2,4,65,2,1,35,6
Cluster_3677	OG0006845	1,23,2
Cluster_3677	OG0016502	6,2
Cluster_3679	OG0000128	2,1,58,1,70,1
Cluster_3677	OG0006845	1,23,2
Cluster_3677	OG0016502	6,2
Cluster_3677	OG0002236	2,39,4,2,2
Cluster_3679	OG0000658	5,1,2,14,2
Cluster_3683	OG0000028	2,53,1,18,77,19,22,3,188,10
Cluster_3679	OG0001116	2,1,1,44
Cluster_3679	OG0000658	5,1,2,14,2
Cluster_3679	OG0000128	2,1,58,1,70,1
Cluster_3683	OG0002125	1,1,1,1,1,3,1,6
Cluster_3683	OG0000028	2,53,1,18,77,19,22,3,188,10
Cluster_3679	OG0000128	2,1,58,1,70,1
Cluster_3679	OG0000658	5,1,2,14,2
Cluster_3683	OG0000028	2,53,1,18,77,19,22,3,188,10
Cluster_3679	OG0017288	NA
Cluster_3683	OG0000028	2,53,1,18,77,19,22,3,188,10
Cluster_3679	OG0000658	5,1,2,14,2
Cluster_3679	OG0000128	2,1,58,1,70,1
Cluster_3683	OG0000028	2,53,1,18,77,19,22,3,188,10
Cluster_3679	OG0000143	4,166,4,1
Cluster_3679	OG0000658	5,1,2,14,2
Cluster_3679	OG0000128	2,1,58,1,70,1
Cluster_3679	OG0000658	5,1,2,14,2
Cluster_3683	OG0000028	2,53,1,18,77,19,22,3,188,10
Cluster_3679	OG0000128	2,1,58,1,70,1
Cluster_3679	OG0000658	5,1,2,14,2
Cluster_3679	OG0000128	2,1,58,1,70,1
Cluster_3683	OG0000202	1,4,1,23,18,1,12
Cluster_3683	OG0002125	1,1,1,1,1,3,1,6
Cluster_3683	OG0000028	2,53,1,18,77,19,22,3,188,10
Cluster_3679	OG0000128	2,1,58,1,70,1
Cluster_3679	OG0000658	5,1,2,14,2
Cluster_3683	OG0000028	2,53,1,18,77,19,22,3,188,10
Cluster_3679	OG0000128	2,1,58,1,70,1
Cluster_3683	OG0000028	2,53,1,18,77,19,22,3,188,10
Cluster_3683	OG0002125	1,1,1,1,1,3,1,6
Cluster_3683	OG0000028	2,53,1,18,77,19,22,3,188,10
Cluster_3679	OG0000128	2,1,58,1,70,1
Cluster_3683	OG0000028	2,53,1,18,77,19,22,3,188,10
Cluster_3679	OG0000128	2,1,58,1,70,1
Cluster_3683	OG0000028	2,53,1,18,77,19,22,3,188,10
Cluster_3683	OG0002125	1,1,1,1,1,3,1,6
Cluster_3683	OG0000028	2,53,1,18,77,19,22,3,188,10
Cluster_3683	OG0014714	1,4
Cluster_3683	OG0000028	2,53,1,18,77,19,22,3,188,10
Cluster_3686	OG0000658	5,1,2,14,2
Cluster_3686	OG0000128	2,1,58,1,70,1
Cluster_3683	OG0000028	2,53,1,18,77,19,22,3,188,10
Cluster_3686	OG0000658	5,1,2,14,2
Cluster_3683	OG0000028	2,53,1,18,77,19,22,3,188,10
Cluster_3683	OG0017872	3,2
Cluster_3683	OG0000028	2,53,1,18,77,19,22,3,188,10
Cluster_3686	OG0000658	5,1,2,14,2
Cluster_3686	OG0000128	2,1,58,1,70,1
Cluster_3683	OG0017872	3,2
Cluster_3686	OG0000128	2,1,58,1,70,1
Cluster_3686	OG0000658	5,1,2,14,2
Cluster_3687	OG0000028	2,53,1,18,77,19,22,3,188,10
Cluster_3687	OG0002125	1,1,1,1,1,3,1,6
Cluster_3686	OG0000658	5,1,2,14,2
Cluster_3686	OG0000128	2,1,58,1,70,1
Cluster_3687	OG0000028	2,53,1,18,77,19,22,3,188,10
Cluster_3686	OG0000658	5,1,2,14,2
Cluster_3686	OG0000128	2,1,58,1,70,1
Cluster_3687	OG0002125	1,1,1,1,1,3,1,6
Cluster_3687	OG0014714	1,4
Cluster_3686	OG0003327	1,1,8,2
Cluster_3686	OG0000658	5,1,2,14,2
Cluster_3686	OG0000128	2,1,58,1,70,1
Cluster_3687	OG0000028	2,53,1,18,77,19,22,3,188,10
Cluster_3686	OG0000128	2,1,58,1,70,1
Cluster_3687	OG0000028	2,53,1,18,77,19,22,3,188,10
Cluster_3687	OG0002125	1,1,1,1,1,3,1,6
Cluster_3687	OG0000028	2,53,1,18,77,19,22,3,188,10
Cluster_3699	OG0000003	112,56,130,91,24,81,68,195,50,71,61,368,76
Cluster_3699	OG0025730	NA
Cluster_3714	OG0010051	1,2,2,1,1,1,2,1,1,2,4,1
Cluster_3714	OG0027089	1
Cluster_3718	OG0022326	NA
Cluster_3718	OG0017672	1,1
Cluster_3722	OG0005280	2,1,1,1,1,1,2,4,2,2,2,6,2
Cluster_3722	OG0022013	NA
Cluster_3692	OG0020599	1,1
Cluster_3692	OG0000004	1,9,58,1,18,105,52,1,97,5,163,15
