1	0	1000000	0	0	1000000	0.0000000
1	1000000	2000000	4	2881	1000000	0.0028810
1	2000000	3000000	0	0	1000000	0.0000000
1	3000000	4000000	0	0	1000000	0.0000000
1	4000000	5000000	0	0	1000000	0.0000000
1	5000000	6000000	0	0	1000000	0.0000000
1	6000000	7000000	2	5739	1000000	0.0057390
1	7000000	8000000	10	21104	1000000	0.0211040
1	8000000	9000000	9	26965	1000000	0.0269650
1	9000000	10000000	6	13284	1000000	0.0132840
1	10000000	11000000	2	2433	1000000	0.0024330
1	11000000	12000000	4	2244	1000000	0.0022440
1	12000000	13000000	2	2107	1000000	0.0021070
1	13000000	14000000	3	687	1000000	0.0006870
1	14000000	15000000	3	1173	1000000	0.0011730
1	15000000	16000000	6	7175	1000000	0.0071750
1	16000000	17000000	2	6174	1000000	0.0061740
1	17000000	18000000	7	7303	1000000	0.0073030
1	18000000	19000000	8	41126	1000000	0.0411260
1	19000000	20000000	6	17336	1000000	0.0173360
1	20000000	21000000	2	12378	1000000	0.0123780
1	21000000	22000000	4	24206	1000000	0.0242060
1	22000000	23000000	0	0	1000000	0.0000000
1	23000000	24000000	0	0	1000000	0.0000000
1	24000000	25000000	4	15553	1000000	0.0155530
1	25000000	26000000	0	0	1000000	0.0000000
1	26000000	27000000	0	0	1000000	0.0000000
1	27000000	28000000	1	4855	1000000	0.0048550
1	28000000	29000000	1	7514	1000000	0.0075140
1	29000000	30000000	0	0	1000000	0.0000000
1	30000000	31000000	3	7344	1000000	0.0073440
1	31000000	32000000	7	23182	1000000	0.0231820
1	32000000	33000000	2	5685	1000000	0.0056850
1	33000000	34000000	2	5881	1000000	0.0058810
1	34000000	35000000	0	0	1000000	0.0000000
1	35000000	36000000	5	8204	1000000	0.0082040
1	36000000	37000000	0	0	1000000	0.0000000
1	37000000	38000000	2	4049	1000000	0.0040490
1	38000000	39000000	4	15659	1000000	0.0156590
1	39000000	40000000	3	1654	1000000	0.0016540
1	40000000	41000000	0	0	1000000	0.0000000
1	41000000	42000000	2	6301	1000000	0.0063010
1	42000000	43000000	2	6124	1000000	0.0061240
1	43000000	44000000	0	0	1000000	0.0000000
1	44000000	45000000	4	8549	1000000	0.0085490
1	45000000	46000000	2	1811	1000000	0.0018110
1	46000000	47000000	0	0	1000000	0.0000000
1	47000000	48000000	6	6611	1000000	0.0066110
1	48000000	49000000	5	17348	1000000	0.0173480
1	49000000	50000000	2	3612	1000000	0.0036120
1	50000000	51000000	0	0	1000000	0.0000000
1	51000000	52000000	0	0	1000000	0.0000000
1	52000000	53000000	0	0	1000000	0.0000000
1	53000000	54000000	2	8769	1000000	0.0087690
1	54000000	55000000	2	3957	1000000	0.0039570
1	55000000	56000000	0	0	1000000	0.0000000
1	56000000	57000000	0	0	1000000	0.0000000
1	57000000	58000000	6	14301	1000000	0.0143010
1	58000000	59000000	8	6315	1000000	0.0063150
1	59000000	60000000	0	0	1000000	0.0000000
1	60000000	61000000	5	20017	1000000	0.0200170
1	61000000	62000000	2	4354	1000000	0.0043540
1	62000000	63000000	2	7980	1000000	0.0079800
1	63000000	64000000	4	9761	1000000	0.0097610
1	64000000	65000000	6	11416	1000000	0.0114160
1	65000000	66000000	5	10383	1000000	0.0103830
1	66000000	67000000	0	0	1000000	0.0000000
1	67000000	68000000	5	21248	1000000	0.0212480
1	68000000	69000000	5	12318	1000000	0.0123180
1	69000000	70000000	0	0	1000000	0.0000000
1	70000000	71000000	0	0	1000000	0.0000000
1	71000000	72000000	2	7972	1000000	0.0079720
1	72000000	73000000	2	8061	1000000	0.0080610
1	73000000	74000000	0	0	1000000	0.0000000
1	74000000	75000000	3	6148	1000000	0.0061480
1	75000000	76000000	0	0	1000000	0.0000000
1	76000000	77000000	0	0	1000000	0.0000000
1	77000000	78000000	6	5589	1000000	0.0055890
1	78000000	79000000	3	2117	1000000	0.0021170
1	79000000	80000000	0	0	1000000	0.0000000
1	80000000	81000000	3	1430	1000000	0.0014300
1	81000000	82000000	2	4468	1000000	0.0044680
1	82000000	83000000	1	1181	1000000	0.0011810
1	83000000	84000000	9	7327	1000000	0.0073270
1	84000000	85000000	0	0	1000000	0.0000000
1	85000000	86000000	0	0	1000000	0.0000000
1	86000000	87000000	4	4013	1000000	0.0040130
1	87000000	88000000	6	17979	1000000	0.0179790
1	88000000	89000000	0	0	1000000	0.0000000
1	89000000	90000000	0	0	1000000	0.0000000
1	90000000	91000000	2	831	1000000	0.0008310
1	91000000	92000000	0	0	1000000	0.0000000
1	92000000	93000000	0	0	1000000	0.0000000
1	93000000	94000000	7	14232	1000000	0.0142320
1	94000000	95000000	3	9227	1000000	0.0092270
1	95000000	96000000	1	2565	1000000	0.0025650
1	96000000	97000000	1	633	1000000	0.0006330
1	97000000	98000000	1	2128	1000000	0.0021280
1	98000000	99000000	0	0	1000000	0.0000000
1	99000000	100000000	0	0	1000000	0.0000000
1	100000000	101000000	0	0	1000000	0.0000000
1	101000000	102000000	0	0	1000000	0.0000000
1	102000000	103000000	0	0	1000000	0.0000000
1	103000000	104000000	0	0	1000000	0.0000000
1	104000000	105000000	2	2051	1000000	0.0020510
1	105000000	106000000	2	7851	1000000	0.0078510
1	106000000	107000000	0	0	1000000	0.0000000
1	107000000	108000000	2	9051	1000000	0.0090510
1	108000000	109000000	1	4988	1000000	0.0049880
1	109000000	110000000	2	7174	1000000	0.0071740
1	110000000	111000000	2	831	1000000	0.0008310
1	111000000	112000000	0	0	1000000	0.0000000
1	112000000	113000000	0	0	1000000	0.0000000
1	113000000	114000000	5	11696	1000000	0.0116960
1	114000000	115000000	0	0	1000000	0.0000000
1	115000000	116000000	3	6836	1000000	0.0068360
1	116000000	117000000	2	9735	1000000	0.0097350
1	117000000	118000000	2	1095	1000000	0.0010950
1	118000000	119000000	6	80703	1000000	0.0807030
1	119000000	120000000	1	13021	1000000	0.0130210
1	120000000	121000000	0	0	1000000	0.0000000
1	121000000	122000000	3	5763	1000000	0.0057630
1	122000000	123000000	1	1925	1000000	0.0019250
1	123000000	124000000	1	1191	1000000	0.0011910
1	124000000	125000000	3	22404	1000000	0.0224040
1	125000000	126000000	0	0	1000000	0.0000000
1	126000000	127000000	0	0	1000000	0.0000000
1	127000000	128000000	0	0	1000000	0.0000000
1	128000000	129000000	0	0	1000000	0.0000000
1	129000000	130000000	0	0	1000000	0.0000000
1	130000000	131000000	0	0	1000000	0.0000000
1	131000000	132000000	0	0	1000000	0.0000000
1	132000000	133000000	0	0	1000000	0.0000000
1	133000000	134000000	2	1553	1000000	0.0015530
1	134000000	135000000	0	0	1000000	0.0000000
1	135000000	136000000	0	0	1000000	0.0000000
1	136000000	137000000	2	9574	1000000	0.0095740
1	137000000	138000000	0	0	1000000	0.0000000
1	138000000	139000000	0	0	1000000	0.0000000
1	139000000	140000000	0	0	1000000	0.0000000
1	140000000	141000000	0	0	1000000	0.0000000
1	141000000	142000000	0	0	1000000	0.0000000
1	142000000	143000000	2	3924	1000000	0.0039240
1	143000000	144000000	0	0	1000000	0.0000000
1	144000000	145000000	0	0	1000000	0.0000000
1	145000000	146000000	0	0	1000000	0.0000000
1	146000000	147000000	0	0	1000000	0.0000000
1	147000000	148000000	0	0	1000000	0.0000000
1	148000000	149000000	0	0	1000000	0.0000000
1	149000000	150000000	0	0	1000000	0.0000000
1	150000000	151000000	0	0	1000000	0.0000000
1	151000000	152000000	0	0	1000000	0.0000000
1	152000000	153000000	2	1805	1000000	0.0018050
1	153000000	154000000	0	0	1000000	0.0000000
1	154000000	155000000	1	2659	1000000	0.0026590
1	155000000	156000000	1	2673	1000000	0.0026730
1	156000000	157000000	0	0	1000000	0.0000000
1	157000000	158000000	0	0	1000000	0.0000000
1	158000000	159000000	0	0	1000000	0.0000000
1	159000000	160000000	0	0	1000000	0.0000000
1	160000000	161000000	2	3026	1000000	0.0030260
1	161000000	162000000	4	58932	1000000	0.0589320
1	162000000	163000000	2	3336	1000000	0.0033360
1	163000000	164000000	2	4081	1000000	0.0040810
1	164000000	165000000	0	0	1000000	0.0000000
1	165000000	166000000	0	0	1000000	0.0000000
1	166000000	167000000	2	13523	1000000	0.0135230
1	167000000	168000000	11	46207	1000000	0.0462070
1	168000000	169000000	2	19410	1000000	0.0194100
1	169000000	170000000	0	0	1000000	0.0000000
1	170000000	171000000	2	9409	1000000	0.0094090
1	171000000	172000000	0	0	1000000	0.0000000
1	172000000	173000000	0	0	1000000	0.0000000
1	173000000	174000000	0	0	1000000	0.0000000
1	174000000	175000000	2	492	1000000	0.0004920
1	175000000	176000000	0	0	1000000	0.0000000
1	176000000	177000000	2	8496	1000000	0.0084960
1	177000000	178000000	0	0	1000000	0.0000000
1	178000000	179000000	2	4412	1000000	0.0044120
1	179000000	180000000	4	2109	1000000	0.0021090
1	180000000	181000000	0	0	1000000	0.0000000
1	181000000	182000000	4	6222	1000000	0.0062220
1	182000000	183000000	2	3174	1000000	0.0031740
1	183000000	184000000	3	33084	1000000	0.0330840
1	184000000	185000000	2	3570	1000000	0.0035700
1	185000000	186000000	6	15478	1000000	0.0154780
1	186000000	187000000	1	1363	1000000	0.0013630
1	187000000	188000000	16	29333	1000000	0.0293330
1	188000000	189000000	3	6738	1000000	0.0067380
1	189000000	190000000	5	5285	1000000	0.0052850
1	190000000	191000000	0	0	1000000	0.0000000
1	191000000	192000000	0	0	1000000	0.0000000
1	192000000	193000000	6	11228	1000000	0.0112280
1	193000000	194000000	2	20904	1000000	0.0209040
1	194000000	195000000	2	2786	1000000	0.0027860
1	195000000	196000000	0	0	1000000	0.0000000
1	196000000	197000000	0	0	1000000	0.0000000
1	197000000	198000000	2	6093	1000000	0.0060930
1	198000000	199000000	4	13198	1000000	0.0131980
1	199000000	200000000	0	0	1000000	0.0000000
1	200000000	201000000	0	0	1000000	0.0000000
1	201000000	202000000	4	7441	1000000	0.0074410
1	202000000	203000000	7	13432	1000000	0.0134320
1	203000000	204000000	0	0	1000000	0.0000000
1	204000000	205000000	0	0	1000000	0.0000000
1	205000000	206000000	0	0	1000000	0.0000000
1	206000000	207000000	3	2466	1000000	0.0024660
1	207000000	208000000	8	32927	1000000	0.0329270
1	208000000	209000000	2	12010	1000000	0.0120100
1	209000000	210000000	7	11071	1000000	0.0110710
1	210000000	211000000	6	10122	1000000	0.0101220
1	211000000	212000000	0	0	1000000	0.0000000
1	212000000	213000000	4	1593	1000000	0.0015930
1	213000000	214000000	0	0	1000000	0.0000000
1	214000000	215000000	0	0	1000000	0.0000000
1	215000000	216000000	2	2816	1000000	0.0028160
1	216000000	217000000	0	0	1000000	0.0000000
1	217000000	218000000	0	0	1000000	0.0000000
1	218000000	219000000	5	3614	1000000	0.0036140
1	219000000	220000000	0	0	1000000	0.0000000
1	220000000	221000000	2	1557	1000000	0.0015570
1	221000000	222000000	0	0	1000000	0.0000000
1	222000000	223000000	0	0	1000000	0.0000000
1	223000000	224000000	0	0	1000000	0.0000000
1	224000000	225000000	0	0	1000000	0.0000000
1	225000000	226000000	7	10193	1000000	0.0101930
1	226000000	227000000	2	1323	1000000	0.0013230
1	227000000	228000000	2	3141	1000000	0.0031410
1	228000000	229000000	2	2989	1000000	0.0029890
1	229000000	230000000	2	5245	1000000	0.0052450
1	230000000	231000000	4	9636	1000000	0.0096360
1	231000000	232000000	2	14790	1000000	0.0147900
1	232000000	233000000	6	3181	1000000	0.0031810
1	233000000	234000000	0	0	1000000	0.0000000
1	234000000	235000000	2	6602	1000000	0.0066020
1	235000000	236000000	1	2904	1000000	0.0029040
1	236000000	237000000	2	7679	1000000	0.0076790
1	237000000	238000000	4	11738	1000000	0.0117380
1	238000000	239000000	4	6189	1000000	0.0061890
1	239000000	240000000	8	23318	1000000	0.0233180
1	240000000	241000000	3	6180	1000000	0.0061800
1	241000000	242000000	7	7256	1000000	0.0072560
1	242000000	243000000	0	0	1000000	0.0000000
1	243000000	244000000	2	2171	1000000	0.0021710
1	244000000	245000000	4	3466	1000000	0.0034660
1	245000000	246000000	2	15385	1000000	0.0153850
1	246000000	247000000	0	0	1000000	0.0000000
1	247000000	248000000	4	4422	1000000	0.0044220
1	248000000	249000000	2	1038	1000000	0.0010380
1	249000000	250000000	7	37086	1000000	0.0370860
1	250000000	251000000	0	0	1000000	0.0000000
1	251000000	252000000	4	16037	1000000	0.0160370
1	252000000	253000000	2	1536	1000000	0.0015360
1	253000000	254000000	6	10051	1000000	0.0100510
1	254000000	255000000	2	927	1000000	0.0009270
1	255000000	256000000	1	11521	1000000	0.0115210
1	256000000	257000000	7	18325	1000000	0.0183250
1	257000000	258000000	2	10240	1000000	0.0102400
1	258000000	259000000	2	11635	1000000	0.0116350
1	259000000	260000000	2	2282	1000000	0.0022820
1	260000000	261000000	2	8913	1000000	0.0089130
1	261000000	262000000	0	0	1000000	0.0000000
1	262000000	263000000	15	39017	1000000	0.0390170
1	263000000	264000000	4	1284	1000000	0.0012840
1	264000000	265000000	2	5221	1000000	0.0052210
1	265000000	266000000	4	3176	1000000	0.0031760
1	266000000	267000000	2	7442	1000000	0.0074420
1	267000000	268000000	2	4677	1000000	0.0046770
1	268000000	269000000	2	5686	1000000	0.0056860
1	269000000	270000000	5	36802	1000000	0.0368020
1	270000000	271000000	0	0	1000000	0.0000000
1	271000000	272000000	8	5441	1000000	0.0054410
1	272000000	273000000	1	1002	1000000	0.0010020
1	273000000	274000000	1	990	1000000	0.0009900
1	274000000	275000000	0	0	1000000	0.0000000
1	275000000	276000000	2	9061	1000000	0.0090610
1	276000000	277000000	2	29871	1000000	0.0298710
1	277000000	278000000	4	11984	1000000	0.0119840
1	278000000	279000000	1	248	1000000	0.0002480
1	279000000	280000000	2	1101	1000000	0.0011010
1	280000000	281000000	2	2109	1000000	0.0021090
1	281000000	282000000	2	8266	1000000	0.0082660
1	282000000	283000000	6	80333	1000000	0.0803330
1	283000000	284000000	7	14657	1000000	0.0146570
1	284000000	285000000	6	24650	1000000	0.0246500
1	285000000	286000000	4	26473	1000000	0.0264730
1	286000000	287000000	2	5043	1000000	0.0050430
1	287000000	288000000	2	6416	1000000	0.0064160
1	288000000	289000000	4	3589	1000000	0.0035890
1	289000000	290000000	6	6556	1000000	0.0065560
1	290000000	291000000	0	0	1000000	0.0000000
1	291000000	292000000	5	31823	1000000	0.0318230
1	292000000	293000000	7	17066	1000000	0.0170660
1	293000000	294000000	11	44805	1000000	0.0448050
1	294000000	295000000	4	4218	1000000	0.0042180
1	295000000	296000000	6	12989	1000000	0.0129890
1	296000000	297000000	2	10455	1000000	0.0104550
1	297000000	298000000	0	0	1000000	0.0000000
1	298000000	299000000	9	17925	1000000	0.0179250
1	299000000	300000000	5	10870	1000000	0.0108700
1	300000000	301000000	3	4181	1000000	0.0041810
1	301000000	302000000	7	16048	1000000	0.0160480
1	302000000	303000000	2	1604	1000000	0.0016040
1	303000000	304000000	0	0	1000000	0.0000000
1	304000000	305000000	0	0	1000000	0.0000000
1	305000000	306000000	2	26773	1000000	0.0267730
1	306000000	307000000	3	1413	1000000	0.0014130
1	307000000	307041717	0	0	41717	0.0000000
2	0	1000000	0	0	1000000	0.0000000
2	1000000	2000000	4	11595	1000000	0.0115950
2	2000000	3000000	6	28110	1000000	0.0281100
2	3000000	4000000	8	14443	1000000	0.0144430
2	4000000	5000000	8	12327	1000000	0.0123270
2	5000000	6000000	10	5682	1000000	0.0056820
2	6000000	7000000	8	4060	1000000	0.0040600
2	7000000	8000000	11	39234	1000000	0.0392340
2	8000000	9000000	24	35678	1000000	0.0356780
2	9000000	10000000	4	8068	1000000	0.0080680
2	10000000	11000000	3	17742	1000000	0.0177420
2	11000000	12000000	8	15401	1000000	0.0154010
2	12000000	13000000	7	16865	1000000	0.0168650
2	13000000	14000000	2	3736	1000000	0.0037360
2	14000000	15000000	7	10249	1000000	0.0102490
2	15000000	16000000	8	8039	1000000	0.0080390
2	16000000	17000000	2	1308	1000000	0.0013080
2	17000000	18000000	4	16785	1000000	0.0167850
2	18000000	19000000	0	0	1000000	0.0000000
2	19000000	20000000	4	19255	1000000	0.0192550
2	20000000	21000000	3	5984	1000000	0.0059840
2	21000000	22000000	6	4734	1000000	0.0047340
2	22000000	23000000	2	2388	1000000	0.0023880
2	23000000	24000000	2	24024	1000000	0.0240240
2	24000000	25000000	2	8228	1000000	0.0082280
2	25000000	26000000	3	11271	1000000	0.0112710
2	26000000	27000000	10	18766	1000000	0.0187660
2	27000000	28000000	0	0	1000000	0.0000000
2	28000000	29000000	4	10457	1000000	0.0104570
2	29000000	30000000	8	24101	1000000	0.0241010
2	30000000	31000000	5	32894	1000000	0.0328940
2	31000000	32000000	4	14184	1000000	0.0141840
2	32000000	33000000	0	0	1000000	0.0000000
2	33000000	34000000	5	12994	1000000	0.0129940
2	34000000	35000000	5	17131	1000000	0.0171310
2	35000000	36000000	5	7108	1000000	0.0071080
2	36000000	37000000	2	1344	1000000	0.0013440
2	37000000	38000000	5	2790	1000000	0.0027900
2	38000000	39000000	2	8201	1000000	0.0082010
2	39000000	40000000	4	5313	1000000	0.0053130
2	40000000	41000000	2	2937	1000000	0.0029370
2	41000000	42000000	8	16532	1000000	0.0165320
2	42000000	43000000	2	2910	1000000	0.0029100
2	43000000	44000000	0	0	1000000	0.0000000
2	44000000	45000000	3	7071	1000000	0.0070710
2	45000000	46000000	8	21828	1000000	0.0218280
2	46000000	47000000	6	14964	1000000	0.0149640
2	47000000	48000000	0	0	1000000	0.0000000
2	48000000	49000000	2	3986	1000000	0.0039860
2	49000000	50000000	3	5048	1000000	0.0050480
2	50000000	51000000	0	0	1000000	0.0000000
2	51000000	52000000	0	0	1000000	0.0000000
2	52000000	53000000	1	2056	1000000	0.0020560
2	53000000	54000000	2	3357	1000000	0.0033570
2	54000000	55000000	3	8283	1000000	0.0082830
2	55000000	56000000	2	3057	1000000	0.0030570
2	56000000	57000000	2	2040	1000000	0.0020400
2	57000000	58000000	2	1823	1000000	0.0018230
2	58000000	59000000	0	0	1000000	0.0000000
2	59000000	60000000	5	15449	1000000	0.0154490
2	60000000	61000000	0	0	1000000	0.0000000
2	61000000	62000000	0	0	1000000	0.0000000
2	62000000	63000000	2	2699	1000000	0.0026990
2	63000000	64000000	3	11861	1000000	0.0118610
2	64000000	65000000	1	1663	1000000	0.0016630
2	65000000	66000000	0	0	1000000	0.0000000
2	66000000	67000000	0	0	1000000	0.0000000
2	67000000	68000000	0	0	1000000	0.0000000
2	68000000	69000000	0	0	1000000	0.0000000
2	69000000	70000000	0	0	1000000	0.0000000
2	70000000	71000000	2	16103	1000000	0.0161030
2	71000000	72000000	2	8375	1000000	0.0083750
2	72000000	73000000	3	2155	1000000	0.0021550
2	73000000	74000000	0	0	1000000	0.0000000
2	74000000	75000000	0	0	1000000	0.0000000
2	75000000	76000000	0	0	1000000	0.0000000
2	76000000	77000000	1	1962	1000000	0.0019620
2	77000000	78000000	1	1962	1000000	0.0019620
2	78000000	79000000	0	0	1000000	0.0000000
2	79000000	80000000	0	0	1000000	0.0000000
2	80000000	81000000	0	0	1000000	0.0000000
2	81000000	82000000	0	0	1000000	0.0000000
2	82000000	83000000	0	0	1000000	0.0000000
2	83000000	84000000	0	0	1000000	0.0000000
2	84000000	85000000	0	0	1000000	0.0000000
2	85000000	86000000	0	0	1000000	0.0000000
2	86000000	87000000	0	0	1000000	0.0000000
2	87000000	88000000	0	0	1000000	0.0000000
2	88000000	89000000	0	0	1000000	0.0000000
2	89000000	90000000	2	1678	1000000	0.0016780
2	90000000	91000000	0	0	1000000	0.0000000
2	91000000	92000000	0	0	1000000	0.0000000
2	92000000	93000000	0	0	1000000	0.0000000
2	93000000	94000000	0	0	1000000	0.0000000
2	94000000	95000000	4	16885	1000000	0.0168850
2	95000000	96000000	0	0	1000000	0.0000000
2	96000000	97000000	0	0	1000000	0.0000000
2	97000000	98000000	0	0	1000000	0.0000000
2	98000000	99000000	0	0	1000000	0.0000000
2	99000000	100000000	0	0	1000000	0.0000000
2	100000000	101000000	0	0	1000000	0.0000000
2	101000000	102000000	1	1608	1000000	0.0016080
2	102000000	103000000	3	4831	1000000	0.0048310
2	103000000	104000000	4	6570	1000000	0.0065700
2	104000000	105000000	0	0	1000000	0.0000000
2	105000000	106000000	3	3839	1000000	0.0038390
2	106000000	107000000	2	2175	1000000	0.0021750
2	107000000	108000000	1	11501	1000000	0.0115010
2	108000000	109000000	1	1304	1000000	0.0013040
2	109000000	110000000	0	0	1000000	0.0000000
2	110000000	111000000	6	8179	1000000	0.0081790
2	111000000	112000000	2	7046	1000000	0.0070460
2	112000000	113000000	0	0	1000000	0.0000000
2	113000000	114000000	0	0	1000000	0.0000000
2	114000000	115000000	1	1332	1000000	0.0013320
2	115000000	116000000	3	2126	1000000	0.0021260
2	116000000	117000000	2	10401	1000000	0.0104010
2	117000000	118000000	0	0	1000000	0.0000000
2	118000000	119000000	1	219	1000000	0.0002190
2	119000000	120000000	2	774	1000000	0.0007740
2	120000000	121000000	1	538	1000000	0.0005380
2	121000000	122000000	0	0	1000000	0.0000000
2	122000000	123000000	0	0	1000000	0.0000000
2	123000000	124000000	0	0	1000000	0.0000000
2	124000000	125000000	0	0	1000000	0.0000000
2	125000000	126000000	0	0	1000000	0.0000000
2	126000000	127000000	0	0	1000000	0.0000000
2	127000000	128000000	0	0	1000000	0.0000000
2	128000000	129000000	0	0	1000000	0.0000000
2	129000000	130000000	2	14736	1000000	0.0147360
2	130000000	131000000	4	10851	1000000	0.0108510
2	131000000	132000000	1	1519	1000000	0.0015190
2	132000000	133000000	0	0	1000000	0.0000000
2	133000000	134000000	3	4080	1000000	0.0040800
2	134000000	135000000	4	2325	1000000	0.0023250
2	135000000	136000000	0	0	1000000	0.0000000
2	136000000	137000000	3	1638	1000000	0.0016380
2	137000000	138000000	2	4189	1000000	0.0041890
2	138000000	139000000	2	19017	1000000	0.0190170
2	139000000	140000000	2	2063	1000000	0.0020630
2	140000000	141000000	1	1653	1000000	0.0016530
2	141000000	142000000	1	1364	1000000	0.0013640
2	142000000	143000000	1	1167	1000000	0.0011670
2	143000000	144000000	2	6050	1000000	0.0060500
2	144000000	145000000	0	0	1000000	0.0000000
2	145000000	146000000	0	0	1000000	0.0000000
2	146000000	147000000	3	2143	1000000	0.0021430
2	147000000	148000000	0	0	1000000	0.0000000
2	148000000	149000000	0	0	1000000	0.0000000
2	149000000	150000000	2	786	1000000	0.0007860
2	150000000	151000000	1	429	1000000	0.0004290
2	151000000	152000000	2	7014	1000000	0.0070140
2	152000000	153000000	2	5381	1000000	0.0053810
2	153000000	154000000	4	46686	1000000	0.0466860
2	154000000	155000000	0	0	1000000	0.0000000
2	155000000	156000000	4	4197	1000000	0.0041970
2	156000000	157000000	0	0	1000000	0.0000000
2	157000000	158000000	3	3724	1000000	0.0037240
2	158000000	159000000	0	0	1000000	0.0000000
2	159000000	160000000	0	0	1000000	0.0000000
2	160000000	161000000	0	0	1000000	0.0000000
2	161000000	162000000	0	0	1000000	0.0000000
2	162000000	163000000	0	0	1000000	0.0000000
2	163000000	164000000	2	6741	1000000	0.0067410
2	164000000	165000000	0	0	1000000	0.0000000
2	165000000	166000000	0	0	1000000	0.0000000
2	166000000	167000000	0	0	1000000	0.0000000
2	167000000	168000000	2	579	1000000	0.0005790
2	168000000	169000000	2	1917	1000000	0.0019170
2	169000000	170000000	0	0	1000000	0.0000000
2	170000000	171000000	0	0	1000000	0.0000000
2	171000000	172000000	9	7018	1000000	0.0070180
2	172000000	173000000	2	3836	1000000	0.0038360
2	173000000	174000000	4	7107	1000000	0.0071070
2	174000000	175000000	0	0	1000000	0.0000000
2	175000000	176000000	2	1659	1000000	0.0016590
2	176000000	177000000	0	0	1000000	0.0000000
2	177000000	178000000	0	0	1000000	0.0000000
2	178000000	179000000	2	2790	1000000	0.0027900
2	179000000	180000000	0	0	1000000	0.0000000
2	180000000	181000000	0	0	1000000	0.0000000
2	181000000	182000000	0	0	1000000	0.0000000
2	182000000	183000000	0	0	1000000	0.0000000
2	183000000	184000000	6	16655	1000000	0.0166550
2	184000000	185000000	4	5923	1000000	0.0059230
2	185000000	186000000	0	0	1000000	0.0000000
2	186000000	187000000	0	0	1000000	0.0000000
2	187000000	188000000	0	0	1000000	0.0000000
2	188000000	189000000	5	14836	1000000	0.0148360
2	189000000	190000000	5	10220	1000000	0.0102200
2	190000000	191000000	1	1359	1000000	0.0013590
2	191000000	192000000	3	1884	1000000	0.0018840
2	192000000	193000000	3	3129	1000000	0.0031290
2	193000000	194000000	5	9105	1000000	0.0091050
2	194000000	195000000	2	5142	1000000	0.0051420
2	195000000	196000000	2	1201	1000000	0.0012010
2	196000000	197000000	0	0	1000000	0.0000000
2	197000000	198000000	0	0	1000000	0.0000000
2	198000000	199000000	0	0	1000000	0.0000000
2	199000000	200000000	9	28381	1000000	0.0283810
2	200000000	201000000	2	1488	1000000	0.0014880
2	201000000	202000000	3	5984	1000000	0.0059840
2	202000000	203000000	2	7132	1000000	0.0071320
2	203000000	204000000	13	12536	1000000	0.0125360
2	204000000	205000000	7	52488	1000000	0.0524880
2	205000000	206000000	3	13277	1000000	0.0132770
2	206000000	207000000	0	0	1000000	0.0000000
2	207000000	208000000	0	0	1000000	0.0000000
2	208000000	209000000	3	4423	1000000	0.0044230
2	209000000	210000000	4	8545	1000000	0.0085450
2	210000000	211000000	12	19405	1000000	0.0194050
2	211000000	212000000	0	0	1000000	0.0000000
2	212000000	213000000	0	0	1000000	0.0000000
2	213000000	214000000	0	0	1000000	0.0000000
2	214000000	215000000	4	20240	1000000	0.0202400
2	215000000	216000000	2	6300	1000000	0.0063000
2	216000000	217000000	6	27059	1000000	0.0270590
2	217000000	218000000	0	0	1000000	0.0000000
2	218000000	219000000	0	0	1000000	0.0000000
2	219000000	220000000	6	15370	1000000	0.0153700
2	220000000	221000000	1	3426	1000000	0.0034260
2	221000000	222000000	0	0	1000000	0.0000000
2	222000000	223000000	3	4846	1000000	0.0048460
2	223000000	224000000	4	5752	1000000	0.0057520
2	224000000	225000000	0	0	1000000	0.0000000
2	225000000	226000000	2	2103	1000000	0.0021030
2	226000000	227000000	2	2310	1000000	0.0023100
2	227000000	228000000	0	0	1000000	0.0000000
2	228000000	229000000	1	2583	1000000	0.0025830
2	229000000	230000000	7	7433	1000000	0.0074330
2	230000000	231000000	2	5117	1000000	0.0051170
2	231000000	232000000	4	11377	1000000	0.0113770
2	232000000	233000000	8	21041	1000000	0.0210410
2	233000000	234000000	2	6336	1000000	0.0063360
2	234000000	235000000	10	23575	1000000	0.0235750
2	235000000	236000000	5	4530	1000000	0.0045300
2	236000000	237000000	9	31608	1000000	0.0316080
2	237000000	238000000	10	28787	1000000	0.0287870
2	238000000	239000000	8	26812	1000000	0.0268120
2	239000000	240000000	7	20033	1000000	0.0200330
2	240000000	241000000	9	20430	1000000	0.0204300
2	241000000	242000000	0	0	1000000	0.0000000
2	242000000	243000000	4	5277	1000000	0.0052770
2	243000000	244000000	0	0	1000000	0.0000000
2	244000000	244442276	0	0	442276	0.0000000
3	0	1000000	1	4100	1000000	0.0041000
3	1000000	2000000	1	3500	1000000	0.0035000
3	2000000	3000000	4	6323	1000000	0.0063230
3	3000000	4000000	5	5426	1000000	0.0054260
3	4000000	5000000	0	0	1000000	0.0000000
3	5000000	6000000	0	0	1000000	0.0000000
3	6000000	7000000	2	12323	1000000	0.0123230
3	7000000	8000000	0	0	1000000	0.0000000
3	8000000	9000000	9	44294	1000000	0.0442940
3	9000000	10000000	2	3875	1000000	0.0038750
3	10000000	11000000	1	1398	1000000	0.0013980
3	11000000	12000000	2	3303	1000000	0.0033030
3	12000000	13000000	4	9628	1000000	0.0096280
3	13000000	14000000	4	47264	1000000	0.0472640
3	14000000	15000000	0	0	1000000	0.0000000
3	15000000	16000000	11	45596	1000000	0.0455960
3	16000000	17000000	3	5695	1000000	0.0056950
3	17000000	18000000	0	0	1000000	0.0000000
3	18000000	19000000	2	3147	1000000	0.0031470
3	19000000	20000000	15	38743	1000000	0.0387430
3	20000000	21000000	8	28562	1000000	0.0285620
3	21000000	22000000	2	2733	1000000	0.0027330
3	22000000	23000000	0	0	1000000	0.0000000
3	23000000	24000000	5	8729	1000000	0.0087290
3	24000000	25000000	0	0	1000000	0.0000000
3	25000000	26000000	7	17760	1000000	0.0177600
3	26000000	27000000	0	0	1000000	0.0000000
3	27000000	28000000	2	993	1000000	0.0009930
3	28000000	29000000	0	0	1000000	0.0000000
3	29000000	30000000	4	14737	1000000	0.0147370
3	30000000	31000000	0	0	1000000	0.0000000
3	31000000	32000000	0	0	1000000	0.0000000
3	32000000	33000000	3	639	1000000	0.0006390
3	33000000	34000000	2	1726	1000000	0.0017260
3	34000000	35000000	2	2098	1000000	0.0020980
3	35000000	36000000	0	0	1000000	0.0000000
3	36000000	37000000	4	12351	1000000	0.0123510
3	37000000	38000000	0	0	1000000	0.0000000
3	38000000	39000000	0	0	1000000	0.0000000
3	39000000	40000000	0	0	1000000	0.0000000
3	40000000	41000000	0	0	1000000	0.0000000
3	41000000	42000000	0	0	1000000	0.0000000
3	42000000	43000000	2	2846	1000000	0.0028460
3	43000000	44000000	1	1065	1000000	0.0010650
3	44000000	45000000	0	0	1000000	0.0000000
3	45000000	46000000	0	0	1000000	0.0000000
3	46000000	47000000	5	17752	1000000	0.0177520
3	47000000	48000000	1	968	1000000	0.0009680
3	48000000	49000000	0	0	1000000	0.0000000
3	49000000	50000000	2	447	1000000	0.0004470
3	50000000	51000000	1	1306	1000000	0.0013060
3	51000000	52000000	2	2499	1000000	0.0024990
3	52000000	53000000	0	0	1000000	0.0000000
3	53000000	54000000	2	1617	1000000	0.0016170
3	54000000	55000000	0	0	1000000	0.0000000
3	55000000	56000000	3	4612	1000000	0.0046120
3	56000000	57000000	3	8531	1000000	0.0085310
3	57000000	58000000	0	0	1000000	0.0000000
3	58000000	59000000	2	22244	1000000	0.0222440
3	59000000	60000000	2	9825	1000000	0.0098250
3	60000000	61000000	3	17684	1000000	0.0176840
3	61000000	62000000	0	0	1000000	0.0000000
3	62000000	63000000	0	0	1000000	0.0000000
3	63000000	64000000	0	0	1000000	0.0000000
3	64000000	65000000	2	1449	1000000	0.0014490
3	65000000	66000000	3	939	1000000	0.0009390
3	66000000	67000000	0	0	1000000	0.0000000
3	67000000	68000000	2	9599	1000000	0.0095990
3	68000000	69000000	0	0	1000000	0.0000000
3	69000000	70000000	2	624	1000000	0.0006240
3	70000000	71000000	1	3463	1000000	0.0034630
3	71000000	72000000	1	3464	1000000	0.0034640
3	72000000	73000000	0	0	1000000	0.0000000
3	73000000	74000000	0	0	1000000	0.0000000
3	74000000	75000000	0	0	1000000	0.0000000
3	75000000	76000000	0	0	1000000	0.0000000
3	76000000	77000000	0	0	1000000	0.0000000
3	77000000	78000000	0	0	1000000	0.0000000
3	78000000	79000000	2	3093	1000000	0.0030930
3	79000000	80000000	2	1368	1000000	0.0013680
3	80000000	81000000	0	0	1000000	0.0000000
3	81000000	82000000	0	0	1000000	0.0000000
3	82000000	83000000	0	0	1000000	0.0000000
3	83000000	84000000	0	0	1000000	0.0000000
3	84000000	85000000	0	0	1000000	0.0000000
3	85000000	86000000	0	0	1000000	0.0000000
3	86000000	87000000	0	0	1000000	0.0000000
3	87000000	88000000	0	0	1000000	0.0000000
3	88000000	89000000	0	0	1000000	0.0000000
3	89000000	90000000	1	3865	1000000	0.0038650
3	90000000	91000000	1	3865	1000000	0.0038650
3	91000000	92000000	0	0	1000000	0.0000000
3	92000000	93000000	0	0	1000000	0.0000000
3	93000000	94000000	0	0	1000000	0.0000000
3	94000000	95000000	0	0	1000000	0.0000000
3	95000000	96000000	0	0	1000000	0.0000000
3	96000000	97000000	2	8374	1000000	0.0083740
3	97000000	98000000	0	0	1000000	0.0000000
3	98000000	99000000	0	0	1000000	0.0000000
3	99000000	100000000	2	32816	1000000	0.0328160
3	100000000	101000000	0	0	1000000	0.0000000
3	101000000	102000000	1	4013	1000000	0.0040130
3	102000000	103000000	1	4517	1000000	0.0045170
3	103000000	104000000	0	0	1000000	0.0000000
3	104000000	105000000	0	0	1000000	0.0000000
3	105000000	106000000	0	0	1000000	0.0000000
3	106000000	107000000	1	3442	1000000	0.0034420
3	107000000	108000000	1	2970	1000000	0.0029700
3	108000000	109000000	0	0	1000000	0.0000000
3	109000000	110000000	0	0	1000000	0.0000000
3	110000000	111000000	2	945	1000000	0.0009450
3	111000000	112000000	0	0	1000000	0.0000000
3	112000000	113000000	0	0	1000000	0.0000000
3	113000000	114000000	0	0	1000000	0.0000000
3	114000000	115000000	0	0	1000000	0.0000000
3	115000000	116000000	0	0	1000000	0.0000000
3	116000000	117000000	0	0	1000000	0.0000000
3	117000000	118000000	2	1164	1000000	0.0011640
3	118000000	119000000	2	6074	1000000	0.0060740
3	119000000	120000000	0	0	1000000	0.0000000
3	120000000	121000000	2	17730	1000000	0.0177300
3	121000000	122000000	0	0	1000000	0.0000000
3	122000000	123000000	0	0	1000000	0.0000000
3	123000000	124000000	0	0	1000000	0.0000000
3	124000000	125000000	0	0	1000000	0.0000000
3	125000000	126000000	2	2753	1000000	0.0027530
3	126000000	127000000	2	2737	1000000	0.0027370
3	127000000	128000000	4	14812	1000000	0.0148120
3	128000000	129000000	0	0	1000000	0.0000000
3	129000000	130000000	0	0	1000000	0.0000000
3	130000000	131000000	0	0	1000000	0.0000000
3	131000000	132000000	0	0	1000000	0.0000000
3	132000000	133000000	5	5560	1000000	0.0055600
3	133000000	134000000	1	1587	1000000	0.0015870
3	134000000	135000000	0	0	1000000	0.0000000
3	135000000	136000000	0	0	1000000	0.0000000
3	136000000	137000000	0	0	1000000	0.0000000
3	137000000	138000000	2	7301	1000000	0.0073010
3	138000000	139000000	3	10456	1000000	0.0104560
3	139000000	140000000	2	2083	1000000	0.0020830
3	140000000	141000000	1	1762	1000000	0.0017620
3	141000000	142000000	0	0	1000000	0.0000000
3	142000000	143000000	2	615	1000000	0.0006150
3	143000000	144000000	1	639	1000000	0.0006390
3	144000000	145000000	1	615	1000000	0.0006150
3	145000000	146000000	0	0	1000000	0.0000000
3	146000000	147000000	5	11841	1000000	0.0118410
3	147000000	148000000	2	3071	1000000	0.0030710
3	148000000	149000000	0	0	1000000	0.0000000
3	149000000	150000000	0	0	1000000	0.0000000
3	150000000	151000000	8	7479	1000000	0.0074790
3	151000000	152000000	2	3477	1000000	0.0034770
3	152000000	153000000	5	28573	1000000	0.0285730
3	153000000	154000000	4	7359	1000000	0.0073590
3	154000000	155000000	6	17542	1000000	0.0175420
3	155000000	156000000	5	5766	1000000	0.0057660
3	156000000	157000000	7	21306	1000000	0.0213060
3	157000000	158000000	2	1480	1000000	0.0014800
3	158000000	159000000	5	16271	1000000	0.0162710
3	159000000	160000000	0	0	1000000	0.0000000
3	160000000	161000000	2	465	1000000	0.0004650
3	161000000	162000000	2	3515	1000000	0.0035150
3	162000000	163000000	0	0	1000000	0.0000000
3	163000000	164000000	1	1773	1000000	0.0017730
3	164000000	165000000	2	5194	1000000	0.0051940
3	165000000	166000000	0	0	1000000	0.0000000
3	166000000	167000000	1	5071	1000000	0.0050710
3	167000000	168000000	0	0	1000000	0.0000000
3	168000000	169000000	0	0	1000000	0.0000000
3	169000000	170000000	0	0	1000000	0.0000000
3	170000000	171000000	2	6939	1000000	0.0069390
3	171000000	172000000	4	9570	1000000	0.0095700
3	172000000	173000000	3	2523	1000000	0.0025230
3	173000000	174000000	0	0	1000000	0.0000000
3	174000000	175000000	0	0	1000000	0.0000000
3	175000000	176000000	2	15202	1000000	0.0152020
3	176000000	177000000	3	9553	1000000	0.0095530
3	177000000	178000000	0	0	1000000	0.0000000
3	178000000	179000000	5	9959	1000000	0.0099590
3	179000000	180000000	6	4591	1000000	0.0045910
3	180000000	181000000	2	10923	1000000	0.0109230
3	181000000	182000000	0	0	1000000	0.0000000
3	182000000	183000000	2	7784	1000000	0.0077840
3	183000000	184000000	3	9021	1000000	0.0090210
3	184000000	185000000	2	1626	1000000	0.0016260
3	185000000	186000000	1	636	1000000	0.0006360
3	186000000	187000000	5	3924	1000000	0.0039240
3	187000000	188000000	2	12168	1000000	0.0121680
3	188000000	189000000	1	4516	1000000	0.0045160
3	189000000	190000000	2	14440	1000000	0.0144400
3	190000000	191000000	2	7329	1000000	0.0073290
3	191000000	192000000	3	4236	1000000	0.0042360
3	192000000	193000000	3	9534	1000000	0.0095340
3	193000000	194000000	3	16608	1000000	0.0166080
3	194000000	195000000	2	6010	1000000	0.0060100
3	195000000	196000000	0	0	1000000	0.0000000
3	196000000	197000000	0	0	1000000	0.0000000
3	197000000	198000000	0	0	1000000	0.0000000
3	198000000	199000000	2	5661	1000000	0.0056610
3	199000000	200000000	0	0	1000000	0.0000000
3	200000000	201000000	1	11337	1000000	0.0113370
3	201000000	202000000	1	5228	1000000	0.0052280
3	202000000	203000000	2	10622	1000000	0.0106220
3	203000000	204000000	2	22961	1000000	0.0229610
3	204000000	205000000	2	1876	1000000	0.0018760
3	205000000	206000000	6	10093	1000000	0.0100930
3	206000000	207000000	1	2079	1000000	0.0020790
3	207000000	208000000	2	9931	1000000	0.0099310
3	208000000	209000000	7	11733	1000000	0.0117330
3	209000000	210000000	2	16751	1000000	0.0167510
3	210000000	211000000	10	24904	1000000	0.0249040
3	211000000	212000000	0	0	1000000	0.0000000
3	212000000	213000000	4	7837	1000000	0.0078370
3	213000000	214000000	0	0	1000000	0.0000000
3	214000000	215000000	2	26928	1000000	0.0269280
3	215000000	216000000	3	13774	1000000	0.0137740
3	216000000	217000000	2	2969	1000000	0.0029690
3	217000000	218000000	11	37191	1000000	0.0371910
3	218000000	219000000	0	0	1000000	0.0000000
3	219000000	220000000	5	18316	1000000	0.0183160
3	220000000	221000000	7	20759	1000000	0.0207590
3	221000000	222000000	2	8656	1000000	0.0086560
3	222000000	223000000	3	1427	1000000	0.0014270
3	223000000	224000000	2	22838	1000000	0.0228380
3	224000000	225000000	4	42222	1000000	0.0422220
3	225000000	226000000	7	22304	1000000	0.0223040
3	226000000	227000000	5	7910	1000000	0.0079100
3	227000000	228000000	8	33654	1000000	0.0336540
3	228000000	229000000	7	23915	1000000	0.0239150
3	229000000	230000000	0	0	1000000	0.0000000
3	230000000	231000000	0	0	1000000	0.0000000
3	231000000	232000000	1	21070	1000000	0.0210700
3	232000000	233000000	9	54532	1000000	0.0545320
3	233000000	234000000	5	12154	1000000	0.0121540
3	234000000	235000000	6	10645	1000000	0.0106450
3	235000000	235667834	0	0	667834	0.0000000
4	0	1000000	3	5758	1000000	0.0057580
4	1000000	2000000	5	14019	1000000	0.0140190
4	2000000	3000000	6	28130	1000000	0.0281300
4	3000000	4000000	8	15082	1000000	0.0150820
4	4000000	5000000	13	28554	1000000	0.0285540
4	5000000	6000000	17	19376	1000000	0.0193760
4	6000000	7000000	16	22126	1000000	0.0221260
4	7000000	8000000	2	1311	1000000	0.0013110
4	8000000	9000000	0	0	1000000	0.0000000
4	9000000	10000000	0	0	1000000	0.0000000
4	10000000	11000000	5	9585	1000000	0.0095850
4	11000000	12000000	8	16930	1000000	0.0169300
4	12000000	13000000	0	0	1000000	0.0000000
4	13000000	14000000	2	3103	1000000	0.0031030
4	14000000	15000000	2	549	1000000	0.0005490
4	15000000	16000000	0	0	1000000	0.0000000
4	16000000	17000000	5	2098	1000000	0.0020980
4	17000000	18000000	2	20293	1000000	0.0202930
4	18000000	19000000	0	0	1000000	0.0000000
4	19000000	20000000	5	7780	1000000	0.0077800
4	20000000	21000000	0	0	1000000	0.0000000
4	21000000	22000000	4	4830	1000000	0.0048300
4	22000000	23000000	0	0	1000000	0.0000000
4	23000000	24000000	2	9730	1000000	0.0097300
4	24000000	25000000	6	14946	1000000	0.0149460
4	25000000	26000000	2	5124	1000000	0.0051240
4	26000000	27000000	0	0	1000000	0.0000000
4	27000000	28000000	0	0	1000000	0.0000000
4	28000000	29000000	0	0	1000000	0.0000000
4	29000000	30000000	5	5801	1000000	0.0058010
4	30000000	31000000	15	24063	1000000	0.0240630
4	31000000	32000000	0	0	1000000	0.0000000
4	32000000	33000000	2	3442	1000000	0.0034420
4	33000000	34000000	4	6681	1000000	0.0066810
4	34000000	35000000	0	0	1000000	0.0000000
4	35000000	36000000	2	28893	1000000	0.0288930
4	36000000	37000000	0	0	1000000	0.0000000
4	37000000	38000000	0	0	1000000	0.0000000
4	38000000	39000000	0	0	1000000	0.0000000
4	39000000	40000000	2	4446	1000000	0.0044460
4	40000000	41000000	0	0	1000000	0.0000000
4	41000000	42000000	0	0	1000000	0.0000000
4	42000000	43000000	0	0	1000000	0.0000000
4	43000000	44000000	0	0	1000000	0.0000000
4	44000000	45000000	5	8824	1000000	0.0088240
4	45000000	46000000	0	0	1000000	0.0000000
4	46000000	47000000	2	9363	1000000	0.0093630
4	47000000	48000000	6	2169	1000000	0.0021690
4	48000000	49000000	0	0	1000000	0.0000000
4	49000000	50000000	0	0	1000000	0.0000000
4	50000000	51000000	0	0	1000000	0.0000000
4	51000000	52000000	0	0	1000000	0.0000000
4	52000000	53000000	0	0	1000000	0.0000000
4	53000000	54000000	0	0	1000000	0.0000000
4	54000000	55000000	2	5315	1000000	0.0053150
4	55000000	56000000	0	0	1000000	0.0000000
4	56000000	57000000	0	0	1000000	0.0000000
4	57000000	58000000	0	0	1000000	0.0000000
4	58000000	59000000	2	14148	1000000	0.0141480
4	59000000	60000000	0	0	1000000	0.0000000
4	60000000	61000000	0	0	1000000	0.0000000
4	61000000	62000000	2	651	1000000	0.0006510
4	62000000	63000000	0	0	1000000	0.0000000
4	63000000	64000000	0	0	1000000	0.0000000
4	64000000	65000000	3	13355	1000000	0.0133550
4	65000000	66000000	4	4815	1000000	0.0048150
4	66000000	67000000	0	0	1000000	0.0000000
4	67000000	68000000	0	0	1000000	0.0000000
4	68000000	69000000	2	20346	1000000	0.0203460
4	69000000	70000000	1	8641	1000000	0.0086410
4	70000000	71000000	3	14685	1000000	0.0146850
4	71000000	72000000	0	0	1000000	0.0000000
4	72000000	73000000	2	4684	1000000	0.0046840
4	73000000	74000000	0	0	1000000	0.0000000
4	74000000	75000000	0	0	1000000	0.0000000
4	75000000	76000000	0	0	1000000	0.0000000
4	76000000	77000000	0	0	1000000	0.0000000
4	77000000	78000000	2	16081	1000000	0.0160810
4	78000000	79000000	0	0	1000000	0.0000000
4	79000000	80000000	0	0	1000000	0.0000000
4	80000000	81000000	0	0	1000000	0.0000000
4	81000000	82000000	0	0	1000000	0.0000000
4	82000000	83000000	0	0	1000000	0.0000000
4	83000000	84000000	0	0	1000000	0.0000000
4	84000000	85000000	0	0	1000000	0.0000000
4	85000000	86000000	2	1366	1000000	0.0013660
4	86000000	87000000	0	0	1000000	0.0000000
4	87000000	88000000	0	0	1000000	0.0000000
4	88000000	89000000	0	0	1000000	0.0000000
4	89000000	90000000	0	0	1000000	0.0000000
4	90000000	91000000	0	0	1000000	0.0000000
4	91000000	92000000	1	1140	1000000	0.0011400
4	92000000	93000000	0	0	1000000	0.0000000
4	93000000	94000000	1	984	1000000	0.0009840
4	94000000	95000000	0	0	1000000	0.0000000
4	95000000	96000000	0	0	1000000	0.0000000
4	96000000	97000000	0	0	1000000	0.0000000
4	97000000	98000000	0	0	1000000	0.0000000
4	98000000	99000000	0	0	1000000	0.0000000
4	99000000	100000000	0	0	1000000	0.0000000
4	100000000	101000000	0	0	1000000	0.0000000
4	101000000	102000000	0	0	1000000	0.0000000
4	102000000	103000000	0	0	1000000	0.0000000
4	103000000	104000000	2	4378	1000000	0.0043780
4	104000000	105000000	0	0	1000000	0.0000000
4	105000000	106000000	0	0	1000000	0.0000000
4	106000000	107000000	0	0	1000000	0.0000000
4	107000000	108000000	0	0	1000000	0.0000000
4	108000000	109000000	0	0	1000000	0.0000000
4	109000000	110000000	0	0	1000000	0.0000000
4	110000000	111000000	0	0	1000000	0.0000000
4	111000000	112000000	0	0	1000000	0.0000000
4	112000000	113000000	0	0	1000000	0.0000000
4	113000000	114000000	0	0	1000000	0.0000000
4	114000000	115000000	0	0	1000000	0.0000000
4	115000000	116000000	2	1987	1000000	0.0019870
4	116000000	117000000	0	0	1000000	0.0000000
4	117000000	118000000	0	0	1000000	0.0000000
4	118000000	119000000	0	0	1000000	0.0000000
4	119000000	120000000	0	0	1000000	0.0000000
4	120000000	121000000	0	0	1000000	0.0000000
4	121000000	122000000	0	0	1000000	0.0000000
4	122000000	123000000	0	0	1000000	0.0000000
4	123000000	124000000	0	0	1000000	0.0000000
4	124000000	125000000	0	0	1000000	0.0000000
4	125000000	126000000	0	0	1000000	0.0000000
4	126000000	127000000	0	0	1000000	0.0000000
4	127000000	128000000	0	0	1000000	0.0000000
4	128000000	129000000	0	0	1000000	0.0000000
4	129000000	130000000	0	0	1000000	0.0000000
4	130000000	131000000	0	0	1000000	0.0000000
4	131000000	132000000	2	4630	1000000	0.0046300
4	132000000	133000000	0	0	1000000	0.0000000
4	133000000	134000000	0	0	1000000	0.0000000
4	134000000	135000000	0	0	1000000	0.0000000
4	135000000	136000000	0	0	1000000	0.0000000
4	136000000	137000000	0	0	1000000	0.0000000
4	137000000	138000000	2	17007	1000000	0.0170070
4	138000000	139000000	0	0	1000000	0.0000000
4	139000000	140000000	0	0	1000000	0.0000000
4	140000000	141000000	0	0	1000000	0.0000000
4	141000000	142000000	6	16348	1000000	0.0163480
4	142000000	143000000	2	5537	1000000	0.0055370
4	143000000	144000000	0	0	1000000	0.0000000
4	144000000	145000000	0	0	1000000	0.0000000
4	145000000	146000000	0	0	1000000	0.0000000
4	146000000	147000000	3	10840	1000000	0.0108400
4	147000000	148000000	0	0	1000000	0.0000000
4	148000000	149000000	3	2955	1000000	0.0029550
4	149000000	150000000	2	2516	1000000	0.0025160
4	150000000	151000000	3	8204	1000000	0.0082040
4	151000000	152000000	2	5137	1000000	0.0051370
4	152000000	153000000	0	0	1000000	0.0000000
4	153000000	154000000	2	2916	1000000	0.0029160
4	154000000	155000000	0	0	1000000	0.0000000
4	155000000	156000000	4	8788	1000000	0.0087880
4	156000000	157000000	0	0	1000000	0.0000000
4	157000000	158000000	8	26875	1000000	0.0268750
4	158000000	159000000	0	0	1000000	0.0000000
4	159000000	160000000	2	1146	1000000	0.0011460
4	160000000	161000000	2	1549	1000000	0.0015490
4	161000000	162000000	0	0	1000000	0.0000000
4	162000000	163000000	0	0	1000000	0.0000000
4	163000000	164000000	0	0	1000000	0.0000000
4	164000000	165000000	2	16769	1000000	0.0167690
4	165000000	166000000	2	1254	1000000	0.0012540
4	166000000	167000000	4	9238	1000000	0.0092380
4	167000000	168000000	9	6322	1000000	0.0063220
4	168000000	169000000	8	5228	1000000	0.0052280
4	169000000	170000000	0	0	1000000	0.0000000
4	170000000	171000000	0	0	1000000	0.0000000
4	171000000	172000000	0	0	1000000	0.0000000
4	172000000	173000000	0	0	1000000	0.0000000
4	173000000	174000000	0	0	1000000	0.0000000
4	174000000	175000000	0	0	1000000	0.0000000
4	175000000	176000000	4	46633	1000000	0.0466330
4	176000000	177000000	2	777	1000000	0.0007770
4	177000000	178000000	0	0	1000000	0.0000000
4	178000000	179000000	0	0	1000000	0.0000000
4	179000000	180000000	3	10639	1000000	0.0106390
4	180000000	181000000	0	0	1000000	0.0000000
4	181000000	182000000	4	9080	1000000	0.0090800
4	182000000	183000000	0	0	1000000	0.0000000
4	183000000	184000000	5	6981	1000000	0.0069810
4	184000000	185000000	0	0	1000000	0.0000000
4	185000000	186000000	0	0	1000000	0.0000000
4	186000000	187000000	0	0	1000000	0.0000000
4	187000000	188000000	4	5515	1000000	0.0055150
4	188000000	189000000	4	5561	1000000	0.0055610
4	189000000	190000000	6	17174	1000000	0.0171740
4	190000000	191000000	4	8024	1000000	0.0080240
4	191000000	192000000	4	5256	1000000	0.0052560
4	192000000	193000000	0	0	1000000	0.0000000
4	193000000	194000000	3	2931	1000000	0.0029310
4	194000000	195000000	2	1779	1000000	0.0017790
4	195000000	196000000	5	6051	1000000	0.0060510
4	196000000	197000000	3	11168	1000000	0.0111680
4	197000000	198000000	2	3616	1000000	0.0036160
4	198000000	199000000	0	0	1000000	0.0000000
4	199000000	200000000	0	0	1000000	0.0000000
4	200000000	201000000	2	7096	1000000	0.0070960
4	201000000	202000000	4	11692	1000000	0.0116920
4	202000000	203000000	4	6655	1000000	0.0066550
4	203000000	204000000	0	0	1000000	0.0000000
4	204000000	205000000	0	0	1000000	0.0000000
4	205000000	206000000	4	22066	1000000	0.0220660
4	206000000	207000000	2	2492	1000000	0.0024920
4	207000000	208000000	6	41027	1000000	0.0410270
4	208000000	209000000	1	6320	1000000	0.0063200
4	209000000	210000000	0	0	1000000	0.0000000
4	210000000	211000000	2	20293	1000000	0.0202930
4	211000000	212000000	0	0	1000000	0.0000000
4	212000000	213000000	0	0	1000000	0.0000000
4	213000000	214000000	0	0	1000000	0.0000000
4	214000000	215000000	3	1642	1000000	0.0016420
4	215000000	216000000	0	0	1000000	0.0000000
4	216000000	217000000	0	0	1000000	0.0000000
4	217000000	218000000	0	0	1000000	0.0000000
4	218000000	219000000	0	0	1000000	0.0000000
4	219000000	220000000	2	1021	1000000	0.0010210
4	220000000	221000000	2	774	1000000	0.0007740
4	221000000	222000000	0	0	1000000	0.0000000
4	222000000	223000000	0	0	1000000	0.0000000
4	223000000	224000000	0	0	1000000	0.0000000
4	224000000	225000000	2	6138	1000000	0.0061380
4	225000000	226000000	0	0	1000000	0.0000000
4	226000000	227000000	4	2924	1000000	0.0029240
4	227000000	228000000	4	6989	1000000	0.0069890
4	228000000	229000000	4	8363	1000000	0.0083630
4	229000000	230000000	0	0	1000000	0.0000000
4	230000000	231000000	3	13473	1000000	0.0134730
4	231000000	232000000	3	1653	1000000	0.0016530
4	232000000	233000000	2	2970	1000000	0.0029700
4	233000000	234000000	9	3291	1000000	0.0032910
4	234000000	235000000	0	0	1000000	0.0000000
4	235000000	236000000	6	15988	1000000	0.0159880
4	236000000	237000000	0	0	1000000	0.0000000
4	237000000	238000000	5	12349	1000000	0.0123490
4	238000000	239000000	1	11170	1000000	0.0111700
4	239000000	240000000	1	7157	1000000	0.0071570
4	240000000	241000000	3	5377	1000000	0.0053770
4	241000000	242000000	5	4179	1000000	0.0041790
4	242000000	243000000	5	21118	1000000	0.0211180
4	243000000	244000000	11	24226	1000000	0.0242260
4	244000000	245000000	2	4858	1000000	0.0048580
4	245000000	246000000	8	30795	1000000	0.0307950
4	246000000	246994605	2	3731	994605	0.0037512
5	0	1000000	0	0	1000000	0.0000000
5	1000000	2000000	5	16294	1000000	0.0162940
5	2000000	3000000	9	41094	1000000	0.0410940
5	3000000	4000000	2	7835	1000000	0.0078350
5	4000000	5000000	8	13944	1000000	0.0139440
5	5000000	6000000	0	0	1000000	0.0000000
5	6000000	7000000	8	21454	1000000	0.0214540
5	7000000	8000000	2	6088	1000000	0.0060880
5	8000000	9000000	0	0	1000000	0.0000000
5	9000000	10000000	2	1743	1000000	0.0017430
5	10000000	11000000	1	981	1000000	0.0009810
5	11000000	12000000	3	29239	1000000	0.0292390
5	12000000	13000000	0	0	1000000	0.0000000
5	13000000	14000000	2	2083	1000000	0.0020830
5	14000000	15000000	2	2148	1000000	0.0021480
5	15000000	16000000	3	975	1000000	0.0009750
5	16000000	17000000	2	7481	1000000	0.0074810
5	17000000	18000000	0	0	1000000	0.0000000
5	18000000	19000000	6	18244	1000000	0.0182440
5	19000000	20000000	0	0	1000000	0.0000000
5	20000000	21000000	4	41504	1000000	0.0415040
5	21000000	22000000	3	21178	1000000	0.0211780
5	22000000	23000000	0	0	1000000	0.0000000
5	23000000	24000000	0	0	1000000	0.0000000
5	24000000	25000000	4	6899	1000000	0.0068990
5	25000000	26000000	3	2036	1000000	0.0020360
5	26000000	27000000	1	7281	1000000	0.0072810
5	27000000	28000000	0	0	1000000	0.0000000
5	28000000	29000000	0	0	1000000	0.0000000
5	29000000	30000000	0	0	1000000	0.0000000
5	30000000	31000000	0	0	1000000	0.0000000
5	31000000	32000000	3	870	1000000	0.0008700
5	32000000	33000000	4	4284	1000000	0.0042840
5	33000000	34000000	2	3430	1000000	0.0034300
5	34000000	35000000	4	16269	1000000	0.0162690
5	35000000	36000000	0	0	1000000	0.0000000
5	36000000	37000000	2	792	1000000	0.0007920
5	37000000	38000000	0	0	1000000	0.0000000
5	38000000	39000000	2	2348	1000000	0.0023480
5	39000000	40000000	0	0	1000000	0.0000000
5	40000000	41000000	2	17045	1000000	0.0170450
5	41000000	42000000	2	2955	1000000	0.0029550
5	42000000	43000000	3	3084	1000000	0.0030840
5	43000000	44000000	4	59872	1000000	0.0598720
5	44000000	45000000	4	15604	1000000	0.0156040
5	45000000	46000000	0	0	1000000	0.0000000
5	46000000	47000000	0	0	1000000	0.0000000
5	47000000	48000000	3	19395	1000000	0.0193950
5	48000000	49000000	2	15094	1000000	0.0150940
5	49000000	50000000	3	3896	1000000	0.0038960
5	50000000	51000000	0	0	1000000	0.0000000
5	51000000	52000000	2	18249	1000000	0.0182490
5	52000000	53000000	2	7981	1000000	0.0079810
5	53000000	54000000	2	6963	1000000	0.0069630
5	54000000	55000000	3	4832	1000000	0.0048320
5	55000000	56000000	6	8728	1000000	0.0087280
5	56000000	57000000	5	6064	1000000	0.0060640
5	57000000	58000000	4	26235	1000000	0.0262350
5	58000000	59000000	0	0	1000000	0.0000000
5	59000000	60000000	0	0	1000000	0.0000000
5	60000000	61000000	5	7103	1000000	0.0071030
5	61000000	62000000	3	4826	1000000	0.0048260
5	62000000	63000000	0	0	1000000	0.0000000
5	63000000	64000000	0	0	1000000	0.0000000
5	64000000	65000000	6	25333	1000000	0.0253330
5	65000000	66000000	2	1928	1000000	0.0019280
5	66000000	67000000	2	10149	1000000	0.0101490
5	67000000	68000000	2	7787	1000000	0.0077870
5	68000000	69000000	0	0	1000000	0.0000000
5	69000000	70000000	4	8553	1000000	0.0085530
5	70000000	71000000	2	11538	1000000	0.0115380
5	71000000	72000000	1	1248	1000000	0.0012480
5	72000000	73000000	4	8843	1000000	0.0088430
5	73000000	74000000	8	12653	1000000	0.0126530
5	74000000	75000000	9	2151	1000000	0.0021510
5	75000000	76000000	2	4007	1000000	0.0040070
5	76000000	77000000	0	0	1000000	0.0000000
5	77000000	78000000	0	0	1000000	0.0000000
5	78000000	79000000	2	8245	1000000	0.0082450
5	79000000	80000000	3	16705	1000000	0.0167050
5	80000000	81000000	3	36544	1000000	0.0365440
5	81000000	82000000	2	2112	1000000	0.0021120
5	82000000	83000000	0	0	1000000	0.0000000
5	83000000	84000000	0	0	1000000	0.0000000
5	84000000	85000000	0	0	1000000	0.0000000
5	85000000	86000000	0	0	1000000	0.0000000
5	86000000	87000000	2	3818	1000000	0.0038180
5	87000000	88000000	0	0	1000000	0.0000000
5	88000000	89000000	0	0	1000000	0.0000000
5	89000000	90000000	0	0	1000000	0.0000000
5	90000000	91000000	2	10389	1000000	0.0103890
5	91000000	92000000	0	0	1000000	0.0000000
5	92000000	93000000	0	0	1000000	0.0000000
5	93000000	94000000	2	55298	1000000	0.0552980
5	94000000	95000000	0	0	1000000	0.0000000
5	95000000	96000000	0	0	1000000	0.0000000
5	96000000	97000000	0	0	1000000	0.0000000
5	97000000	98000000	2	1068	1000000	0.0010680
5	98000000	99000000	0	0	1000000	0.0000000
5	99000000	100000000	2	2961	1000000	0.0029610
5	100000000	101000000	2	3801	1000000	0.0038010
5	101000000	102000000	0	0	1000000	0.0000000
5	102000000	103000000	2	7182	1000000	0.0071820
5	103000000	104000000	0	0	1000000	0.0000000
5	104000000	105000000	0	0	1000000	0.0000000
5	105000000	106000000	0	0	1000000	0.0000000
5	106000000	107000000	0	0	1000000	0.0000000
5	107000000	108000000	0	0	1000000	0.0000000
5	108000000	109000000	0	0	1000000	0.0000000
5	109000000	110000000	0	0	1000000	0.0000000
5	110000000	111000000	2	1414	1000000	0.0014140
5	111000000	112000000	0	0	1000000	0.0000000
5	112000000	113000000	0	0	1000000	0.0000000
5	113000000	114000000	0	0	1000000	0.0000000
5	114000000	115000000	0	0	1000000	0.0000000
5	115000000	116000000	0	0	1000000	0.0000000
5	116000000	117000000	0	0	1000000	0.0000000
5	117000000	118000000	0	0	1000000	0.0000000
5	118000000	119000000	0	0	1000000	0.0000000
5	119000000	120000000	0	0	1000000	0.0000000
5	120000000	121000000	0	0	1000000	0.0000000
5	121000000	122000000	0	0	1000000	0.0000000
5	122000000	123000000	0	0	1000000	0.0000000
5	123000000	124000000	3	14564	1000000	0.0145640
5	124000000	125000000	2	10120	1000000	0.0101200
5	125000000	126000000	0	0	1000000	0.0000000
5	126000000	127000000	0	0	1000000	0.0000000
5	127000000	128000000	0	0	1000000	0.0000000
5	128000000	129000000	0	0	1000000	0.0000000
5	129000000	130000000	0	0	1000000	0.0000000
5	130000000	131000000	3	9068	1000000	0.0090680
5	131000000	132000000	0	0	1000000	0.0000000
5	132000000	133000000	0	0	1000000	0.0000000
5	133000000	134000000	0	0	1000000	0.0000000
5	134000000	135000000	2	4516	1000000	0.0045160
5	135000000	136000000	2	5865	1000000	0.0058650
5	136000000	137000000	0	0	1000000	0.0000000
5	137000000	138000000	0	0	1000000	0.0000000
5	138000000	139000000	0	0	1000000	0.0000000
5	139000000	140000000	0	0	1000000	0.0000000
5	140000000	141000000	5	5635	1000000	0.0056350
5	141000000	142000000	2	1773	1000000	0.0017730
5	142000000	143000000	0	0	1000000	0.0000000
5	143000000	144000000	2	1194	1000000	0.0011940
5	144000000	145000000	0	0	1000000	0.0000000
5	145000000	146000000	2	1202	1000000	0.0012020
5	146000000	147000000	7	15714	1000000	0.0157140
5	147000000	148000000	2	4269	1000000	0.0042690
5	148000000	149000000	6	10866	1000000	0.0108660
5	149000000	150000000	0	0	1000000	0.0000000
5	150000000	151000000	4	9989	1000000	0.0099890
5	151000000	152000000	0	0	1000000	0.0000000
5	152000000	153000000	0	0	1000000	0.0000000
5	153000000	154000000	0	0	1000000	0.0000000
5	154000000	155000000	2	1494	1000000	0.0014940
5	155000000	156000000	0	0	1000000	0.0000000
5	156000000	157000000	2	2652	1000000	0.0026520
5	157000000	158000000	0	0	1000000	0.0000000
5	158000000	159000000	0	0	1000000	0.0000000
5	159000000	160000000	0	0	1000000	0.0000000
5	160000000	161000000	6	47953	1000000	0.0479530
5	161000000	162000000	5	6751	1000000	0.0067510
5	162000000	163000000	5	4631	1000000	0.0046310
5	163000000	164000000	2	7985	1000000	0.0079850
5	164000000	165000000	0	0	1000000	0.0000000
5	165000000	166000000	0	0	1000000	0.0000000
5	166000000	167000000	0	0	1000000	0.0000000
5	167000000	168000000	2	420	1000000	0.0004200
5	168000000	169000000	0	0	1000000	0.0000000
5	169000000	170000000	1	4042	1000000	0.0040420
5	170000000	171000000	1	5369	1000000	0.0053690
5	171000000	172000000	4	4189	1000000	0.0041890
5	172000000	173000000	0	0	1000000	0.0000000
5	173000000	174000000	0	0	1000000	0.0000000
5	174000000	175000000	5	4230	1000000	0.0042300
5	175000000	176000000	3	5435	1000000	0.0054350
5	176000000	177000000	0	0	1000000	0.0000000
5	177000000	178000000	0	0	1000000	0.0000000
5	178000000	179000000	7	9916	1000000	0.0099160
5	179000000	180000000	6	11638	1000000	0.0116380
5	180000000	181000000	6	5492	1000000	0.0054920
5	181000000	182000000	0	0	1000000	0.0000000
5	182000000	183000000	7	6160	1000000	0.0061600
5	183000000	184000000	5	6777	1000000	0.0067770
5	184000000	185000000	0	0	1000000	0.0000000
5	185000000	186000000	0	0	1000000	0.0000000
5	186000000	187000000	0	0	1000000	0.0000000
5	187000000	188000000	4	17091	1000000	0.0170910
5	188000000	189000000	5	34906	1000000	0.0349060
5	189000000	190000000	5	9504	1000000	0.0095040
5	190000000	191000000	3	19249	1000000	0.0192490
5	191000000	192000000	6	14077	1000000	0.0140770
5	192000000	193000000	1	1697	1000000	0.0016970
5	193000000	194000000	6	37909	1000000	0.0379090
5	194000000	195000000	1	2003	1000000	0.0020030
5	195000000	196000000	2	6099	1000000	0.0060990
5	196000000	197000000	4	9433	1000000	0.0094330
5	197000000	198000000	10	10646	1000000	0.0106460
5	198000000	199000000	2	777	1000000	0.0007770
5	199000000	200000000	2	3908	1000000	0.0039080
5	200000000	201000000	1	837	1000000	0.0008370
5	201000000	202000000	3	1761	1000000	0.0017610
5	202000000	203000000	2	2159	1000000	0.0021590
5	203000000	204000000	1	345	1000000	0.0003450
5	204000000	205000000	0	0	1000000	0.0000000
5	205000000	206000000	11	18612	1000000	0.0186120
5	206000000	207000000	4	13158	1000000	0.0131580
5	207000000	208000000	2	825	1000000	0.0008250
5	208000000	209000000	2	2286	1000000	0.0022860
5	209000000	210000000	6	27498	1000000	0.0274980
5	210000000	211000000	2	6790	1000000	0.0067900
5	211000000	212000000	5	2223	1000000	0.0022230
5	212000000	213000000	0	0	1000000	0.0000000
5	213000000	214000000	2	2349	1000000	0.0023490
5	214000000	215000000	5	7328	1000000	0.0073280
5	215000000	216000000	7	20809	1000000	0.0208090
5	216000000	217000000	1	4659	1000000	0.0046590
5	217000000	218000000	5	6303	1000000	0.0063030
5	218000000	219000000	8	18307	1000000	0.0183070
5	219000000	220000000	0	0	1000000	0.0000000
5	220000000	221000000	0	0	1000000	0.0000000
5	221000000	222000000	2	3395	1000000	0.0033950
5	222000000	223000000	2	5550	1000000	0.0055500
5	223000000	223902240	0	0	902240	0.0000000
6	0	1000000	2	1287	1000000	0.0012870
6	1000000	2000000	5	2718	1000000	0.0027180
6	2000000	3000000	2	3117	1000000	0.0031170
6	3000000	4000000	5	16446	1000000	0.0164460
6	4000000	5000000	3	2908	1000000	0.0029080
6	5000000	6000000	8	7318	1000000	0.0073180
6	6000000	7000000	2	13380	1000000	0.0133800
6	7000000	8000000	9	28867	1000000	0.0288670
6	8000000	9000000	1	46920	1000000	0.0469200
6	9000000	10000000	0	0	1000000	0.0000000
6	10000000	11000000	0	0	1000000	0.0000000
6	11000000	12000000	0	0	1000000	0.0000000
6	12000000	13000000	0	0	1000000	0.0000000
6	13000000	14000000	0	0	1000000	0.0000000
6	14000000	15000000	1	3099	1000000	0.0030990
6	15000000	16000000	6	16632	1000000	0.0166320
6	16000000	17000000	1	2389	1000000	0.0023890
6	17000000	18000000	3	3067	1000000	0.0030670
6	18000000	19000000	2	1737	1000000	0.0017370
6	19000000	20000000	0	0	1000000	0.0000000
6	20000000	21000000	3	5996	1000000	0.0059960
6	21000000	22000000	1	2021	1000000	0.0020210
6	22000000	23000000	0	0	1000000	0.0000000
6	23000000	24000000	3	4765	1000000	0.0047650
6	24000000	25000000	4	22495	1000000	0.0224950
6	25000000	26000000	2	12303	1000000	0.0123030
6	26000000	27000000	0	0	1000000	0.0000000
6	27000000	28000000	0	0	1000000	0.0000000
6	28000000	29000000	0	0	1000000	0.0000000
6	29000000	30000000	0	0	1000000	0.0000000
6	30000000	31000000	0	0	1000000	0.0000000
6	31000000	32000000	2	7687	1000000	0.0076870
6	32000000	33000000	2	6951	1000000	0.0069510
6	33000000	34000000	5	8176	1000000	0.0081760
6	34000000	35000000	1	2410	1000000	0.0024100
6	35000000	36000000	3	12706	1000000	0.0127060
6	36000000	37000000	8	19252	1000000	0.0192520
6	37000000	38000000	7	30850	1000000	0.0308500
6	38000000	39000000	2	5462	1000000	0.0054620
6	39000000	40000000	3	2634	1000000	0.0026340
6	40000000	41000000	4	7760	1000000	0.0077600
6	41000000	42000000	2	429	1000000	0.0004290
6	42000000	43000000	4	9996	1000000	0.0099960
6	43000000	44000000	3	5520	1000000	0.0055200
6	44000000	45000000	0	0	1000000	0.0000000
6	45000000	46000000	2	2079	1000000	0.0020790
6	46000000	47000000	0	0	1000000	0.0000000
6	47000000	48000000	0	0	1000000	0.0000000
6	48000000	49000000	0	0	1000000	0.0000000
6	49000000	50000000	0	0	1000000	0.0000000
6	50000000	51000000	0	0	1000000	0.0000000
6	51000000	52000000	0	0	1000000	0.0000000
6	52000000	53000000	2	21332	1000000	0.0213320
6	53000000	54000000	1	5245	1000000	0.0052450
6	54000000	55000000	1	1856	1000000	0.0018560
6	55000000	56000000	0	0	1000000	0.0000000
6	56000000	57000000	0	0	1000000	0.0000000
6	57000000	58000000	0	0	1000000	0.0000000
6	58000000	59000000	4	3924	1000000	0.0039240
6	59000000	60000000	0	0	1000000	0.0000000
6	60000000	61000000	0	0	1000000	0.0000000
6	61000000	62000000	0	0	1000000	0.0000000
6	62000000	63000000	0	0	1000000	0.0000000
6	63000000	64000000	2	10193	1000000	0.0101930
6	64000000	65000000	2	1504	1000000	0.0015040
6	65000000	66000000	0	0	1000000	0.0000000
6	66000000	67000000	0	0	1000000	0.0000000
6	67000000	68000000	0	0	1000000	0.0000000
6	68000000	69000000	0	0	1000000	0.0000000
6	69000000	70000000	1	3075	1000000	0.0030750
6	70000000	71000000	5	16329	1000000	0.0163290
6	71000000	72000000	0	0	1000000	0.0000000
6	72000000	73000000	4	13747	1000000	0.0137470
6	73000000	74000000	0	0	1000000	0.0000000
6	74000000	75000000	2	732	1000000	0.0007320
6	75000000	76000000	0	0	1000000	0.0000000
6	76000000	77000000	0	0	1000000	0.0000000
6	77000000	78000000	0	0	1000000	0.0000000
6	78000000	79000000	3	5839	1000000	0.0058390
6	79000000	80000000	0	0	1000000	0.0000000
6	80000000	81000000	4	19769	1000000	0.0197690
6	81000000	82000000	8	13743	1000000	0.0137430
6	82000000	83000000	0	0	1000000	0.0000000
6	83000000	84000000	1	5341	1000000	0.0053410
6	84000000	85000000	1	7759	1000000	0.0077590
6	85000000	86000000	2	1906	1000000	0.0019060
6	86000000	87000000	4	5225	1000000	0.0052250
6	87000000	88000000	0	0	1000000	0.0000000
6	88000000	89000000	0	0	1000000	0.0000000
6	89000000	90000000	4	2928	1000000	0.0029280
6	90000000	91000000	0	0	1000000	0.0000000
6	91000000	92000000	2	6511	1000000	0.0065110
6	92000000	93000000	3	10593	1000000	0.0105930
6	93000000	94000000	2	6270	1000000	0.0062700
6	94000000	95000000	0	0	1000000	0.0000000
6	95000000	96000000	4	10580	1000000	0.0105800
6	96000000	97000000	4	20856	1000000	0.0208560
6	97000000	98000000	4	20305	1000000	0.0203050
6	98000000	99000000	0	0	1000000	0.0000000
6	99000000	100000000	3	7240	1000000	0.0072400
6	100000000	101000000	1	2004	1000000	0.0020040
6	101000000	102000000	7	10048	1000000	0.0100480
6	102000000	103000000	6	8157	1000000	0.0081570
6	103000000	104000000	7	13307	1000000	0.0133070
6	104000000	105000000	4	17854	1000000	0.0178540
6	105000000	106000000	0	0	1000000	0.0000000
6	106000000	107000000	4	47056	1000000	0.0470560
6	107000000	108000000	0	0	1000000	0.0000000
6	108000000	109000000	3	26751	1000000	0.0267510
6	109000000	110000000	2	1068	1000000	0.0010680
6	110000000	111000000	2	549	1000000	0.0005490
6	111000000	112000000	4	6029	1000000	0.0060290
6	112000000	113000000	0	0	1000000	0.0000000
6	113000000	114000000	1	4521	1000000	0.0045210
6	114000000	115000000	1	1956	1000000	0.0019560
6	115000000	116000000	2	1995	1000000	0.0019950
6	116000000	117000000	0	0	1000000	0.0000000
6	117000000	118000000	4	5103	1000000	0.0051030
6	118000000	119000000	1	3030	1000000	0.0030300
6	119000000	120000000	2	552	1000000	0.0005520
6	120000000	121000000	4	7139	1000000	0.0071390
6	121000000	122000000	0	0	1000000	0.0000000
6	122000000	123000000	0	0	1000000	0.0000000
6	123000000	124000000	3	4329	1000000	0.0043290
6	124000000	125000000	8	21855	1000000	0.0218550
6	125000000	126000000	0	0	1000000	0.0000000
6	126000000	127000000	0	0	1000000	0.0000000
6	127000000	128000000	2	24945	1000000	0.0249450
6	128000000	129000000	2	5093	1000000	0.0050930
6	129000000	130000000	1	1625	1000000	0.0016250
6	130000000	131000000	2	40204	1000000	0.0402040
6	131000000	132000000	3	3468	1000000	0.0034680
6	132000000	133000000	3	2453	1000000	0.0024530
6	133000000	134000000	6	15230	1000000	0.0152300
6	134000000	135000000	1	6301	1000000	0.0063010
6	135000000	136000000	3	19105	1000000	0.0191050
6	136000000	137000000	3	5347	1000000	0.0053470
6	137000000	138000000	0	0	1000000	0.0000000
6	138000000	139000000	0	0	1000000	0.0000000
6	139000000	140000000	0	0	1000000	0.0000000
6	140000000	141000000	4	11176	1000000	0.0111760
6	141000000	142000000	4	7091	1000000	0.0070910
6	142000000	143000000	1	594	1000000	0.0005940
6	143000000	144000000	3	11890	1000000	0.0118900
6	144000000	145000000	5	4917	1000000	0.0049170
6	145000000	146000000	2	21499	1000000	0.0214990
6	146000000	147000000	4	12139	1000000	0.0121390
6	147000000	148000000	4	18635	1000000	0.0186350
6	148000000	149000000	0	0	1000000	0.0000000
6	149000000	150000000	0	0	1000000	0.0000000
6	150000000	151000000	7	14207	1000000	0.0142070
6	151000000	152000000	0	0	1000000	0.0000000
6	152000000	153000000	4	10275	1000000	0.0102750
6	153000000	154000000	2	1449	1000000	0.0014490
6	154000000	155000000	2	7710	1000000	0.0077100
6	155000000	156000000	0	0	1000000	0.0000000
6	156000000	157000000	6	5364	1000000	0.0053640
6	157000000	158000000	8	31200	1000000	0.0312000
6	158000000	159000000	0	0	1000000	0.0000000
6	159000000	160000000	6	15757	1000000	0.0157570
6	160000000	161000000	6	7968	1000000	0.0079680
6	161000000	162000000	3	1114	1000000	0.0011140
6	162000000	163000000	6	6555	1000000	0.0065550
6	163000000	164000000	3	3005	1000000	0.0030050
6	164000000	165000000	5	31178	1000000	0.0311780
6	165000000	166000000	3	11448	1000000	0.0114480
6	166000000	167000000	11	13436	1000000	0.0134360
6	167000000	168000000	2	4910	1000000	0.0049100
6	168000000	169000000	2	7177	1000000	0.0071770
6	169000000	170000000	10	29753	1000000	0.0297530
6	170000000	171000000	6	6346	1000000	0.0063460
6	171000000	172000000	2	9249	1000000	0.0092490
6	172000000	173000000	2	3777	1000000	0.0037770
6	173000000	174000000	4	6852	1000000	0.0068520
6	174000000	174033170	0	0	33170	0.0000000
7	0	1000000	1	4143	1000000	0.0041430
7	1000000	2000000	14	32037	1000000	0.0320370
7	2000000	3000000	20	47057	1000000	0.0470570
7	3000000	4000000	3	1458	1000000	0.0014580
7	4000000	5000000	8	11340	1000000	0.0113400
7	5000000	6000000	0	0	1000000	0.0000000
7	6000000	7000000	2	6315	1000000	0.0063150
7	7000000	8000000	11	9889	1000000	0.0098890
7	8000000	9000000	3	2403	1000000	0.0024030
7	9000000	10000000	2	5832	1000000	0.0058320
7	10000000	11000000	2	1851	1000000	0.0018510
7	11000000	12000000	2	25218	1000000	0.0252180
7	12000000	13000000	7	8481	1000000	0.0084810
7	13000000	14000000	4	5062	1000000	0.0050620
7	14000000	15000000	5	9398	1000000	0.0093980
7	15000000	16000000	5	35478	1000000	0.0354780
7	16000000	17000000	2	2079	1000000	0.0020790
7	17000000	18000000	2	1932	1000000	0.0019320
7	18000000	19000000	0	0	1000000	0.0000000
7	19000000	20000000	3	2415	1000000	0.0024150
7	20000000	21000000	0	0	1000000	0.0000000
7	21000000	22000000	0	0	1000000	0.0000000
7	22000000	23000000	2	1689	1000000	0.0016890
7	23000000	24000000	3	8238	1000000	0.0082380
7	24000000	25000000	6	16200	1000000	0.0162000
7	25000000	26000000	7	8051	1000000	0.0080510
7	26000000	27000000	6	15136	1000000	0.0151360
7	27000000	28000000	0	0	1000000	0.0000000
7	28000000	29000000	2	3699	1000000	0.0036990
7	29000000	30000000	0	0	1000000	0.0000000
7	30000000	31000000	3	7351	1000000	0.0073510
7	31000000	32000000	2	3742	1000000	0.0037420
7	32000000	33000000	7	7419	1000000	0.0074190
7	33000000	34000000	0	0	1000000	0.0000000
7	34000000	35000000	0	0	1000000	0.0000000
7	35000000	36000000	0	0	1000000	0.0000000
7	36000000	37000000	0	0	1000000	0.0000000
7	37000000	38000000	0	0	1000000	0.0000000
7	38000000	39000000	0	0	1000000	0.0000000
7	39000000	40000000	0	0	1000000	0.0000000
7	40000000	41000000	0	0	1000000	0.0000000
7	41000000	42000000	2	2410	1000000	0.0024100
7	42000000	43000000	3	5742	1000000	0.0057420
7	43000000	44000000	1	1468	1000000	0.0014680
7	44000000	45000000	0	0	1000000	0.0000000
7	45000000	46000000	0	0	1000000	0.0000000
7	46000000	47000000	0	0	1000000	0.0000000
7	47000000	48000000	0	0	1000000	0.0000000
7	48000000	49000000	0	0	1000000	0.0000000
7	49000000	50000000	0	0	1000000	0.0000000
7	50000000	51000000	2	6328	1000000	0.0063280
7	51000000	52000000	0	0	1000000	0.0000000
7	52000000	53000000	2	1678	1000000	0.0016780
7	53000000	54000000	0	0	1000000	0.0000000
7	54000000	55000000	3	1824	1000000	0.0018240
7	55000000	56000000	1	411	1000000	0.0004110
7	56000000	57000000	2	6227	1000000	0.0062270
7	57000000	58000000	2	961	1000000	0.0009610
7	58000000	59000000	0	0	1000000	0.0000000
7	59000000	60000000	0	0	1000000	0.0000000
7	60000000	61000000	0	0	1000000	0.0000000
7	61000000	62000000	0	0	1000000	0.0000000
7	62000000	63000000	0	0	1000000	0.0000000
7	63000000	64000000	0	0	1000000	0.0000000
7	64000000	65000000	0	0	1000000	0.0000000
7	65000000	66000000	0	0	1000000	0.0000000
7	66000000	67000000	0	0	1000000	0.0000000
7	67000000	68000000	0	0	1000000	0.0000000
7	68000000	69000000	0	0	1000000	0.0000000
7	69000000	70000000	0	0	1000000	0.0000000
7	70000000	71000000	1	6503	1000000	0.0065030
7	71000000	72000000	1	5464	1000000	0.0054640
7	72000000	73000000	0	0	1000000	0.0000000
7	73000000	74000000	0	0	1000000	0.0000000
7	74000000	75000000	0	0	1000000	0.0000000
7	75000000	76000000	0	0	1000000	0.0000000
7	76000000	77000000	0	0	1000000	0.0000000
7	77000000	78000000	0	0	1000000	0.0000000
7	78000000	79000000	0	0	1000000	0.0000000
7	79000000	80000000	1	12703	1000000	0.0127030
7	80000000	81000000	1	16514	1000000	0.0165140
7	81000000	82000000	0	0	1000000	0.0000000
7	82000000	83000000	0	0	1000000	0.0000000
7	83000000	84000000	0	0	1000000	0.0000000
7	84000000	85000000	0	0	1000000	0.0000000
7	85000000	86000000	0	0	1000000	0.0000000
7	86000000	87000000	2	9962	1000000	0.0099620
7	87000000	88000000	0	0	1000000	0.0000000
7	88000000	89000000	0	0	1000000	0.0000000
7	89000000	90000000	0	0	1000000	0.0000000
7	90000000	91000000	0	0	1000000	0.0000000
7	91000000	92000000	0	0	1000000	0.0000000
7	92000000	93000000	1	4979	1000000	0.0049790
7	93000000	94000000	1	9815	1000000	0.0098150
7	94000000	95000000	0	0	1000000	0.0000000
7	95000000	96000000	2	3906	1000000	0.0039060
7	96000000	97000000	0	0	1000000	0.0000000
7	97000000	98000000	0	0	1000000	0.0000000
7	98000000	99000000	2	32755	1000000	0.0327550
7	99000000	100000000	0	0	1000000	0.0000000
7	100000000	101000000	0	0	1000000	0.0000000
7	101000000	102000000	0	0	1000000	0.0000000
7	102000000	103000000	4	17351	1000000	0.0173510
7	103000000	104000000	5	9847	1000000	0.0098470
7	104000000	105000000	2	3838	1000000	0.0038380
7	105000000	106000000	2	4763	1000000	0.0047630
7	106000000	107000000	0	0	1000000	0.0000000
7	107000000	108000000	0	0	1000000	0.0000000
7	108000000	109000000	2	2903	1000000	0.0029030
7	109000000	110000000	0	0	1000000	0.0000000
7	110000000	111000000	0	0	1000000	0.0000000
7	111000000	112000000	4	7209	1000000	0.0072090
7	112000000	113000000	0	0	1000000	0.0000000
7	113000000	114000000	0	0	1000000	0.0000000
7	114000000	115000000	0	0	1000000	0.0000000
7	115000000	116000000	0	0	1000000	0.0000000
7	116000000	117000000	2	6539	1000000	0.0065390
7	117000000	118000000	2	14454	1000000	0.0144540
7	118000000	119000000	5	6480	1000000	0.0064800
7	119000000	120000000	6	9189	1000000	0.0091890
7	120000000	121000000	3	22532	1000000	0.0225320
7	121000000	122000000	1	10175	1000000	0.0101750
7	122000000	123000000	6	34423	1000000	0.0344230
7	123000000	124000000	8	4035	1000000	0.0040350
7	124000000	125000000	2	1384	1000000	0.0013840
7	125000000	126000000	0	0	1000000	0.0000000
7	126000000	127000000	2	1884	1000000	0.0018840
7	127000000	128000000	0	0	1000000	0.0000000
7	128000000	129000000	0	0	1000000	0.0000000
7	129000000	130000000	0	0	1000000	0.0000000
7	130000000	131000000	11	65146	1000000	0.0651460
7	131000000	132000000	6	14905	1000000	0.0149050
7	132000000	133000000	4	4090	1000000	0.0040900
7	133000000	134000000	2	3123	1000000	0.0031230
7	134000000	135000000	3	5030	1000000	0.0050300
7	135000000	136000000	3	9219	1000000	0.0092190
7	136000000	137000000	0	0	1000000	0.0000000
7	137000000	138000000	3	6893	1000000	0.0068930
7	138000000	139000000	2	1389	1000000	0.0013890
7	139000000	140000000	0	0	1000000	0.0000000
7	140000000	141000000	4	5564	1000000	0.0055640
7	141000000	142000000	2	2667	1000000	0.0026670
7	142000000	143000000	7	6316	1000000	0.0063160
7	143000000	144000000	2	10602	1000000	0.0106020
7	144000000	145000000	2	3527	1000000	0.0035270
7	145000000	146000000	2	8564	1000000	0.0085640
7	146000000	147000000	6	13177	1000000	0.0131770
7	147000000	148000000	1	1778	1000000	0.0017780
7	148000000	149000000	3	3369	1000000	0.0033690
7	149000000	150000000	1	1350	1000000	0.0013500
7	150000000	151000000	0	0	1000000	0.0000000
7	151000000	152000000	2	6029	1000000	0.0060290
7	152000000	153000000	5	2256	1000000	0.0022560
7	153000000	154000000	4	25890	1000000	0.0258900
7	154000000	155000000	2	4349	1000000	0.0043490
7	155000000	156000000	0	0	1000000	0.0000000
7	156000000	157000000	4	7843	1000000	0.0078430
7	157000000	158000000	2	2082	1000000	0.0020820
7	158000000	159000000	2	666	1000000	0.0006660
7	159000000	160000000	4	13104	1000000	0.0131040
7	160000000	161000000	14	44099	1000000	0.0440990
7	161000000	162000000	10	35995	1000000	0.0359950
7	162000000	163000000	8	15850	1000000	0.0158500
7	163000000	164000000	0	0	1000000	0.0000000
7	164000000	165000000	4	11500	1000000	0.0115000
7	165000000	166000000	2	4110	1000000	0.0041100
7	166000000	167000000	7	21311	1000000	0.0213110
7	167000000	168000000	4	8054	1000000	0.0080540
7	168000000	169000000	2	2762	1000000	0.0027620
7	169000000	170000000	5	6597	1000000	0.0065970
7	170000000	171000000	6	10911	1000000	0.0109110
7	171000000	172000000	0	0	1000000	0.0000000
7	172000000	173000000	6	16041	1000000	0.0160410
7	173000000	174000000	2	3022	1000000	0.0030220
7	174000000	175000000	12	24578	1000000	0.0245780
7	175000000	176000000	8	56544	1000000	0.0565440
7	176000000	177000000	4	25441	1000000	0.0254410
7	177000000	178000000	4	4252	1000000	0.0042520
7	178000000	179000000	7	9782	1000000	0.0097820
7	179000000	180000000	2	30785	1000000	0.0307850
7	180000000	181000000	0	0	1000000	0.0000000
7	181000000	182000000	3	3834	1000000	0.0038340
7	182000000	182381542	1	1252	381542	0.0032814
8	0	1000000	0	0	1000000	0.0000000
8	1000000	2000000	0	0	1000000	0.0000000
8	2000000	3000000	0	0	1000000	0.0000000
8	3000000	4000000	2	1482	1000000	0.0014820
8	4000000	5000000	3	12111	1000000	0.0121110
8	5000000	6000000	5	39999	1000000	0.0399990
8	6000000	7000000	0	0	1000000	0.0000000
8	7000000	8000000	2	4201	1000000	0.0042010
8	8000000	9000000	4	7108	1000000	0.0071080
8	9000000	10000000	16	97972	1000000	0.0979720
8	10000000	11000000	5	17362	1000000	0.0173620
8	11000000	12000000	2	5538	1000000	0.0055380
8	12000000	13000000	0	0	1000000	0.0000000
8	13000000	14000000	4	15623	1000000	0.0156230
8	14000000	15000000	2	3445	1000000	0.0034450
8	15000000	16000000	6	18186	1000000	0.0181860
8	16000000	17000000	2	39698	1000000	0.0396980
8	17000000	18000000	0	0	1000000	0.0000000
8	18000000	19000000	0	0	1000000	0.0000000
8	19000000	20000000	2	8745	1000000	0.0087450
8	20000000	21000000	0	0	1000000	0.0000000
8	21000000	22000000	0	0	1000000	0.0000000
8	22000000	23000000	0	0	1000000	0.0000000
8	23000000	24000000	0	0	1000000	0.0000000
8	24000000	25000000	4	6501	1000000	0.0065010
8	25000000	26000000	5	22772	1000000	0.0227720
8	26000000	27000000	0	0	1000000	0.0000000
8	27000000	28000000	0	0	1000000	0.0000000
8	28000000	29000000	2	3586	1000000	0.0035860
8	29000000	30000000	1	2001	1000000	0.0020010
8	30000000	31000000	0	0	1000000	0.0000000
8	31000000	32000000	0	0	1000000	0.0000000
8	32000000	33000000	0	0	1000000	0.0000000
8	33000000	34000000	0	0	1000000	0.0000000
8	34000000	35000000	0	0	1000000	0.0000000
8	35000000	36000000	2	1035	1000000	0.0010350
8	36000000	37000000	0	0	1000000	0.0000000
8	37000000	38000000	1	5365	1000000	0.0053650
8	38000000	39000000	3	11462	1000000	0.0114620
8	39000000	40000000	0	0	1000000	0.0000000
8	40000000	41000000	0	0	1000000	0.0000000
8	41000000	42000000	0	0	1000000	0.0000000
8	42000000	43000000	0	0	1000000	0.0000000
8	43000000	44000000	0	0	1000000	0.0000000
8	44000000	45000000	0	0	1000000	0.0000000
8	45000000	46000000	0	0	1000000	0.0000000
8	46000000	47000000	0	0	1000000	0.0000000
8	47000000	48000000	0	0	1000000	0.0000000
8	48000000	49000000	0	0	1000000	0.0000000
8	49000000	50000000	0	0	1000000	0.0000000
8	50000000	51000000	0	0	1000000	0.0000000
8	51000000	52000000	0	0	1000000	0.0000000
8	52000000	53000000	0	0	1000000	0.0000000
8	53000000	54000000	0	0	1000000	0.0000000
8	54000000	55000000	0	0	1000000	0.0000000
8	55000000	56000000	0	0	1000000	0.0000000
8	56000000	57000000	0	0	1000000	0.0000000
8	57000000	58000000	0	0	1000000	0.0000000
8	58000000	59000000	0	0	1000000	0.0000000
8	59000000	60000000	0	0	1000000	0.0000000
8	60000000	61000000	0	0	1000000	0.0000000
8	61000000	62000000	0	0	1000000	0.0000000
8	62000000	63000000	0	0	1000000	0.0000000
8	63000000	64000000	0	0	1000000	0.0000000
8	64000000	65000000	2	18954	1000000	0.0189540
8	65000000	66000000	2	2532	1000000	0.0025320
8	66000000	67000000	0	0	1000000	0.0000000
8	67000000	68000000	2	693	1000000	0.0006930
8	68000000	69000000	0	0	1000000	0.0000000
8	69000000	70000000	0	0	1000000	0.0000000
8	70000000	71000000	2	1626	1000000	0.0016260
8	71000000	72000000	0	0	1000000	0.0000000
8	72000000	73000000	3	22826	1000000	0.0228260
8	73000000	74000000	0	0	1000000	0.0000000
8	74000000	75000000	4	39400	1000000	0.0394000
8	75000000	76000000	0	0	1000000	0.0000000
8	76000000	77000000	2	3370	1000000	0.0033700
8	77000000	78000000	0	0	1000000	0.0000000
8	78000000	79000000	6	22647	1000000	0.0226470
8	79000000	80000000	0	0	1000000	0.0000000
8	80000000	81000000	0	0	1000000	0.0000000
8	81000000	82000000	0	0	1000000	0.0000000
8	82000000	83000000	0	0	1000000	0.0000000
8	83000000	84000000	0	0	1000000	0.0000000
8	84000000	85000000	0	0	1000000	0.0000000
8	85000000	86000000	0	0	1000000	0.0000000
8	86000000	87000000	2	6198	1000000	0.0061980
8	87000000	88000000	0	0	1000000	0.0000000
8	88000000	89000000	2	1212	1000000	0.0012120
8	89000000	90000000	2	567	1000000	0.0005670
8	90000000	91000000	0	0	1000000	0.0000000
8	91000000	92000000	2	14196	1000000	0.0141960
8	92000000	93000000	0	0	1000000	0.0000000
8	93000000	94000000	0	0	1000000	0.0000000
8	94000000	95000000	0	0	1000000	0.0000000
8	95000000	96000000	0	0	1000000	0.0000000
8	96000000	97000000	2	36065	1000000	0.0360650
8	97000000	98000000	0	0	1000000	0.0000000
8	98000000	99000000	0	0	1000000	0.0000000
8	99000000	100000000	8	41827	1000000	0.0418270
8	100000000	101000000	0	0	1000000	0.0000000
8	101000000	102000000	1	7298	1000000	0.0072980
8	102000000	103000000	1	4375	1000000	0.0043750
8	103000000	104000000	0	0	1000000	0.0000000
8	104000000	105000000	0	0	1000000	0.0000000
8	105000000	106000000	2	5898	1000000	0.0058980
8	106000000	107000000	2	17826	1000000	0.0178260
8	107000000	108000000	0	0	1000000	0.0000000
8	108000000	109000000	4	4488	1000000	0.0044880
8	109000000	110000000	0	0	1000000	0.0000000
8	110000000	111000000	6	12657	1000000	0.0126570
8	111000000	112000000	0	0	1000000	0.0000000
8	112000000	113000000	2	3860	1000000	0.0038600
8	113000000	114000000	0	0	1000000	0.0000000
8	114000000	115000000	0	0	1000000	0.0000000
8	115000000	116000000	4	21842	1000000	0.0218420
8	116000000	117000000	0	0	1000000	0.0000000
8	117000000	118000000	0	0	1000000	0.0000000
8	118000000	119000000	0	0	1000000	0.0000000
8	119000000	120000000	0	0	1000000	0.0000000
8	120000000	121000000	0	0	1000000	0.0000000
8	121000000	122000000	2	1176	1000000	0.0011760
8	122000000	123000000	2	771	1000000	0.0007710
8	123000000	124000000	2	4109	1000000	0.0041090
8	124000000	125000000	2	2886	1000000	0.0028860
8	125000000	126000000	0	0	1000000	0.0000000
8	126000000	127000000	4	6817	1000000	0.0068170
8	127000000	128000000	13	27921	1000000	0.0279210
8	128000000	129000000	0	0	1000000	0.0000000
8	129000000	130000000	0	0	1000000	0.0000000
8	130000000	131000000	0	0	1000000	0.0000000
8	131000000	132000000	4	5438	1000000	0.0054380
8	132000000	133000000	0	0	1000000	0.0000000
8	133000000	134000000	3	11909	1000000	0.0119090
8	134000000	135000000	0	0	1000000	0.0000000
8	135000000	136000000	0	0	1000000	0.0000000
8	136000000	137000000	4	13103	1000000	0.0131030
8	137000000	138000000	4	8634	1000000	0.0086340
8	138000000	139000000	6	7517	1000000	0.0075170
8	139000000	140000000	0	0	1000000	0.0000000
8	140000000	141000000	0	0	1000000	0.0000000
8	141000000	142000000	0	0	1000000	0.0000000
8	142000000	143000000	0	0	1000000	0.0000000
8	143000000	144000000	0	0	1000000	0.0000000
8	144000000	145000000	2	2667	1000000	0.0026670
8	145000000	146000000	0	0	1000000	0.0000000
8	146000000	147000000	6	17657	1000000	0.0176570
8	147000000	148000000	5	6612	1000000	0.0066120
8	148000000	149000000	2	3949	1000000	0.0039490
8	149000000	150000000	3	16664	1000000	0.0166640
8	150000000	151000000	4	11650	1000000	0.0116500
8	151000000	152000000	0	0	1000000	0.0000000
8	152000000	153000000	0	0	1000000	0.0000000
8	153000000	154000000	0	0	1000000	0.0000000
8	154000000	155000000	4	47671	1000000	0.0476710
8	155000000	156000000	3	2958	1000000	0.0029580
8	156000000	157000000	5	27226	1000000	0.0272260
8	157000000	158000000	5	11406	1000000	0.0114060
8	158000000	159000000	0	0	1000000	0.0000000
8	159000000	160000000	1	2946	1000000	0.0029460
8	160000000	161000000	5	24467	1000000	0.0244670
8	161000000	162000000	0	0	1000000	0.0000000
8	162000000	163000000	0	0	1000000	0.0000000
8	163000000	164000000	0	0	1000000	0.0000000
8	164000000	165000000	5	3183	1000000	0.0031830
8	165000000	166000000	2	7314	1000000	0.0073140
8	166000000	167000000	2	3008	1000000	0.0030080
8	167000000	168000000	2	612	1000000	0.0006120
8	168000000	169000000	6	20958	1000000	0.0209580
8	169000000	170000000	5	3027	1000000	0.0030270
8	170000000	171000000	3	9289	1000000	0.0092890
8	171000000	172000000	1	1038	1000000	0.0010380
8	172000000	173000000	2	5479	1000000	0.0054790
8	173000000	174000000	11	34284	1000000	0.0342840
8	174000000	175000000	2	1146	1000000	0.0011460
8	175000000	176000000	0	0	1000000	0.0000000
8	176000000	177000000	6	16000	1000000	0.0160000
8	177000000	178000000	0	0	1000000	0.0000000
8	178000000	179000000	2	3468	1000000	0.0034680
8	179000000	180000000	2	759	1000000	0.0007590
8	180000000	181000000	5	6357	1000000	0.0063570
8	181000000	181122637	1	1434	122637	0.0116930
9	0	1000000	2	8553	1000000	0.0085530
9	1000000	2000000	3	6065	1000000	0.0060650
9	2000000	3000000	5	13038	1000000	0.0130380
9	3000000	4000000	0	0	1000000	0.0000000
9	4000000	5000000	0	0	1000000	0.0000000
9	5000000	6000000	0	0	1000000	0.0000000
9	6000000	7000000	7	16032	1000000	0.0160320
9	7000000	8000000	5	16197	1000000	0.0161970
9	8000000	9000000	2	2688	1000000	0.0026880
9	9000000	10000000	4	5404	1000000	0.0054040
9	10000000	11000000	3	2273	1000000	0.0022730
9	11000000	12000000	2	1917	1000000	0.0019170
9	12000000	13000000	6	14226	1000000	0.0142260
9	13000000	14000000	0	0	1000000	0.0000000
9	14000000	15000000	6	14298	1000000	0.0142980
9	15000000	16000000	0	0	1000000	0.0000000
9	16000000	17000000	8	8686	1000000	0.0086860
9	17000000	18000000	9	28448	1000000	0.0284480
9	18000000	19000000	4	5112	1000000	0.0051120
9	19000000	20000000	12	30198	1000000	0.0301980
9	20000000	21000000	9	13171	1000000	0.0131710
9	21000000	22000000	3	3122	1000000	0.0031220
9	22000000	23000000	2	4511	1000000	0.0045110
9	23000000	24000000	7	11237	1000000	0.0112370
9	24000000	25000000	0	0	1000000	0.0000000
9	25000000	26000000	0	0	1000000	0.0000000
9	26000000	27000000	2	3619	1000000	0.0036190
9	27000000	28000000	4	6701	1000000	0.0067010
9	28000000	29000000	0	0	1000000	0.0000000
9	29000000	30000000	0	0	1000000	0.0000000
9	30000000	31000000	0	0	1000000	0.0000000
9	31000000	32000000	1	2549	1000000	0.0025490
9	32000000	33000000	3	3367	1000000	0.0033670
9	33000000	34000000	2	11844	1000000	0.0118440
9	34000000	35000000	5	6262	1000000	0.0062620
9	35000000	36000000	3	4278	1000000	0.0042780
9	36000000	37000000	0	0	1000000	0.0000000
9	37000000	38000000	0	0	1000000	0.0000000
9	38000000	39000000	2	2428	1000000	0.0024280
9	39000000	40000000	0	0	1000000	0.0000000
9	40000000	41000000	0	0	1000000	0.0000000
9	41000000	42000000	0	0	1000000	0.0000000
9	42000000	43000000	4	15586	1000000	0.0155860
9	43000000	44000000	7	13031	1000000	0.0130310
9	44000000	45000000	1	1488	1000000	0.0014880
9	45000000	46000000	2	1789	1000000	0.0017890
9	46000000	47000000	3	1116	1000000	0.0011160
9	47000000	48000000	0	0	1000000	0.0000000
9	48000000	49000000	0	0	1000000	0.0000000
9	49000000	50000000	0	0	1000000	0.0000000
9	50000000	51000000	0	0	1000000	0.0000000
9	51000000	52000000	0	0	1000000	0.0000000
9	52000000	53000000	0	0	1000000	0.0000000
9	53000000	54000000	2	6627	1000000	0.0066270
9	54000000	55000000	0	0	1000000	0.0000000
9	55000000	56000000	0	0	1000000	0.0000000
9	56000000	57000000	0	0	1000000	0.0000000
9	57000000	58000000	0	0	1000000	0.0000000
9	58000000	59000000	0	0	1000000	0.0000000
9	59000000	60000000	0	0	1000000	0.0000000
9	60000000	61000000	2	1143	1000000	0.0011430
9	61000000	62000000	0	0	1000000	0.0000000
9	62000000	63000000	2	5024	1000000	0.0050240
9	63000000	64000000	0	0	1000000	0.0000000
9	64000000	65000000	0	0	1000000	0.0000000
9	65000000	66000000	0	0	1000000	0.0000000
9	66000000	67000000	2	1311	1000000	0.0013110
9	67000000	68000000	7	15609	1000000	0.0156090
9	68000000	69000000	3	13041	1000000	0.0130410
9	69000000	70000000	0	0	1000000	0.0000000
9	70000000	71000000	3	4629	1000000	0.0046290
9	71000000	72000000	0	0	1000000	0.0000000
9	72000000	73000000	0	0	1000000	0.0000000
9	73000000	74000000	0	0	1000000	0.0000000
9	74000000	75000000	0	0	1000000	0.0000000
9	75000000	76000000	0	0	1000000	0.0000000
9	76000000	77000000	2	11054	1000000	0.0110540
9	77000000	78000000	0	0	1000000	0.0000000
9	78000000	79000000	0	0	1000000	0.0000000
9	79000000	80000000	3	2385	1000000	0.0023850
9	80000000	81000000	3	4773	1000000	0.0047730
9	81000000	82000000	2	9300	1000000	0.0093000
9	82000000	83000000	1	1394	1000000	0.0013940
9	83000000	84000000	0	0	1000000	0.0000000
9	84000000	85000000	0	0	1000000	0.0000000
9	85000000	86000000	0	0	1000000	0.0000000
9	86000000	87000000	0	0	1000000	0.0000000
9	87000000	88000000	0	0	1000000	0.0000000
9	88000000	89000000	0	0	1000000	0.0000000
9	89000000	90000000	0	0	1000000	0.0000000
9	90000000	91000000	1	1419	1000000	0.0014190
9	91000000	92000000	2	2904	1000000	0.0029040
9	92000000	93000000	4	14376	1000000	0.0143760
9	93000000	94000000	3	22521	1000000	0.0225210
9	94000000	95000000	2	3641	1000000	0.0036410
9	95000000	96000000	0	0	1000000	0.0000000
9	96000000	97000000	0	0	1000000	0.0000000
9	97000000	98000000	0	0	1000000	0.0000000
9	98000000	99000000	2	2880	1000000	0.0028800
9	99000000	100000000	0	0	1000000	0.0000000
9	100000000	101000000	2	1659	1000000	0.0016590
9	101000000	102000000	4	1107	1000000	0.0011070
9	102000000	103000000	3	13833	1000000	0.0138330
9	103000000	104000000	4	8417	1000000	0.0084170
9	104000000	105000000	5	12373	1000000	0.0123730
9	105000000	106000000	0	0	1000000	0.0000000
9	106000000	107000000	4	16236	1000000	0.0162360
9	107000000	108000000	2	9956	1000000	0.0099560
9	108000000	109000000	8	16361	1000000	0.0163610
9	109000000	110000000	0	0	1000000	0.0000000
9	110000000	111000000	2	2343	1000000	0.0023430
9	111000000	112000000	2	3204	1000000	0.0032040
9	112000000	113000000	0	0	1000000	0.0000000
9	113000000	114000000	0	0	1000000	0.0000000
9	114000000	115000000	2	705	1000000	0.0007050
9	115000000	116000000	2	13207	1000000	0.0132070
9	116000000	117000000	0	0	1000000	0.0000000
9	117000000	118000000	2	4517	1000000	0.0045170
9	118000000	119000000	10	15896	1000000	0.0158960
9	119000000	120000000	7	13648	1000000	0.0136480
9	120000000	121000000	2	2940	1000000	0.0029400
9	121000000	122000000	2	3120	1000000	0.0031200
9	122000000	123000000	6	30843	1000000	0.0308430
9	123000000	124000000	3	4236	1000000	0.0042360
9	124000000	125000000	0	0	1000000	0.0000000
9	125000000	126000000	0	0	1000000	0.0000000
9	126000000	127000000	3	1746	1000000	0.0017460
9	127000000	128000000	0	0	1000000	0.0000000
9	128000000	129000000	2	19456	1000000	0.0194560
9	129000000	130000000	11	50861	1000000	0.0508610
9	130000000	131000000	0	0	1000000	0.0000000
9	131000000	132000000	0	0	1000000	0.0000000
9	132000000	133000000	0	0	1000000	0.0000000
9	133000000	134000000	0	0	1000000	0.0000000
9	134000000	135000000	4	2727	1000000	0.0027270
9	135000000	136000000	1	465	1000000	0.0004650
9	136000000	137000000	0	0	1000000	0.0000000
9	137000000	138000000	4	15213	1000000	0.0152130
9	138000000	139000000	6	5430	1000000	0.0054300
9	139000000	140000000	0	0	1000000	0.0000000
9	140000000	141000000	2	5048	1000000	0.0050480
9	141000000	142000000	5	8535	1000000	0.0085350
9	142000000	143000000	3	2796	1000000	0.0027960
9	143000000	144000000	0	0	1000000	0.0000000
9	144000000	145000000	6	7167	1000000	0.0071670
9	145000000	146000000	6	12095	1000000	0.0120950
9	146000000	147000000	0	0	1000000	0.0000000
9	147000000	148000000	2	3140	1000000	0.0031400
9	148000000	149000000	2	8062	1000000	0.0080620
9	149000000	150000000	2	942	1000000	0.0009420
9	150000000	151000000	4	8636	1000000	0.0086360
9	151000000	152000000	5	13828	1000000	0.0138280
9	152000000	153000000	8	18876	1000000	0.0188760
9	153000000	154000000	10	15064	1000000	0.0150640
9	154000000	155000000	8	12438	1000000	0.0124380
9	155000000	156000000	4	6925	1000000	0.0069250
9	156000000	157000000	0	0	1000000	0.0000000
9	157000000	158000000	4	10640	1000000	0.0106400
9	158000000	159000000	3	2572	1000000	0.0025720
9	159000000	159769782	0	0	769782	0.0000000
10	0	1000000	8	16120	1000000	0.0161200
10	1000000	2000000	6	19528	1000000	0.0195280
10	2000000	3000000	13	40757	1000000	0.0407570
10	3000000	4000000	16	106573	1000000	0.1065730
10	4000000	5000000	12	18652	1000000	0.0186520
10	5000000	6000000	7	13505	1000000	0.0135050
10	6000000	7000000	7	35988	1000000	0.0359880
10	7000000	8000000	15	57840	1000000	0.0578400
10	8000000	9000000	0	0	1000000	0.0000000
10	9000000	10000000	3	8985	1000000	0.0089850
10	10000000	11000000	4	5459	1000000	0.0054590
10	11000000	12000000	4	7829	1000000	0.0078290
10	12000000	13000000	2	3326	1000000	0.0033260
10	13000000	14000000	0	0	1000000	0.0000000
10	14000000	15000000	1	2866	1000000	0.0028660
10	15000000	16000000	2	6152	1000000	0.0061520
10	16000000	17000000	2	8620	1000000	0.0086200
10	17000000	18000000	3	4509	1000000	0.0045090
10	18000000	19000000	0	0	1000000	0.0000000
10	19000000	20000000	2	2816	1000000	0.0028160
10	20000000	21000000	0	0	1000000	0.0000000
10	21000000	22000000	0	0	1000000	0.0000000
10	22000000	23000000	2	1433	1000000	0.0014330
10	23000000	24000000	0	0	1000000	0.0000000
10	24000000	25000000	0	0	1000000	0.0000000
10	25000000	26000000	4	1263	1000000	0.0012630
10	26000000	27000000	2	954	1000000	0.0009540
10	27000000	28000000	5	19107	1000000	0.0191070
10	28000000	29000000	0	0	1000000	0.0000000
10	29000000	30000000	0	0	1000000	0.0000000
10	30000000	31000000	2	5768	1000000	0.0057680
10	31000000	32000000	0	0	1000000	0.0000000
10	32000000	33000000	0	0	1000000	0.0000000
10	33000000	34000000	0	0	1000000	0.0000000
10	34000000	35000000	0	0	1000000	0.0000000
10	35000000	36000000	0	0	1000000	0.0000000
10	36000000	37000000	0	0	1000000	0.0000000
10	37000000	38000000	2	20436	1000000	0.0204360
10	38000000	39000000	0	0	1000000	0.0000000
10	39000000	40000000	0	0	1000000	0.0000000
10	40000000	41000000	0	0	1000000	0.0000000
10	41000000	42000000	0	0	1000000	0.0000000
10	42000000	43000000	0	0	1000000	0.0000000
10	43000000	44000000	0	0	1000000	0.0000000
10	44000000	45000000	0	0	1000000	0.0000000
10	45000000	46000000	0	0	1000000	0.0000000
10	46000000	47000000	0	0	1000000	0.0000000
10	47000000	48000000	0	0	1000000	0.0000000
10	48000000	49000000	0	0	1000000	0.0000000
10	49000000	50000000	0	0	1000000	0.0000000
10	50000000	51000000	0	0	1000000	0.0000000
10	51000000	52000000	0	0	1000000	0.0000000
10	52000000	53000000	0	0	1000000	0.0000000
10	53000000	54000000	0	0	1000000	0.0000000
10	54000000	55000000	0	0	1000000	0.0000000
10	55000000	56000000	0	0	1000000	0.0000000
10	56000000	57000000	4	20524	1000000	0.0205240
10	57000000	58000000	0	0	1000000	0.0000000
10	58000000	59000000	0	0	1000000	0.0000000
10	59000000	60000000	1	898	1000000	0.0008980
10	60000000	61000000	1	1090	1000000	0.0010900
10	61000000	62000000	0	0	1000000	0.0000000
10	62000000	63000000	2	1787	1000000	0.0017870
10	63000000	64000000	0	0	1000000	0.0000000
10	64000000	65000000	0	0	1000000	0.0000000
10	65000000	66000000	0	0	1000000	0.0000000
10	66000000	67000000	2	2142	1000000	0.0021420
10	67000000	68000000	0	0	1000000	0.0000000
10	68000000	69000000	5	6494	1000000	0.0064940
10	69000000	70000000	0	0	1000000	0.0000000
10	70000000	71000000	0	0	1000000	0.0000000
10	71000000	72000000	3	1638	1000000	0.0016380
10	72000000	73000000	1	2474	1000000	0.0024740
10	73000000	74000000	4	11420	1000000	0.0114200
10	74000000	75000000	0	0	1000000	0.0000000
10	75000000	76000000	0	0	1000000	0.0000000
10	76000000	77000000	0	0	1000000	0.0000000
10	77000000	78000000	2	1346	1000000	0.0013460
10	78000000	79000000	5	5511	1000000	0.0055110
10	79000000	80000000	2	11790	1000000	0.0117900
10	80000000	81000000	7	7952	1000000	0.0079520
10	81000000	82000000	2	14338	1000000	0.0143380
10	82000000	83000000	7	18508	1000000	0.0185080
10	83000000	84000000	4	40627	1000000	0.0406270
10	84000000	85000000	0	0	1000000	0.0000000
10	85000000	86000000	8	12618	1000000	0.0126180
10	86000000	87000000	7	18056	1000000	0.0180560
10	87000000	88000000	2	3118	1000000	0.0031180
10	88000000	89000000	6	3711	1000000	0.0037110
10	89000000	90000000	1	1031	1000000	0.0010310
10	90000000	91000000	5	4860	1000000	0.0048600
10	91000000	92000000	2	4418	1000000	0.0044180
10	92000000	93000000	0	0	1000000	0.0000000
10	93000000	94000000	2	624	1000000	0.0006240
10	94000000	95000000	2	2442	1000000	0.0024420
10	95000000	96000000	0	0	1000000	0.0000000
10	96000000	97000000	8	20640	1000000	0.0206400
10	97000000	98000000	4	19584	1000000	0.0195840
10	98000000	99000000	0	0	1000000	0.0000000
10	99000000	100000000	1	2720	1000000	0.0027200
10	100000000	101000000	3	5930	1000000	0.0059300
10	101000000	102000000	0	0	1000000	0.0000000
10	102000000	103000000	0	0	1000000	0.0000000
10	103000000	104000000	0	0	1000000	0.0000000
10	104000000	105000000	0	0	1000000	0.0000000
10	105000000	106000000	0	0	1000000	0.0000000
10	106000000	107000000	2	8567	1000000	0.0085670
10	107000000	108000000	0	0	1000000	0.0000000
10	108000000	109000000	2	26121	1000000	0.0261210
10	109000000	110000000	0	0	1000000	0.0000000
10	110000000	111000000	2	714	1000000	0.0007140
10	111000000	112000000	4	30835	1000000	0.0308350
10	112000000	113000000	0	0	1000000	0.0000000
10	113000000	114000000	1	1534	1000000	0.0015340
10	114000000	115000000	1	1337	1000000	0.0013370
10	115000000	116000000	2	5149	1000000	0.0051490
10	116000000	117000000	13	36315	1000000	0.0363150
10	117000000	118000000	0	0	1000000	0.0000000
10	118000000	119000000	0	0	1000000	0.0000000
10	119000000	120000000	0	0	1000000	0.0000000
10	120000000	121000000	4	23078	1000000	0.0230780
10	121000000	122000000	2	18865	1000000	0.0188650
10	122000000	123000000	8	17887	1000000	0.0178870
10	123000000	124000000	19	25706	1000000	0.0257060
10	124000000	125000000	4	34596	1000000	0.0345960
10	125000000	126000000	0	0	1000000	0.0000000
10	126000000	127000000	2	6900	1000000	0.0069000
10	127000000	128000000	0	0	1000000	0.0000000
10	128000000	129000000	2	804	1000000	0.0008040
10	129000000	130000000	0	0	1000000	0.0000000
10	130000000	131000000	2	4842	1000000	0.0048420
10	131000000	132000000	4	23143	1000000	0.0231430
10	132000000	133000000	5	9564	1000000	0.0095640
10	133000000	134000000	10	27001	1000000	0.0270010
10	134000000	135000000	0	0	1000000	0.0000000
10	135000000	136000000	0	0	1000000	0.0000000
10	136000000	137000000	3	2609	1000000	0.0026090
10	137000000	138000000	0	0	1000000	0.0000000
10	138000000	139000000	0	0	1000000	0.0000000
10	139000000	140000000	2	5083	1000000	0.0050830
10	140000000	141000000	14	17312	1000000	0.0173120
10	141000000	142000000	3	1996	1000000	0.0019960
10	142000000	143000000	1	1699	1000000	0.0016990
10	143000000	144000000	0	0	1000000	0.0000000
10	144000000	145000000	5	17147	1000000	0.0171470
10	145000000	146000000	5	4928	1000000	0.0049280
10	146000000	147000000	5	3487	1000000	0.0034870
10	147000000	148000000	2	24363	1000000	0.0243630
10	148000000	149000000	4	6108	1000000	0.0061080
10	149000000	150000000	2	1476	1000000	0.0014760
10	150000000	150982314	0	0	982314	0.0000000
