1	0	1000000	1	440475	1000000	0.4404750
1	1000000	2000000	1	1000000	1000000	1.0000000
1	2000000	3000000	1	1000000	1000000	1.0000000
1	3000000	4000000	1	1000000	1000000	1.0000000
1	4000000	5000000	1	1000000	1000000	1.0000000
1	5000000	6000000	1	1000000	1000000	1.0000000
1	6000000	7000000	1	1000000	1000000	1.0000000
1	7000000	8000000	1	1000000	1000000	1.0000000
1	8000000	9000000	1	1000000	1000000	1.0000000
1	9000000	10000000	1	1000000	1000000	1.0000000
1	10000000	11000000	1	1000000	1000000	1.0000000
1	11000000	12000000	1	1000000	1000000	1.0000000
1	12000000	13000000	1	1000000	1000000	1.0000000
1	13000000	14000000	1	1000000	1000000	1.0000000
1	14000000	15000000	1	1000000	1000000	1.0000000
1	15000000	16000000	1	1000000	1000000	1.0000000
1	16000000	17000000	1	1000000	1000000	1.0000000
1	17000000	18000000	1	1000000	1000000	1.0000000
1	18000000	19000000	1	1000000	1000000	1.0000000
1	19000000	20000000	1	1000000	1000000	1.0000000
1	20000000	21000000	2	705725	1000000	0.7057250
1	21000000	22000000	1	1000000	1000000	1.0000000
1	22000000	23000000	1	1000000	1000000	1.0000000
1	23000000	24000000	1	1000000	1000000	1.0000000
1	24000000	25000000	1	1000000	1000000	1.0000000
1	25000000	26000000	2	998349	1000000	0.9983490
1	26000000	27000000	1	1000000	1000000	1.0000000
1	27000000	28000000	1	1000000	1000000	1.0000000
1	28000000	29000000	1	1000000	1000000	1.0000000
1	29000000	30000000	1	1000000	1000000	1.0000000
1	30000000	31000000	1	1000000	1000000	1.0000000
1	31000000	32000000	1	1000000	1000000	1.0000000
1	32000000	33000000	1	1000000	1000000	1.0000000
1	33000000	34000000	1	1000000	1000000	1.0000000
1	34000000	35000000	1	1000000	1000000	1.0000000
1	35000000	36000000	2	928601	1000000	0.9286010
1	36000000	37000000	2	929936	1000000	0.9299360
1	37000000	38000000	1	1000000	1000000	1.0000000
1	38000000	39000000	1	1000000	1000000	1.0000000
1	39000000	40000000	1	1000000	1000000	1.0000000
1	40000000	41000000	1	1000000	1000000	1.0000000
1	41000000	42000000	1	1000000	1000000	1.0000000
1	42000000	43000000	1	1000000	1000000	1.0000000
1	43000000	44000000	1	1000000	1000000	1.0000000
1	44000000	45000000	1	1000000	1000000	1.0000000
1	45000000	46000000	1	1000000	1000000	1.0000000
1	46000000	47000000	1	1000000	1000000	1.0000000
1	47000000	48000000	1	1000000	1000000	1.0000000
1	48000000	49000000	1	1000000	1000000	1.0000000
1	49000000	50000000	1	1000000	1000000	1.0000000
1	50000000	51000000	1	1000000	1000000	1.0000000
1	51000000	52000000	1	1000000	1000000	1.0000000
1	52000000	53000000	1	1000000	1000000	1.0000000
1	53000000	54000000	1	1000000	1000000	1.0000000
1	54000000	55000000	1	1000000	1000000	1.0000000
1	55000000	56000000	1	1000000	1000000	1.0000000
1	56000000	57000000	1	1000000	1000000	1.0000000
1	57000000	58000000	1	1000000	1000000	1.0000000
1	58000000	59000000	1	1000000	1000000	1.0000000
1	59000000	60000000	1	1000000	1000000	1.0000000
1	60000000	61000000	1	1000000	1000000	1.0000000
1	61000000	62000000	1	1000000	1000000	1.0000000
1	62000000	63000000	1	1000000	1000000	1.0000000
1	63000000	64000000	1	1000000	1000000	1.0000000
1	64000000	65000000	1	1000000	1000000	1.0000000
1	65000000	66000000	1	1000000	1000000	1.0000000
1	66000000	67000000	1	1000000	1000000	1.0000000
1	67000000	68000000	1	1000000	1000000	1.0000000
1	68000000	69000000	1	1000000	1000000	1.0000000
1	69000000	70000000	1	1000000	1000000	1.0000000
1	70000000	71000000	1	1000000	1000000	1.0000000
1	71000000	72000000	1	1000000	1000000	1.0000000
1	72000000	73000000	1	1000000	1000000	1.0000000
1	73000000	74000000	1	1000000	1000000	1.0000000
1	74000000	75000000	1	1000000	1000000	1.0000000
1	75000000	76000000	1	1000000	1000000	1.0000000
1	76000000	77000000	1	1000000	1000000	1.0000000
1	77000000	78000000	1	1000000	1000000	1.0000000
1	78000000	79000000	1	1000000	1000000	1.0000000
1	79000000	80000000	1	1000000	1000000	1.0000000
1	80000000	81000000	1	1000000	1000000	1.0000000
1	81000000	82000000	1	1000000	1000000	1.0000000
1	82000000	83000000	1	1000000	1000000	1.0000000
1	83000000	84000000	1	1000000	1000000	1.0000000
1	84000000	85000000	1	1000000	1000000	1.0000000
1	85000000	86000000	1	1000000	1000000	1.0000000
1	86000000	87000000	1	1000000	1000000	1.0000000
1	87000000	88000000	1	1000000	1000000	1.0000000
1	88000000	89000000	1	1000000	1000000	1.0000000
1	89000000	90000000	1	1000000	1000000	1.0000000
1	90000000	91000000	1	1000000	1000000	1.0000000
1	91000000	92000000	2	836641	1000000	0.8366410
1	92000000	93000000	1	1000000	1000000	1.0000000
1	93000000	94000000	1	1000000	1000000	1.0000000
1	94000000	95000000	1	945167	1000000	0.9451670
1	95000000	96000000	1	779879	1000000	0.7798790
1	96000000	97000000	1	1000000	1000000	1.0000000
1	97000000	98000000	1	1000000	1000000	1.0000000
1	98000000	99000000	1	1000000	1000000	1.0000000
1	99000000	100000000	1	1000000	1000000	1.0000000
1	100000000	101000000	2	933374	1000000	0.9333740
1	101000000	102000000	1	1000000	1000000	1.0000000
1	102000000	103000000	1	967621	1000000	0.9676210
1	103000000	104000000	1	797747	1000000	0.7977470
1	104000000	105000000	1	1000000	1000000	1.0000000
1	105000000	106000000	1	1000000	1000000	1.0000000
1	106000000	107000000	1	1000000	1000000	1.0000000
1	107000000	108000000	1	1000000	1000000	1.0000000
1	108000000	109000000	1	1000000	1000000	1.0000000
1	109000000	110000000	1	1000000	1000000	1.0000000
1	110000000	111000000	1	1000000	1000000	1.0000000
1	111000000	112000000	1	1000000	1000000	1.0000000
1	112000000	113000000	1	1000000	1000000	1.0000000
1	113000000	114000000	1	1000000	1000000	1.0000000
1	114000000	115000000	1	1000000	1000000	1.0000000
1	115000000	116000000	1	1000000	1000000	1.0000000
1	116000000	117000000	1	1000000	1000000	1.0000000
1	117000000	118000000	1	1000000	1000000	1.0000000
1	118000000	119000000	1	1000000	1000000	1.0000000
1	119000000	120000000	1	1000000	1000000	1.0000000
1	120000000	121000000	1	1000000	1000000	1.0000000
1	121000000	122000000	1	1000000	1000000	1.0000000
1	122000000	123000000	1	1000000	1000000	1.0000000
1	123000000	124000000	1	1000000	1000000	1.0000000
1	124000000	125000000	1	1000000	1000000	1.0000000
1	125000000	126000000	1	1000000	1000000	1.0000000
1	126000000	127000000	1	1000000	1000000	1.0000000
1	127000000	128000000	1	1000000	1000000	1.0000000
1	128000000	129000000	1	1000000	1000000	1.0000000
1	129000000	130000000	1	274590	1000000	0.2745900
1	130000000	131000000	0	0	1000000	0.0000000
1	131000000	132000000	0	0	1000000	0.0000000
1	132000000	133000000	0	0	1000000	0.0000000
1	133000000	134000000	0	0	1000000	0.0000000
1	134000000	135000000	0	0	1000000	0.0000000
1	135000000	136000000	0	0	1000000	0.0000000
1	136000000	137000000	0	0	1000000	0.0000000
1	137000000	138000000	0	0	1000000	0.0000000
1	138000000	139000000	0	0	1000000	0.0000000
1	139000000	140000000	0	0	1000000	0.0000000
1	140000000	141000000	1	635344	1000000	0.6353440
1	141000000	142000000	1	1000000	1000000	1.0000000
1	142000000	143000000	1	1000000	1000000	1.0000000
1	143000000	144000000	1	1000000	1000000	1.0000000
1	144000000	145000000	1	878212	1000000	0.8782120
1	145000000	146000000	0	0	1000000	0.0000000
1	146000000	147000000	0	0	1000000	0.0000000
1	147000000	148000000	0	0	1000000	0.0000000
1	148000000	149000000	1	367980	1000000	0.3679800
1	149000000	150000000	1	1000000	1000000	1.0000000
1	150000000	151000000	1	1000000	1000000	1.0000000
1	151000000	152000000	1	1000000	1000000	1.0000000
1	152000000	153000000	1	1000000	1000000	1.0000000
1	153000000	154000000	1	1000000	1000000	1.0000000
1	154000000	155000000	1	1000000	1000000	1.0000000
1	155000000	156000000	1	1000000	1000000	1.0000000
1	156000000	157000000	1	1000000	1000000	1.0000000
1	157000000	158000000	1	1000000	1000000	1.0000000
1	158000000	159000000	1	1000000	1000000	1.0000000
1	159000000	160000000	1	884491	1000000	0.8844910
1	160000000	161000000	0	0	1000000	0.0000000
1	161000000	162000000	0	0	1000000	0.0000000
1	162000000	163000000	1	768281	1000000	0.7682810
1	163000000	164000000	1	1000000	1000000	1.0000000
1	164000000	165000000	1	1000000	1000000	1.0000000
1	165000000	166000000	1	1000000	1000000	1.0000000
1	166000000	167000000	1	1000000	1000000	1.0000000
1	167000000	168000000	1	1000000	1000000	1.0000000
1	168000000	169000000	1	1000000	1000000	1.0000000
1	169000000	170000000	1	1000000	1000000	1.0000000
1	170000000	171000000	1	1000000	1000000	1.0000000
1	171000000	172000000	1	1000000	1000000	1.0000000
1	172000000	173000000	1	1000000	1000000	1.0000000
1	173000000	174000000	1	1000000	1000000	1.0000000
1	174000000	175000000	1	1000000	1000000	1.0000000
1	175000000	176000000	1	1000000	1000000	1.0000000
1	176000000	177000000	1	1000000	1000000	1.0000000
1	177000000	178000000	1	1000000	1000000	1.0000000
1	178000000	179000000	1	1000000	1000000	1.0000000
1	179000000	180000000	1	1000000	1000000	1.0000000
1	180000000	181000000	1	403600	1000000	0.4036000
1	181000000	182000000	1	31707	1000000	0.0317070
1	182000000	183000000	1	945175	1000000	0.9451750
1	183000000	184000000	0	0	1000000	0.0000000
1	184000000	185000000	1	886375	1000000	0.8863750
1	185000000	186000000	1	1000000	1000000	1.0000000
1	186000000	187000000	1	1000000	1000000	1.0000000
1	187000000	188000000	1	66893	1000000	0.0668930
1	188000000	189000000	0	0	1000000	0.0000000
1	189000000	190000000	1	709248	1000000	0.7092480
1	190000000	191000000	1	1000000	1000000	1.0000000
1	191000000	192000000	1	1000000	1000000	1.0000000
1	192000000	193000000	1	1000000	1000000	1.0000000
1	193000000	194000000	1	1000000	1000000	1.0000000
1	194000000	195000000	1	1000000	1000000	1.0000000
1	195000000	196000000	1	1000000	1000000	1.0000000
1	196000000	197000000	1	1000000	1000000	1.0000000
1	197000000	198000000	1	1000000	1000000	1.0000000
1	198000000	199000000	1	1000000	1000000	1.0000000
1	199000000	200000000	1	1000000	1000000	1.0000000
1	200000000	201000000	2	958386	1000000	0.9583860
1	201000000	202000000	1	1000000	1000000	1.0000000
1	202000000	203000000	1	1000000	1000000	1.0000000
1	203000000	204000000	1	1000000	1000000	1.0000000
1	204000000	205000000	1	1000000	1000000	1.0000000
1	205000000	206000000	1	1000000	1000000	1.0000000
1	206000000	207000000	1	1000000	1000000	1.0000000
1	207000000	208000000	1	1000000	1000000	1.0000000
1	208000000	209000000	1	1000000	1000000	1.0000000
1	209000000	210000000	1	1000000	1000000	1.0000000
1	210000000	211000000	2	911445	1000000	0.9114450
1	211000000	212000000	1	1000000	1000000	1.0000000
1	212000000	213000000	1	1000000	1000000	1.0000000
1	213000000	214000000	1	1000000	1000000	1.0000000
1	214000000	215000000	1	1000000	1000000	1.0000000
1	215000000	216000000	1	1000000	1000000	1.0000000
1	216000000	217000000	1	1000000	1000000	1.0000000
1	217000000	218000000	1	1000000	1000000	1.0000000
1	218000000	219000000	1	1000000	1000000	1.0000000
1	219000000	220000000	2	898112	1000000	0.8981120
1	220000000	221000000	1	1000000	1000000	1.0000000
1	221000000	222000000	1	1000000	1000000	1.0000000
1	222000000	223000000	2	862949	1000000	0.8629490
1	223000000	224000000	2	983809	1000000	0.9838090
1	224000000	225000000	1	1000000	1000000	1.0000000
1	225000000	226000000	2	822018	1000000	0.8220180
1	226000000	227000000	1	1000000	1000000	1.0000000
1	227000000	228000000	1	1000000	1000000	1.0000000
1	228000000	229000000	1	1000000	1000000	1.0000000
1	229000000	230000000	1	1000000	1000000	1.0000000
1	230000000	231000000	1	1000000	1000000	1.0000000
1	231000000	232000000	1	1000000	1000000	1.0000000
1	232000000	233000000	1	1000000	1000000	1.0000000
1	233000000	234000000	1	1000000	1000000	1.0000000
1	234000000	235000000	1	1000000	1000000	1.0000000
1	235000000	236000000	1	1000000	1000000	1.0000000
1	236000000	237000000	1	1000000	1000000	1.0000000
1	237000000	238000000	1	242136	1000000	0.2421360
1	238000000	239000000	1	868237	1000000	0.8682370
1	239000000	240000000	1	1000000	1000000	1.0000000
1	240000000	241000000	1	1000000	1000000	1.0000000
1	241000000	242000000	1	1000000	1000000	1.0000000
1	242000000	243000000	1	1000000	1000000	1.0000000
1	243000000	244000000	1	1000000	1000000	1.0000000
1	244000000	245000000	1	1000000	1000000	1.0000000
1	245000000	246000000	1	1000000	1000000	1.0000000
1	246000000	247000000	1	1000000	1000000	1.0000000
1	247000000	248000000	1	1000000	1000000	1.0000000
1	248000000	249000000	2	786435	1000000	0.7864350
1	249000000	250000000	1	1000000	1000000	1.0000000
1	250000000	251000000	1	1000000	1000000	1.0000000
1	251000000	252000000	1	1000000	1000000	1.0000000
1	252000000	253000000	1	1000000	1000000	1.0000000
1	253000000	254000000	1	761288	1000000	0.7612880
1	254000000	255000000	1	836830	1000000	0.8368300
1	255000000	256000000	1	1000000	1000000	1.0000000
1	256000000	257000000	1	1000000	1000000	1.0000000
1	257000000	258000000	2	897918	1000000	0.8979180
1	258000000	259000000	1	1000000	1000000	1.0000000
1	259000000	260000000	1	1000000	1000000	1.0000000
1	260000000	261000000	2	795605	1000000	0.7956050
1	261000000	262000000	1	1000000	1000000	1.0000000
1	262000000	263000000	2	775031	1000000	0.7750310
1	263000000	264000000	1	1000000	1000000	1.0000000
1	264000000	265000000	1	1000000	1000000	1.0000000
1	265000000	266000000	2	886598	1000000	0.8865980
1	266000000	267000000	1	1000000	1000000	1.0000000
1	267000000	268000000	1	1000000	1000000	1.0000000
1	268000000	269000000	1	1000000	1000000	1.0000000
1	269000000	270000000	1	1000000	1000000	1.0000000
1	270000000	271000000	1	1000000	1000000	1.0000000
1	271000000	272000000	1	1000000	1000000	1.0000000
1	272000000	273000000	1	1000000	1000000	1.0000000
1	273000000	274000000	1	1000000	1000000	1.0000000
1	274000000	275000000	1	1000000	1000000	1.0000000
1	275000000	276000000	1	1000000	1000000	1.0000000
1	276000000	277000000	1	1000000	1000000	1.0000000
1	277000000	278000000	1	1000000	1000000	1.0000000
1	278000000	279000000	1	1000000	1000000	1.0000000
1	279000000	280000000	1	1000000	1000000	1.0000000
1	280000000	281000000	1	1000000	1000000	1.0000000
1	281000000	282000000	1	1000000	1000000	1.0000000
1	282000000	283000000	1	1000000	1000000	1.0000000
1	283000000	284000000	1	1000000	1000000	1.0000000
1	284000000	285000000	1	1000000	1000000	1.0000000
1	285000000	286000000	1	1000000	1000000	1.0000000
1	286000000	287000000	1	1000000	1000000	1.0000000
1	287000000	288000000	1	1000000	1000000	1.0000000
1	288000000	289000000	1	458472	1000000	0.4584720
1	289000000	290000000	1	664713	1000000	0.6647130
1	290000000	291000000	1	1000000	1000000	1.0000000
1	291000000	292000000	1	1000000	1000000	1.0000000
1	292000000	293000000	1	1000000	1000000	1.0000000
1	293000000	294000000	1	1000000	1000000	1.0000000
1	294000000	295000000	1	1000000	1000000	1.0000000
1	295000000	296000000	1	1000000	1000000	1.0000000
1	296000000	297000000	1	1000000	1000000	1.0000000
1	297000000	298000000	1	1000000	1000000	1.0000000
1	298000000	299000000	1	1000000	1000000	1.0000000
1	299000000	300000000	1	1000000	1000000	1.0000000
1	300000000	301000000	1	1000000	1000000	1.0000000
1	301000000	302000000	1	1000000	1000000	1.0000000
1	302000000	303000000	1	1000000	1000000	1.0000000
1	303000000	304000000	1	1000000	1000000	1.0000000
1	304000000	305000000	1	1000000	1000000	1.0000000
1	305000000	306000000	1	1000000	1000000	1.0000000
1	306000000	307000000	2	553834	1000000	0.5538340
1	307000000	307041717	0	0	41717	0.0000000
2	0	1000000	1	641544	1000000	0.6415440
2	1000000	2000000	1	1000000	1000000	1.0000000
2	2000000	3000000	1	1000000	1000000	1.0000000
2	3000000	4000000	1	1000000	1000000	1.0000000
2	4000000	5000000	1	1000000	1000000	1.0000000
2	5000000	6000000	1	1000000	1000000	1.0000000
2	6000000	7000000	1	1000000	1000000	1.0000000
2	7000000	8000000	2	713390	1000000	0.7133900
2	8000000	9000000	2	838429	1000000	0.8384290
2	9000000	10000000	1	1000000	1000000	1.0000000
2	10000000	11000000	1	1000000	1000000	1.0000000
2	11000000	12000000	1	1000000	1000000	1.0000000
2	12000000	13000000	1	1000000	1000000	1.0000000
2	13000000	14000000	1	1000000	1000000	1.0000000
2	14000000	15000000	1	1000000	1000000	1.0000000
2	15000000	16000000	1	1000000	1000000	1.0000000
2	16000000	17000000	1	1000000	1000000	1.0000000
2	17000000	18000000	1	1000000	1000000	1.0000000
2	18000000	19000000	1	1000000	1000000	1.0000000
2	19000000	20000000	1	1000000	1000000	1.0000000
2	20000000	21000000	1	1000000	1000000	1.0000000
2	21000000	22000000	1	1000000	1000000	1.0000000
2	22000000	23000000	1	1000000	1000000	1.0000000
2	23000000	24000000	1	1000000	1000000	1.0000000
2	24000000	25000000	1	1000000	1000000	1.0000000
2	25000000	26000000	2	931370	1000000	0.9313700
2	26000000	27000000	1	1000000	1000000	1.0000000
2	27000000	28000000	2	793161	1000000	0.7931610
2	28000000	29000000	1	1000000	1000000	1.0000000
2	29000000	30000000	2	992001	1000000	0.9920010
2	30000000	31000000	1	1000000	1000000	1.0000000
2	31000000	32000000	2	964083	1000000	0.9640830
2	32000000	33000000	1	1000000	1000000	1.0000000
2	33000000	34000000	1	1000000	1000000	1.0000000
2	34000000	35000000	1	1000000	1000000	1.0000000
2	35000000	36000000	1	1000000	1000000	1.0000000
2	36000000	37000000	1	1000000	1000000	1.0000000
2	37000000	38000000	1	1000000	1000000	1.0000000
2	38000000	39000000	1	1000000	1000000	1.0000000
2	39000000	40000000	1	1000000	1000000	1.0000000
2	40000000	41000000	1	1000000	1000000	1.0000000
2	41000000	42000000	1	1000000	1000000	1.0000000
2	42000000	43000000	1	1000000	1000000	1.0000000
2	43000000	44000000	1	1000000	1000000	1.0000000
2	44000000	45000000	1	1000000	1000000	1.0000000
2	45000000	46000000	1	1000000	1000000	1.0000000
2	46000000	47000000	1	1000000	1000000	1.0000000
2	47000000	48000000	1	1000000	1000000	1.0000000
2	48000000	49000000	1	1000000	1000000	1.0000000
2	49000000	50000000	1	1000000	1000000	1.0000000
2	50000000	51000000	1	1000000	1000000	1.0000000
2	51000000	52000000	1	1000000	1000000	1.0000000
2	52000000	53000000	1	1000000	1000000	1.0000000
2	53000000	54000000	1	1000000	1000000	1.0000000
2	54000000	55000000	1	1000000	1000000	1.0000000
2	55000000	56000000	1	1000000	1000000	1.0000000
2	56000000	57000000	1	1000000	1000000	1.0000000
2	57000000	58000000	1	1000000	1000000	1.0000000
2	58000000	59000000	1	1000000	1000000	1.0000000
2	59000000	60000000	1	1000000	1000000	1.0000000
2	60000000	61000000	1	1000000	1000000	1.0000000
2	61000000	62000000	1	1000000	1000000	1.0000000
2	62000000	63000000	1	1000000	1000000	1.0000000
2	63000000	64000000	1	1000000	1000000	1.0000000
2	64000000	65000000	1	1000000	1000000	1.0000000
2	65000000	66000000	1	1000000	1000000	1.0000000
2	66000000	67000000	1	1000000	1000000	1.0000000
2	67000000	68000000	1	1000000	1000000	1.0000000
2	68000000	69000000	1	1000000	1000000	1.0000000
2	69000000	70000000	1	1000000	1000000	1.0000000
2	70000000	71000000	1	1000000	1000000	1.0000000
2	71000000	72000000	1	1000000	1000000	1.0000000
2	72000000	73000000	1	1000000	1000000	1.0000000
2	73000000	74000000	2	676108	1000000	0.6761080
2	74000000	75000000	1	1000000	1000000	1.0000000
2	75000000	76000000	1	1000000	1000000	1.0000000
2	76000000	77000000	1	1000000	1000000	1.0000000
2	77000000	78000000	1	717321	1000000	0.7173210
2	78000000	79000000	0	0	1000000	0.0000000
2	79000000	80000000	0	0	1000000	0.0000000
2	80000000	81000000	0	0	1000000	0.0000000
2	81000000	82000000	0	0	1000000	0.0000000
2	82000000	83000000	0	0	1000000	0.0000000
2	83000000	84000000	0	0	1000000	0.0000000
2	84000000	85000000	1	655647	1000000	0.6556470
2	85000000	86000000	1	1000000	1000000	1.0000000
2	86000000	87000000	1	1000000	1000000	1.0000000
2	87000000	88000000	1	1000000	1000000	1.0000000
2	88000000	89000000	1	1000000	1000000	1.0000000
2	89000000	90000000	1	300971	1000000	0.3009710
2	90000000	91000000	0	0	1000000	0.0000000
2	91000000	92000000	0	0	1000000	0.0000000
2	92000000	93000000	0	0	1000000	0.0000000
2	93000000	94000000	0	0	1000000	0.0000000
2	94000000	95000000	0	0	1000000	0.0000000
2	95000000	96000000	0	0	1000000	0.0000000
2	96000000	97000000	0	0	1000000	0.0000000
2	97000000	98000000	1	320685	1000000	0.3206850
2	98000000	99000000	1	1000000	1000000	1.0000000
2	99000000	100000000	1	1000000	1000000	1.0000000
2	100000000	101000000	1	1000000	1000000	1.0000000
2	101000000	102000000	1	1000000	1000000	1.0000000
2	102000000	103000000	1	1000000	1000000	1.0000000
2	103000000	104000000	1	1000000	1000000	1.0000000
2	104000000	105000000	1	1000000	1000000	1.0000000
2	105000000	106000000	1	979822	1000000	0.9798220
2	106000000	107000000	0	0	1000000	0.0000000
2	107000000	108000000	0	0	1000000	0.0000000
2	108000000	109000000	0	0	1000000	0.0000000
2	109000000	110000000	1	672996	1000000	0.6729960
2	110000000	111000000	1	1000000	1000000	1.0000000
2	111000000	112000000	1	1000000	1000000	1.0000000
2	112000000	113000000	1	1000000	1000000	1.0000000
2	113000000	114000000	1	1000000	1000000	1.0000000
2	114000000	115000000	1	1000000	1000000	1.0000000
2	115000000	116000000	1	1000000	1000000	1.0000000
2	116000000	117000000	1	1000000	1000000	1.0000000
2	117000000	118000000	1	1000000	1000000	1.0000000
2	118000000	119000000	1	183006	1000000	0.1830060
2	119000000	120000000	0	0	1000000	0.0000000
2	120000000	121000000	0	0	1000000	0.0000000
2	121000000	122000000	0	0	1000000	0.0000000
2	122000000	123000000	0	0	1000000	0.0000000
2	123000000	124000000	0	0	1000000	0.0000000
2	124000000	125000000	0	0	1000000	0.0000000
2	125000000	126000000	0	0	1000000	0.0000000
2	126000000	127000000	0	0	1000000	0.0000000
2	127000000	128000000	0	0	1000000	0.0000000
2	128000000	129000000	0	0	1000000	0.0000000
2	129000000	130000000	0	0	1000000	0.0000000
2	130000000	131000000	0	0	1000000	0.0000000
2	131000000	132000000	0	0	1000000	0.0000000
2	132000000	133000000	0	0	1000000	0.0000000
2	133000000	134000000	0	0	1000000	0.0000000
2	134000000	135000000	0	0	1000000	0.0000000
2	135000000	136000000	0	0	1000000	0.0000000
2	136000000	137000000	0	0	1000000	0.0000000
2	137000000	138000000	0	0	1000000	0.0000000
2	138000000	139000000	0	0	1000000	0.0000000
2	139000000	140000000	0	0	1000000	0.0000000
2	140000000	141000000	0	0	1000000	0.0000000
2	141000000	142000000	0	0	1000000	0.0000000
2	142000000	143000000	0	0	1000000	0.0000000
2	143000000	144000000	0	0	1000000	0.0000000
2	144000000	145000000	0	0	1000000	0.0000000
2	145000000	146000000	0	0	1000000	0.0000000
2	146000000	147000000	0	0	1000000	0.0000000
2	147000000	148000000	0	0	1000000	0.0000000
2	148000000	149000000	0	0	1000000	0.0000000
2	149000000	150000000	0	0	1000000	0.0000000
2	150000000	151000000	0	0	1000000	0.0000000
2	151000000	152000000	0	0	1000000	0.0000000
2	152000000	153000000	0	0	1000000	0.0000000
2	153000000	154000000	0	0	1000000	0.0000000
2	154000000	155000000	0	0	1000000	0.0000000
2	155000000	156000000	0	0	1000000	0.0000000
2	156000000	157000000	0	0	1000000	0.0000000
2	157000000	158000000	0	0	1000000	0.0000000
2	158000000	159000000	0	0	1000000	0.0000000
2	159000000	160000000	0	0	1000000	0.0000000
2	160000000	161000000	0	0	1000000	0.0000000
2	161000000	162000000	0	0	1000000	0.0000000
2	162000000	163000000	0	0	1000000	0.0000000
2	163000000	164000000	0	0	1000000	0.0000000
2	164000000	165000000	0	0	1000000	0.0000000
2	165000000	166000000	0	0	1000000	0.0000000
2	166000000	167000000	0	0	1000000	0.0000000
2	167000000	168000000	0	0	1000000	0.0000000
2	168000000	169000000	0	0	1000000	0.0000000
2	169000000	170000000	0	0	1000000	0.0000000
2	170000000	171000000	0	0	1000000	0.0000000
2	171000000	172000000	0	0	1000000	0.0000000
2	172000000	173000000	0	0	1000000	0.0000000
2	173000000	174000000	0	0	1000000	0.0000000
2	174000000	175000000	0	0	1000000	0.0000000
2	175000000	176000000	0	0	1000000	0.0000000
2	176000000	177000000	0	0	1000000	0.0000000
2	177000000	178000000	0	0	1000000	0.0000000
2	178000000	179000000	0	0	1000000	0.0000000
2	179000000	180000000	0	0	1000000	0.0000000
2	180000000	181000000	0	0	1000000	0.0000000
2	181000000	182000000	0	0	1000000	0.0000000
2	182000000	183000000	0	0	1000000	0.0000000
2	183000000	184000000	0	0	1000000	0.0000000
2	184000000	185000000	0	0	1000000	0.0000000
2	185000000	186000000	0	0	1000000	0.0000000
2	186000000	187000000	0	0	1000000	0.0000000
2	187000000	188000000	0	0	1000000	0.0000000
2	188000000	189000000	0	0	1000000	0.0000000
2	189000000	190000000	0	0	1000000	0.0000000
2	190000000	191000000	0	0	1000000	0.0000000
2	191000000	192000000	0	0	1000000	0.0000000
2	192000000	193000000	0	0	1000000	0.0000000
2	193000000	194000000	0	0	1000000	0.0000000
2	194000000	195000000	0	0	1000000	0.0000000
2	195000000	196000000	0	0	1000000	0.0000000
2	196000000	197000000	0	0	1000000	0.0000000
2	197000000	198000000	0	0	1000000	0.0000000
2	198000000	199000000	0	0	1000000	0.0000000
2	199000000	200000000	0	0	1000000	0.0000000
2	200000000	201000000	0	0	1000000	0.0000000
2	201000000	202000000	0	0	1000000	0.0000000
2	202000000	203000000	0	0	1000000	0.0000000
2	203000000	204000000	0	0	1000000	0.0000000
2	204000000	205000000	0	0	1000000	0.0000000
2	205000000	206000000	0	0	1000000	0.0000000
2	206000000	207000000	0	0	1000000	0.0000000
2	207000000	208000000	0	0	1000000	0.0000000
2	208000000	209000000	0	0	1000000	0.0000000
2	209000000	210000000	0	0	1000000	0.0000000
2	210000000	211000000	0	0	1000000	0.0000000
2	211000000	212000000	0	0	1000000	0.0000000
2	212000000	213000000	0	0	1000000	0.0000000
2	213000000	214000000	0	0	1000000	0.0000000
2	214000000	215000000	0	0	1000000	0.0000000
2	215000000	216000000	0	0	1000000	0.0000000
2	216000000	217000000	0	0	1000000	0.0000000
2	217000000	218000000	0	0	1000000	0.0000000
2	218000000	219000000	0	0	1000000	0.0000000
2	219000000	220000000	0	0	1000000	0.0000000
2	220000000	221000000	0	0	1000000	0.0000000
2	221000000	222000000	0	0	1000000	0.0000000
2	222000000	223000000	0	0	1000000	0.0000000
2	223000000	224000000	0	0	1000000	0.0000000
2	224000000	225000000	0	0	1000000	0.0000000
2	225000000	226000000	0	0	1000000	0.0000000
2	226000000	227000000	0	0	1000000	0.0000000
2	227000000	228000000	0	0	1000000	0.0000000
2	228000000	229000000	0	0	1000000	0.0000000
2	229000000	230000000	0	0	1000000	0.0000000
2	230000000	231000000	0	0	1000000	0.0000000
2	231000000	232000000	0	0	1000000	0.0000000
2	232000000	233000000	0	0	1000000	0.0000000
2	233000000	234000000	0	0	1000000	0.0000000
2	234000000	235000000	0	0	1000000	0.0000000
2	235000000	236000000	0	0	1000000	0.0000000
2	236000000	237000000	0	0	1000000	0.0000000
2	237000000	238000000	0	0	1000000	0.0000000
2	238000000	239000000	0	0	1000000	0.0000000
2	239000000	240000000	0	0	1000000	0.0000000
2	240000000	241000000	0	0	1000000	0.0000000
2	241000000	242000000	0	0	1000000	0.0000000
2	242000000	243000000	0	0	1000000	0.0000000
2	243000000	244000000	0	0	1000000	0.0000000
2	244000000	244442276	0	0	442276	0.0000000
3	0	1000000	1	624058	1000000	0.6240580
3	1000000	2000000	1	1000000	1000000	1.0000000
3	2000000	3000000	1	1000000	1000000	1.0000000
3	3000000	4000000	2	999154	1000000	0.9991540
3	4000000	5000000	2	864609	1000000	0.8646090
3	5000000	6000000	1	1000000	1000000	1.0000000
3	6000000	7000000	1	1000000	1000000	1.0000000
3	7000000	8000000	1	1000000	1000000	1.0000000
3	8000000	9000000	1	1000000	1000000	1.0000000
3	9000000	10000000	1	1000000	1000000	1.0000000
3	10000000	11000000	1	1000000	1000000	1.0000000
3	11000000	12000000	1	1000000	1000000	1.0000000
3	12000000	13000000	1	1000000	1000000	1.0000000
3	13000000	14000000	1	1000000	1000000	1.0000000
3	14000000	15000000	1	1000000	1000000	1.0000000
3	15000000	16000000	1	1000000	1000000	1.0000000
3	16000000	17000000	1	1000000	1000000	1.0000000
3	17000000	18000000	1	1000000	1000000	1.0000000
3	18000000	19000000	1	1000000	1000000	1.0000000
3	19000000	20000000	1	1000000	1000000	1.0000000
3	20000000	21000000	1	1000000	1000000	1.0000000
3	21000000	22000000	1	1000000	1000000	1.0000000
3	22000000	23000000	1	1000000	1000000	1.0000000
3	23000000	24000000	1	1000000	1000000	1.0000000
3	24000000	25000000	1	1000000	1000000	1.0000000
3	25000000	26000000	1	1000000	1000000	1.0000000
3	26000000	27000000	1	1000000	1000000	1.0000000
3	27000000	28000000	1	1000000	1000000	1.0000000
3	28000000	29000000	1	1000000	1000000	1.0000000
3	29000000	30000000	1	1000000	1000000	1.0000000
3	30000000	31000000	1	1000000	1000000	1.0000000
3	31000000	32000000	1	1000000	1000000	1.0000000
3	32000000	33000000	1	1000000	1000000	1.0000000
3	33000000	34000000	1	1000000	1000000	1.0000000
3	34000000	35000000	1	1000000	1000000	1.0000000
3	35000000	36000000	1	1000000	1000000	1.0000000
3	36000000	37000000	1	1000000	1000000	1.0000000
3	37000000	38000000	1	817360	1000000	0.8173600
3	38000000	39000000	1	802830	1000000	0.8028300
3	39000000	40000000	1	1000000	1000000	1.0000000
3	40000000	41000000	2	749728	1000000	0.7497280
3	41000000	42000000	1	1000000	1000000	1.0000000
3	42000000	43000000	2	862341	1000000	0.8623410
3	43000000	44000000	1	1000000	1000000	1.0000000
3	44000000	45000000	1	1000000	1000000	1.0000000
3	45000000	46000000	1	1000000	1000000	1.0000000
3	46000000	47000000	1	1000000	1000000	1.0000000
3	47000000	48000000	1	1000000	1000000	1.0000000
3	48000000	49000000	1	1000000	1000000	1.0000000
3	49000000	50000000	1	1000000	1000000	1.0000000
3	50000000	51000000	1	1000000	1000000	1.0000000
3	51000000	52000000	1	1000000	1000000	1.0000000
3	52000000	53000000	1	1000000	1000000	1.0000000
3	53000000	54000000	1	1000000	1000000	1.0000000
3	54000000	55000000	1	1000000	1000000	1.0000000
3	55000000	56000000	1	1000000	1000000	1.0000000
3	56000000	57000000	1	1000000	1000000	1.0000000
3	57000000	58000000	1	1000000	1000000	1.0000000
3	58000000	59000000	1	1000000	1000000	1.0000000
3	59000000	60000000	1	1000000	1000000	1.0000000
3	60000000	61000000	1	1000000	1000000	1.0000000
3	61000000	62000000	1	1000000	1000000	1.0000000
3	62000000	63000000	1	1000000	1000000	1.0000000
3	63000000	64000000	1	1000000	1000000	1.0000000
3	64000000	65000000	1	1000000	1000000	1.0000000
3	65000000	66000000	1	1000000	1000000	1.0000000
3	66000000	67000000	1	1000000	1000000	1.0000000
3	67000000	68000000	1	1000000	1000000	1.0000000
3	68000000	69000000	1	1000000	1000000	1.0000000
3	69000000	70000000	1	661469	1000000	0.6614690
3	70000000	71000000	0	0	1000000	0.0000000
3	71000000	72000000	0	0	1000000	0.0000000
3	72000000	73000000	0	0	1000000	0.0000000
3	73000000	74000000	0	0	1000000	0.0000000
3	74000000	75000000	0	0	1000000	0.0000000
3	75000000	76000000	0	0	1000000	0.0000000
3	76000000	77000000	0	0	1000000	0.0000000
3	77000000	78000000	0	0	1000000	0.0000000
3	78000000	79000000	0	0	1000000	0.0000000
3	79000000	80000000	0	0	1000000	0.0000000
3	80000000	81000000	1	594680	1000000	0.5946800
3	81000000	82000000	1	1000000	1000000	1.0000000
3	82000000	83000000	1	1000000	1000000	1.0000000
3	83000000	84000000	1	223323	1000000	0.2233230
3	84000000	85000000	0	0	1000000	0.0000000
3	85000000	86000000	0	0	1000000	0.0000000
3	86000000	87000000	0	0	1000000	0.0000000
3	87000000	88000000	0	0	1000000	0.0000000
3	88000000	89000000	0	0	1000000	0.0000000
3	89000000	90000000	0	0	1000000	0.0000000
3	90000000	91000000	0	0	1000000	0.0000000
3	91000000	92000000	0	0	1000000	0.0000000
3	92000000	93000000	0	0	1000000	0.0000000
3	93000000	94000000	0	0	1000000	0.0000000
3	94000000	95000000	0	0	1000000	0.0000000
3	95000000	96000000	0	0	1000000	0.0000000
3	96000000	97000000	0	0	1000000	0.0000000
3	97000000	98000000	0	0	1000000	0.0000000
3	98000000	99000000	0	0	1000000	0.0000000
3	99000000	100000000	0	0	1000000	0.0000000
3	100000000	101000000	0	0	1000000	0.0000000
3	101000000	102000000	0	0	1000000	0.0000000
3	102000000	103000000	0	0	1000000	0.0000000
3	103000000	104000000	0	0	1000000	0.0000000
3	104000000	105000000	0	0	1000000	0.0000000
3	105000000	106000000	0	0	1000000	0.0000000
3	106000000	107000000	0	0	1000000	0.0000000
3	107000000	108000000	0	0	1000000	0.0000000
3	108000000	109000000	0	0	1000000	0.0000000
3	109000000	110000000	0	0	1000000	0.0000000
3	110000000	111000000	0	0	1000000	0.0000000
3	111000000	112000000	0	0	1000000	0.0000000
3	112000000	113000000	0	0	1000000	0.0000000
3	113000000	114000000	0	0	1000000	0.0000000
3	114000000	115000000	0	0	1000000	0.0000000
3	115000000	116000000	0	0	1000000	0.0000000
3	116000000	117000000	0	0	1000000	0.0000000
3	117000000	118000000	0	0	1000000	0.0000000
3	118000000	119000000	0	0	1000000	0.0000000
3	119000000	120000000	0	0	1000000	0.0000000
3	120000000	121000000	0	0	1000000	0.0000000
3	121000000	122000000	0	0	1000000	0.0000000
3	122000000	123000000	0	0	1000000	0.0000000
3	123000000	124000000	0	0	1000000	0.0000000
3	124000000	125000000	0	0	1000000	0.0000000
3	125000000	126000000	0	0	1000000	0.0000000
3	126000000	127000000	0	0	1000000	0.0000000
3	127000000	128000000	0	0	1000000	0.0000000
3	128000000	129000000	0	0	1000000	0.0000000
3	129000000	130000000	0	0	1000000	0.0000000
3	130000000	131000000	0	0	1000000	0.0000000
3	131000000	132000000	0	0	1000000	0.0000000
3	132000000	133000000	0	0	1000000	0.0000000
3	133000000	134000000	0	0	1000000	0.0000000
3	134000000	135000000	0	0	1000000	0.0000000
3	135000000	136000000	0	0	1000000	0.0000000
3	136000000	137000000	0	0	1000000	0.0000000
3	137000000	138000000	0	0	1000000	0.0000000
3	138000000	139000000	0	0	1000000	0.0000000
3	139000000	140000000	0	0	1000000	0.0000000
3	140000000	141000000	0	0	1000000	0.0000000
3	141000000	142000000	0	0	1000000	0.0000000
3	142000000	143000000	0	0	1000000	0.0000000
3	143000000	144000000	0	0	1000000	0.0000000
3	144000000	145000000	1	433972	1000000	0.4339720
3	145000000	146000000	1	1000000	1000000	1.0000000
3	146000000	147000000	1	1000000	1000000	1.0000000
3	147000000	148000000	1	1000000	1000000	1.0000000
3	148000000	149000000	1	1000000	1000000	1.0000000
3	149000000	150000000	1	1000000	1000000	1.0000000
3	150000000	151000000	1	1000000	1000000	1.0000000
3	151000000	152000000	1	1000000	1000000	1.0000000
3	152000000	153000000	1	1000000	1000000	1.0000000
3	153000000	154000000	1	1000000	1000000	1.0000000
3	154000000	155000000	1	1000000	1000000	1.0000000
3	155000000	156000000	1	1000000	1000000	1.0000000
3	156000000	157000000	1	1000000	1000000	1.0000000
3	157000000	158000000	1	1000000	1000000	1.0000000
3	158000000	159000000	1	1000000	1000000	1.0000000
3	159000000	160000000	1	1000000	1000000	1.0000000
3	160000000	161000000	1	1000000	1000000	1.0000000
3	161000000	162000000	1	1000000	1000000	1.0000000
3	162000000	163000000	1	1000000	1000000	1.0000000
3	163000000	164000000	1	1000000	1000000	1.0000000
3	164000000	165000000	1	1000000	1000000	1.0000000
3	165000000	166000000	1	1000000	1000000	1.0000000
3	166000000	167000000	1	1000000	1000000	1.0000000
3	167000000	168000000	1	1000000	1000000	1.0000000
3	168000000	169000000	1	1000000	1000000	1.0000000
3	169000000	170000000	1	1000000	1000000	1.0000000
3	170000000	171000000	1	1000000	1000000	1.0000000
3	171000000	172000000	1	1000000	1000000	1.0000000
3	172000000	173000000	1	1000000	1000000	1.0000000
3	173000000	174000000	1	1000000	1000000	1.0000000
3	174000000	175000000	1	1000000	1000000	1.0000000
3	175000000	176000000	1	1000000	1000000	1.0000000
3	176000000	177000000	1	1000000	1000000	1.0000000
3	177000000	178000000	1	1000000	1000000	1.0000000
3	178000000	179000000	1	1000000	1000000	1.0000000
3	179000000	180000000	1	1000000	1000000	1.0000000
3	180000000	181000000	1	1000000	1000000	1.0000000
3	181000000	182000000	1	1000000	1000000	1.0000000
3	182000000	183000000	1	1000000	1000000	1.0000000
3	183000000	184000000	1	1000000	1000000	1.0000000
3	184000000	185000000	1	1000000	1000000	1.0000000
3	185000000	186000000	1	1000000	1000000	1.0000000
3	186000000	187000000	1	1000000	1000000	1.0000000
3	187000000	188000000	1	1000000	1000000	1.0000000
3	188000000	189000000	1	1000000	1000000	1.0000000
3	189000000	190000000	1	1000000	1000000	1.0000000
3	190000000	191000000	1	1000000	1000000	1.0000000
3	191000000	192000000	1	1000000	1000000	1.0000000
3	192000000	193000000	1	1000000	1000000	1.0000000
3	193000000	194000000	1	1000000	1000000	1.0000000
3	194000000	195000000	1	1000000	1000000	1.0000000
3	195000000	196000000	1	1000000	1000000	1.0000000
3	196000000	197000000	1	1000000	1000000	1.0000000
3	197000000	198000000	1	1000000	1000000	1.0000000
3	198000000	199000000	1	1000000	1000000	1.0000000
3	199000000	200000000	2	908029	1000000	0.9080290
3	200000000	201000000	1	1000000	1000000	1.0000000
3	201000000	202000000	1	991160	1000000	0.9911600
3	202000000	203000000	2	841688	1000000	0.8416880
3	203000000	204000000	1	960201	1000000	0.9602010
3	204000000	205000000	1	823136	1000000	0.8231360
3	205000000	206000000	1	1000000	1000000	1.0000000
3	206000000	207000000	1	1000000	1000000	1.0000000
3	207000000	208000000	1	1000000	1000000	1.0000000
3	208000000	209000000	1	1000000	1000000	1.0000000
3	209000000	210000000	1	1000000	1000000	1.0000000
3	210000000	211000000	1	1000000	1000000	1.0000000
3	211000000	212000000	1	1000000	1000000	1.0000000
3	212000000	213000000	1	1000000	1000000	1.0000000
3	213000000	214000000	1	1000000	1000000	1.0000000
3	214000000	215000000	1	1000000	1000000	1.0000000
3	215000000	216000000	1	1000000	1000000	1.0000000
3	216000000	217000000	1	1000000	1000000	1.0000000
3	217000000	218000000	1	1000000	1000000	1.0000000
3	218000000	219000000	1	1000000	1000000	1.0000000
3	219000000	220000000	1	1000000	1000000	1.0000000
3	220000000	221000000	1	1000000	1000000	1.0000000
3	221000000	222000000	1	1000000	1000000	1.0000000
3	222000000	223000000	2	968280	1000000	0.9682800
3	223000000	224000000	1	1000000	1000000	1.0000000
3	224000000	225000000	1	1000000	1000000	1.0000000
3	225000000	226000000	1	1000000	1000000	1.0000000
3	226000000	227000000	1	1000000	1000000	1.0000000
3	227000000	228000000	1	1000000	1000000	1.0000000
3	228000000	229000000	1	1000000	1000000	1.0000000
3	229000000	230000000	2	913806	1000000	0.9138060
3	230000000	231000000	1	1000000	1000000	1.0000000
3	231000000	232000000	1	1000000	1000000	1.0000000
3	232000000	233000000	1	674052	1000000	0.6740520
3	233000000	234000000	0	0	1000000	0.0000000
3	234000000	235000000	0	0	1000000	0.0000000
3	235000000	235667834	0	0	667834	0.0000000
4	0	1000000	1	781383	1000000	0.7813830
4	1000000	2000000	1	1000000	1000000	1.0000000
4	2000000	3000000	1	1000000	1000000	1.0000000
4	3000000	4000000	1	1000000	1000000	1.0000000
4	4000000	5000000	1	1000000	1000000	1.0000000
4	5000000	6000000	1	1000000	1000000	1.0000000
4	6000000	7000000	1	1000000	1000000	1.0000000
4	7000000	8000000	1	1000000	1000000	1.0000000
4	8000000	9000000	1	1000000	1000000	1.0000000
4	9000000	10000000	1	1000000	1000000	1.0000000
4	10000000	11000000	2	867778	1000000	0.8677780
4	11000000	12000000	1	1000000	1000000	1.0000000
4	12000000	13000000	1	1000000	1000000	1.0000000
4	13000000	14000000	2	519378	1000000	0.5193780
4	14000000	15000000	1	1000000	1000000	1.0000000
4	15000000	16000000	2	958723	1000000	0.9587230
4	16000000	17000000	1	1000000	1000000	1.0000000
4	17000000	18000000	2	652538	1000000	0.6525380
4	18000000	19000000	1	528487	1000000	0.5284870
4	19000000	20000000	1	1000000	1000000	1.0000000
4	20000000	21000000	1	1000000	1000000	1.0000000
4	21000000	22000000	1	695246	1000000	0.6952460
4	22000000	23000000	1	514888	1000000	0.5148880
4	23000000	24000000	1	1000000	1000000	1.0000000
4	24000000	25000000	1	1000000	1000000	1.0000000
4	25000000	26000000	1	176712	1000000	0.1767120
4	26000000	27000000	0	0	1000000	0.0000000
4	27000000	28000000	0	0	1000000	0.0000000
4	28000000	29000000	0	0	1000000	0.0000000
4	29000000	30000000	0	0	1000000	0.0000000
4	30000000	31000000	0	0	1000000	0.0000000
4	31000000	32000000	0	0	1000000	0.0000000
4	32000000	33000000	0	0	1000000	0.0000000
4	33000000	34000000	0	0	1000000	0.0000000
4	34000000	35000000	0	0	1000000	0.0000000
4	35000000	36000000	0	0	1000000	0.0000000
4	36000000	37000000	0	0	1000000	0.0000000
4	37000000	38000000	0	0	1000000	0.0000000
4	38000000	39000000	0	0	1000000	0.0000000
4	39000000	40000000	0	0	1000000	0.0000000
4	40000000	41000000	0	0	1000000	0.0000000
4	41000000	42000000	0	0	1000000	0.0000000
4	42000000	43000000	0	0	1000000	0.0000000
4	43000000	44000000	0	0	1000000	0.0000000
4	44000000	45000000	0	0	1000000	0.0000000
4	45000000	46000000	0	0	1000000	0.0000000
4	46000000	47000000	0	0	1000000	0.0000000
4	47000000	48000000	0	0	1000000	0.0000000
4	48000000	49000000	0	0	1000000	0.0000000
4	49000000	50000000	0	0	1000000	0.0000000
4	50000000	51000000	0	0	1000000	0.0000000
4	51000000	52000000	0	0	1000000	0.0000000
4	52000000	53000000	0	0	1000000	0.0000000
4	53000000	54000000	0	0	1000000	0.0000000
4	54000000	55000000	0	0	1000000	0.0000000
4	55000000	56000000	0	0	1000000	0.0000000
4	56000000	57000000	0	0	1000000	0.0000000
4	57000000	58000000	0	0	1000000	0.0000000
4	58000000	59000000	0	0	1000000	0.0000000
4	59000000	60000000	0	0	1000000	0.0000000
4	60000000	61000000	0	0	1000000	0.0000000
4	61000000	62000000	0	0	1000000	0.0000000
4	62000000	63000000	0	0	1000000	0.0000000
4	63000000	64000000	0	0	1000000	0.0000000
4	64000000	65000000	0	0	1000000	0.0000000
4	65000000	66000000	0	0	1000000	0.0000000
4	66000000	67000000	0	0	1000000	0.0000000
4	67000000	68000000	0	0	1000000	0.0000000
4	68000000	69000000	0	0	1000000	0.0000000
4	69000000	70000000	0	0	1000000	0.0000000
4	70000000	71000000	0	0	1000000	0.0000000
4	71000000	72000000	0	0	1000000	0.0000000
4	72000000	73000000	0	0	1000000	0.0000000
4	73000000	74000000	0	0	1000000	0.0000000
4	74000000	75000000	0	0	1000000	0.0000000
4	75000000	76000000	0	0	1000000	0.0000000
4	76000000	77000000	0	0	1000000	0.0000000
4	77000000	78000000	0	0	1000000	0.0000000
4	78000000	79000000	0	0	1000000	0.0000000
4	79000000	80000000	0	0	1000000	0.0000000
4	80000000	81000000	0	0	1000000	0.0000000
4	81000000	82000000	0	0	1000000	0.0000000
4	82000000	83000000	0	0	1000000	0.0000000
4	83000000	84000000	0	0	1000000	0.0000000
4	84000000	85000000	0	0	1000000	0.0000000
4	85000000	86000000	0	0	1000000	0.0000000
4	86000000	87000000	0	0	1000000	0.0000000
4	87000000	88000000	0	0	1000000	0.0000000
4	88000000	89000000	0	0	1000000	0.0000000
4	89000000	90000000	0	0	1000000	0.0000000
4	90000000	91000000	0	0	1000000	0.0000000
4	91000000	92000000	0	0	1000000	0.0000000
4	92000000	93000000	0	0	1000000	0.0000000
4	93000000	94000000	0	0	1000000	0.0000000
4	94000000	95000000	0	0	1000000	0.0000000
4	95000000	96000000	0	0	1000000	0.0000000
4	96000000	97000000	0	0	1000000	0.0000000
4	97000000	98000000	0	0	1000000	0.0000000
4	98000000	99000000	0	0	1000000	0.0000000
4	99000000	100000000	0	0	1000000	0.0000000
4	100000000	101000000	0	0	1000000	0.0000000
4	101000000	102000000	0	0	1000000	0.0000000
4	102000000	103000000	0	0	1000000	0.0000000
4	103000000	104000000	0	0	1000000	0.0000000
4	104000000	105000000	0	0	1000000	0.0000000
4	105000000	106000000	0	0	1000000	0.0000000
4	106000000	107000000	0	0	1000000	0.0000000
4	107000000	108000000	0	0	1000000	0.0000000
4	108000000	109000000	0	0	1000000	0.0000000
4	109000000	110000000	0	0	1000000	0.0000000
4	110000000	111000000	0	0	1000000	0.0000000
4	111000000	112000000	0	0	1000000	0.0000000
4	112000000	113000000	0	0	1000000	0.0000000
4	113000000	114000000	0	0	1000000	0.0000000
4	114000000	115000000	0	0	1000000	0.0000000
4	115000000	116000000	0	0	1000000	0.0000000
4	116000000	117000000	0	0	1000000	0.0000000
4	117000000	118000000	0	0	1000000	0.0000000
4	118000000	119000000	0	0	1000000	0.0000000
4	119000000	120000000	0	0	1000000	0.0000000
4	120000000	121000000	0	0	1000000	0.0000000
4	121000000	122000000	0	0	1000000	0.0000000
4	122000000	123000000	0	0	1000000	0.0000000
4	123000000	124000000	0	0	1000000	0.0000000
4	124000000	125000000	0	0	1000000	0.0000000
4	125000000	126000000	0	0	1000000	0.0000000
4	126000000	127000000	0	0	1000000	0.0000000
4	127000000	128000000	0	0	1000000	0.0000000
4	128000000	129000000	0	0	1000000	0.0000000
4	129000000	130000000	0	0	1000000	0.0000000
4	130000000	131000000	0	0	1000000	0.0000000
4	131000000	132000000	0	0	1000000	0.0000000
4	132000000	133000000	0	0	1000000	0.0000000
4	133000000	134000000	0	0	1000000	0.0000000
4	134000000	135000000	0	0	1000000	0.0000000
4	135000000	136000000	0	0	1000000	0.0000000
4	136000000	137000000	0	0	1000000	0.0000000
4	137000000	138000000	0	0	1000000	0.0000000
4	138000000	139000000	0	0	1000000	0.0000000
4	139000000	140000000	0	0	1000000	0.0000000
4	140000000	141000000	0	0	1000000	0.0000000
4	141000000	142000000	0	0	1000000	0.0000000
4	142000000	143000000	0	0	1000000	0.0000000
4	143000000	144000000	0	0	1000000	0.0000000
4	144000000	145000000	0	0	1000000	0.0000000
4	145000000	146000000	0	0	1000000	0.0000000
4	146000000	147000000	0	0	1000000	0.0000000
4	147000000	148000000	0	0	1000000	0.0000000
4	148000000	149000000	0	0	1000000	0.0000000
4	149000000	150000000	0	0	1000000	0.0000000
4	150000000	151000000	0	0	1000000	0.0000000
4	151000000	152000000	0	0	1000000	0.0000000
4	152000000	153000000	0	0	1000000	0.0000000
4	153000000	154000000	0	0	1000000	0.0000000
4	154000000	155000000	0	0	1000000	0.0000000
4	155000000	156000000	0	0	1000000	0.0000000
4	156000000	157000000	0	0	1000000	0.0000000
4	157000000	158000000	0	0	1000000	0.0000000
4	158000000	159000000	0	0	1000000	0.0000000
4	159000000	160000000	0	0	1000000	0.0000000
4	160000000	161000000	0	0	1000000	0.0000000
4	161000000	162000000	0	0	1000000	0.0000000
4	162000000	163000000	0	0	1000000	0.0000000
4	163000000	164000000	0	0	1000000	0.0000000
4	164000000	165000000	0	0	1000000	0.0000000
4	165000000	166000000	0	0	1000000	0.0000000
4	166000000	167000000	0	0	1000000	0.0000000
4	167000000	168000000	0	0	1000000	0.0000000
4	168000000	169000000	0	0	1000000	0.0000000
4	169000000	170000000	0	0	1000000	0.0000000
4	170000000	171000000	0	0	1000000	0.0000000
4	171000000	172000000	0	0	1000000	0.0000000
4	172000000	173000000	0	0	1000000	0.0000000
4	173000000	174000000	0	0	1000000	0.0000000
4	174000000	175000000	0	0	1000000	0.0000000
4	175000000	176000000	0	0	1000000	0.0000000
4	176000000	177000000	0	0	1000000	0.0000000
4	177000000	178000000	0	0	1000000	0.0000000
4	178000000	179000000	0	0	1000000	0.0000000
4	179000000	180000000	0	0	1000000	0.0000000
4	180000000	181000000	0	0	1000000	0.0000000
4	181000000	182000000	0	0	1000000	0.0000000
4	182000000	183000000	0	0	1000000	0.0000000
4	183000000	184000000	0	0	1000000	0.0000000
4	184000000	185000000	0	0	1000000	0.0000000
4	185000000	186000000	0	0	1000000	0.0000000
4	186000000	187000000	0	0	1000000	0.0000000
4	187000000	188000000	1	847509	1000000	0.8475090
4	188000000	189000000	1	1000000	1000000	1.0000000
4	189000000	190000000	1	1000000	1000000	1.0000000
4	190000000	191000000	1	1000000	1000000	1.0000000
4	191000000	192000000	1	1000000	1000000	1.0000000
4	192000000	193000000	1	1000000	1000000	1.0000000
4	193000000	194000000	1	1000000	1000000	1.0000000
4	194000000	195000000	2	941566	1000000	0.9415660
4	195000000	196000000	1	1000000	1000000	1.0000000
4	196000000	197000000	1	1000000	1000000	1.0000000
4	197000000	198000000	1	117342	1000000	0.1173420
4	198000000	199000000	0	0	1000000	0.0000000
4	199000000	200000000	0	0	1000000	0.0000000
4	200000000	201000000	1	198682	1000000	0.1986820
4	201000000	202000000	0	0	1000000	0.0000000
4	202000000	203000000	0	0	1000000	0.0000000
4	203000000	204000000	0	0	1000000	0.0000000
4	204000000	205000000	1	57404	1000000	0.0574040
4	205000000	206000000	1	1000000	1000000	1.0000000
4	206000000	207000000	1	1000000	1000000	1.0000000
4	207000000	208000000	1	31432	1000000	0.0314320
4	208000000	209000000	1	207901	1000000	0.2079010
4	209000000	210000000	1	1000000	1000000	1.0000000
4	210000000	211000000	1	1000000	1000000	1.0000000
4	211000000	212000000	1	1000000	1000000	1.0000000
4	212000000	213000000	1	661202	1000000	0.6612020
4	213000000	214000000	1	734936	1000000	0.7349360
4	214000000	215000000	1	1000000	1000000	1.0000000
4	215000000	216000000	1	476369	1000000	0.4763690
4	216000000	217000000	1	840685	1000000	0.8406850
4	217000000	218000000	1	1000000	1000000	1.0000000
4	218000000	219000000	1	1000000	1000000	1.0000000
4	219000000	220000000	1	206136	1000000	0.2061360
4	220000000	221000000	0	0	1000000	0.0000000
4	221000000	222000000	0	0	1000000	0.0000000
4	222000000	223000000	0	0	1000000	0.0000000
4	223000000	224000000	0	0	1000000	0.0000000
4	224000000	225000000	0	0	1000000	0.0000000
4	225000000	226000000	0	0	1000000	0.0000000
4	226000000	227000000	0	0	1000000	0.0000000
4	227000000	228000000	0	0	1000000	0.0000000
4	228000000	229000000	0	0	1000000	0.0000000
4	229000000	230000000	0	0	1000000	0.0000000
4	230000000	231000000	0	0	1000000	0.0000000
4	231000000	232000000	0	0	1000000	0.0000000
4	232000000	233000000	0	0	1000000	0.0000000
4	233000000	234000000	0	0	1000000	0.0000000
4	234000000	235000000	0	0	1000000	0.0000000
4	235000000	236000000	0	0	1000000	0.0000000
4	236000000	237000000	0	0	1000000	0.0000000
4	237000000	238000000	0	0	1000000	0.0000000
4	238000000	239000000	0	0	1000000	0.0000000
4	239000000	240000000	0	0	1000000	0.0000000
4	240000000	241000000	0	0	1000000	0.0000000
4	241000000	242000000	0	0	1000000	0.0000000
4	242000000	243000000	0	0	1000000	0.0000000
4	243000000	244000000	0	0	1000000	0.0000000
4	244000000	245000000	0	0	1000000	0.0000000
4	245000000	246000000	0	0	1000000	0.0000000
4	246000000	246994605	0	0	994605	0.0000000
5	0	1000000	0	0	1000000	0.0000000
5	1000000	2000000	0	0	1000000	0.0000000
5	2000000	3000000	0	0	1000000	0.0000000
5	3000000	4000000	0	0	1000000	0.0000000
5	4000000	5000000	0	0	1000000	0.0000000
5	5000000	6000000	0	0	1000000	0.0000000
5	6000000	7000000	0	0	1000000	0.0000000
5	7000000	8000000	0	0	1000000	0.0000000
5	8000000	9000000	0	0	1000000	0.0000000
5	9000000	10000000	0	0	1000000	0.0000000
5	10000000	11000000	0	0	1000000	0.0000000
5	11000000	12000000	0	0	1000000	0.0000000
5	12000000	13000000	0	0	1000000	0.0000000
5	13000000	14000000	0	0	1000000	0.0000000
5	14000000	15000000	0	0	1000000	0.0000000
5	15000000	16000000	0	0	1000000	0.0000000
5	16000000	17000000	0	0	1000000	0.0000000
5	17000000	18000000	0	0	1000000	0.0000000
5	18000000	19000000	0	0	1000000	0.0000000
5	19000000	20000000	0	0	1000000	0.0000000
5	20000000	21000000	0	0	1000000	0.0000000
5	21000000	22000000	0	0	1000000	0.0000000
5	22000000	23000000	0	0	1000000	0.0000000
5	23000000	24000000	0	0	1000000	0.0000000
5	24000000	25000000	0	0	1000000	0.0000000
5	25000000	26000000	0	0	1000000	0.0000000
5	26000000	27000000	0	0	1000000	0.0000000
5	27000000	28000000	0	0	1000000	0.0000000
5	28000000	29000000	0	0	1000000	0.0000000
5	29000000	30000000	0	0	1000000	0.0000000
5	30000000	31000000	0	0	1000000	0.0000000
5	31000000	32000000	0	0	1000000	0.0000000
5	32000000	33000000	0	0	1000000	0.0000000
5	33000000	34000000	0	0	1000000	0.0000000
5	34000000	35000000	0	0	1000000	0.0000000
5	35000000	36000000	0	0	1000000	0.0000000
5	36000000	37000000	0	0	1000000	0.0000000
5	37000000	38000000	0	0	1000000	0.0000000
5	38000000	39000000	0	0	1000000	0.0000000
5	39000000	40000000	0	0	1000000	0.0000000
5	40000000	41000000	0	0	1000000	0.0000000
5	41000000	42000000	0	0	1000000	0.0000000
5	42000000	43000000	1	556626	1000000	0.5566260
5	43000000	44000000	1	1000000	1000000	1.0000000
5	44000000	45000000	1	431178	1000000	0.4311780
5	45000000	46000000	0	0	1000000	0.0000000
5	46000000	47000000	0	0	1000000	0.0000000
5	47000000	48000000	0	0	1000000	0.0000000
5	48000000	49000000	1	968394	1000000	0.9683940
5	49000000	50000000	1	1000000	1000000	1.0000000
5	50000000	51000000	1	1000000	1000000	1.0000000
5	51000000	52000000	1	644270	1000000	0.6442700
5	52000000	53000000	1	44591	1000000	0.0445910
5	53000000	54000000	1	1000000	1000000	1.0000000
5	54000000	55000000	2	663472	1000000	0.6634720
5	55000000	56000000	1	1000000	1000000	1.0000000
5	56000000	57000000	1	1000000	1000000	1.0000000
5	57000000	58000000	1	1000000	1000000	1.0000000
5	58000000	59000000	1	1000000	1000000	1.0000000
5	59000000	60000000	1	1000000	1000000	1.0000000
5	60000000	61000000	1	1000000	1000000	1.0000000
5	61000000	62000000	1	1000000	1000000	1.0000000
5	62000000	63000000	1	1000000	1000000	1.0000000
5	63000000	64000000	1	1000000	1000000	1.0000000
5	64000000	65000000	1	1000000	1000000	1.0000000
5	65000000	66000000	1	1000000	1000000	1.0000000
5	66000000	67000000	1	1000000	1000000	1.0000000
5	67000000	68000000	2	931105	1000000	0.9311050
5	68000000	69000000	1	1000000	1000000	1.0000000
5	69000000	70000000	1	1000000	1000000	1.0000000
5	70000000	71000000	1	1000000	1000000	1.0000000
5	71000000	72000000	1	1000000	1000000	1.0000000
5	72000000	73000000	1	1000000	1000000	1.0000000
5	73000000	74000000	1	1000000	1000000	1.0000000
5	74000000	75000000	1	1000000	1000000	1.0000000
5	75000000	76000000	1	1000000	1000000	1.0000000
5	76000000	77000000	1	1000000	1000000	1.0000000
5	77000000	78000000	1	1000000	1000000	1.0000000
5	78000000	79000000	1	1000000	1000000	1.0000000
5	79000000	80000000	1	1000000	1000000	1.0000000
5	80000000	81000000	1	1000000	1000000	1.0000000
5	81000000	82000000	1	1000000	1000000	1.0000000
5	82000000	83000000	1	1000000	1000000	1.0000000
5	83000000	84000000	1	1000000	1000000	1.0000000
5	84000000	85000000	1	1000000	1000000	1.0000000
5	85000000	86000000	1	1000000	1000000	1.0000000
5	86000000	87000000	1	1000000	1000000	1.0000000
5	87000000	88000000	1	1000000	1000000	1.0000000
5	88000000	89000000	1	1000000	1000000	1.0000000
5	89000000	90000000	1	1000000	1000000	1.0000000
5	90000000	91000000	1	1000000	1000000	1.0000000
5	91000000	92000000	1	1000000	1000000	1.0000000
5	92000000	93000000	1	1000000	1000000	1.0000000
5	93000000	94000000	1	1000000	1000000	1.0000000
5	94000000	95000000	1	1000000	1000000	1.0000000
5	95000000	96000000	1	1000000	1000000	1.0000000
5	96000000	97000000	1	1000000	1000000	1.0000000
5	97000000	98000000	1	1000000	1000000	1.0000000
5	98000000	99000000	1	1000000	1000000	1.0000000
5	99000000	100000000	1	1000000	1000000	1.0000000
5	100000000	101000000	1	1000000	1000000	1.0000000
5	101000000	102000000	1	1000000	1000000	1.0000000
5	102000000	103000000	1	1000000	1000000	1.0000000
5	103000000	104000000	1	1000000	1000000	1.0000000
5	104000000	105000000	1	220553	1000000	0.2205530
5	105000000	106000000	0	0	1000000	0.0000000
5	106000000	107000000	0	0	1000000	0.0000000
5	107000000	108000000	0	0	1000000	0.0000000
5	108000000	109000000	0	0	1000000	0.0000000
5	109000000	110000000	0	0	1000000	0.0000000
5	110000000	111000000	0	0	1000000	0.0000000
5	111000000	112000000	1	877151	1000000	0.8771510
5	112000000	113000000	1	1000000	1000000	1.0000000
5	113000000	114000000	1	1000000	1000000	1.0000000
5	114000000	115000000	1	1000000	1000000	1.0000000
5	115000000	116000000	1	1000000	1000000	1.0000000
5	116000000	117000000	1	1000000	1000000	1.0000000
5	117000000	118000000	1	1000000	1000000	1.0000000
5	118000000	119000000	1	1000000	1000000	1.0000000
5	119000000	120000000	1	1000000	1000000	1.0000000
5	120000000	121000000	1	1000000	1000000	1.0000000
5	121000000	122000000	1	1000000	1000000	1.0000000
5	122000000	123000000	1	1000000	1000000	1.0000000
5	123000000	124000000	1	1000000	1000000	1.0000000
5	124000000	125000000	1	1000000	1000000	1.0000000
5	125000000	126000000	1	1000000	1000000	1.0000000
5	126000000	127000000	1	1000000	1000000	1.0000000
5	127000000	128000000	1	1000000	1000000	1.0000000
5	128000000	129000000	1	735702	1000000	0.7357020
5	129000000	130000000	0	0	1000000	0.0000000
5	130000000	131000000	0	0	1000000	0.0000000
5	131000000	132000000	1	704808	1000000	0.7048080
5	132000000	133000000	1	639444	1000000	0.6394440
5	133000000	134000000	0	0	1000000	0.0000000
5	134000000	135000000	1	281869	1000000	0.2818690
5	135000000	136000000	1	933858	1000000	0.9338580
5	136000000	137000000	1	1000000	1000000	1.0000000
5	137000000	138000000	1	1000000	1000000	1.0000000
5	138000000	139000000	1	1000000	1000000	1.0000000
5	139000000	140000000	1	1000000	1000000	1.0000000
5	140000000	141000000	1	1000000	1000000	1.0000000
5	141000000	142000000	1	1000000	1000000	1.0000000
5	142000000	143000000	1	1000000	1000000	1.0000000
5	143000000	144000000	1	1000000	1000000	1.0000000
5	144000000	145000000	1	1000000	1000000	1.0000000
5	145000000	146000000	1	1000000	1000000	1.0000000
5	146000000	147000000	1	1000000	1000000	1.0000000
5	147000000	148000000	1	1000000	1000000	1.0000000
5	148000000	149000000	1	1000000	1000000	1.0000000
5	149000000	150000000	1	1000000	1000000	1.0000000
5	150000000	151000000	1	1000000	1000000	1.0000000
5	151000000	152000000	1	1000000	1000000	1.0000000
5	152000000	153000000	1	1000000	1000000	1.0000000
5	153000000	154000000	1	1000000	1000000	1.0000000
5	154000000	155000000	1	1000000	1000000	1.0000000
5	155000000	156000000	1	1000000	1000000	1.0000000
5	156000000	157000000	1	1000000	1000000	1.0000000
5	157000000	158000000	1	1000000	1000000	1.0000000
5	158000000	159000000	1	1000000	1000000	1.0000000
5	159000000	160000000	1	1000000	1000000	1.0000000
5	160000000	161000000	1	1000000	1000000	1.0000000
5	161000000	162000000	1	1000000	1000000	1.0000000
5	162000000	163000000	2	781384	1000000	0.7813840
5	163000000	164000000	1	1000000	1000000	1.0000000
5	164000000	165000000	1	1000000	1000000	1.0000000
5	165000000	166000000	1	1000000	1000000	1.0000000
5	166000000	167000000	1	1000000	1000000	1.0000000
5	167000000	168000000	1	1000000	1000000	1.0000000
5	168000000	169000000	1	1000000	1000000	1.0000000
5	169000000	170000000	1	1000000	1000000	1.0000000
5	170000000	171000000	1	1000000	1000000	1.0000000
5	171000000	172000000	1	1000000	1000000	1.0000000
5	172000000	173000000	1	1000000	1000000	1.0000000
5	173000000	174000000	1	631454	1000000	0.6314540
5	174000000	175000000	2	253900	1000000	0.2539000
5	175000000	176000000	1	978664	1000000	0.9786640
5	176000000	177000000	1	1000000	1000000	1.0000000
5	177000000	178000000	1	1000000	1000000	1.0000000
5	178000000	179000000	1	1000000	1000000	1.0000000
5	179000000	180000000	1	1000000	1000000	1.0000000
5	180000000	181000000	1	1000000	1000000	1.0000000
5	181000000	182000000	1	1000000	1000000	1.0000000
5	182000000	183000000	1	1000000	1000000	1.0000000
5	183000000	184000000	1	1000000	1000000	1.0000000
5	184000000	185000000	1	1000000	1000000	1.0000000
5	185000000	186000000	1	1000000	1000000	1.0000000
5	186000000	187000000	1	1000000	1000000	1.0000000
5	187000000	188000000	1	1000000	1000000	1.0000000
5	188000000	189000000	1	1000000	1000000	1.0000000
5	189000000	190000000	1	1000000	1000000	1.0000000
5	190000000	191000000	1	1000000	1000000	1.0000000
5	191000000	192000000	1	1000000	1000000	1.0000000
5	192000000	193000000	1	1000000	1000000	1.0000000
5	193000000	194000000	2	997538	1000000	0.9975380
5	194000000	195000000	1	1000000	1000000	1.0000000
5	195000000	196000000	1	1000000	1000000	1.0000000
5	196000000	197000000	1	1000000	1000000	1.0000000
5	197000000	198000000	1	1000000	1000000	1.0000000
5	198000000	199000000	1	1000000	1000000	1.0000000
5	199000000	200000000	1	1000000	1000000	1.0000000
5	200000000	201000000	1	1000000	1000000	1.0000000
5	201000000	202000000	1	1000000	1000000	1.0000000
5	202000000	203000000	1	1000000	1000000	1.0000000
5	203000000	204000000	1	1000000	1000000	1.0000000
5	204000000	205000000	1	1000000	1000000	1.0000000
5	205000000	206000000	1	1000000	1000000	1.0000000
5	206000000	207000000	1	1000000	1000000	1.0000000
5	207000000	208000000	1	1000000	1000000	1.0000000
5	208000000	209000000	1	1000000	1000000	1.0000000
5	209000000	210000000	1	1000000	1000000	1.0000000
5	210000000	211000000	1	1000000	1000000	1.0000000
5	211000000	212000000	1	1000000	1000000	1.0000000
5	212000000	213000000	1	1000000	1000000	1.0000000
5	213000000	214000000	1	1000000	1000000	1.0000000
5	214000000	215000000	2	975556	1000000	0.9755560
5	215000000	216000000	1	1000000	1000000	1.0000000
5	216000000	217000000	1	1000000	1000000	1.0000000
5	217000000	218000000	1	1000000	1000000	1.0000000
5	218000000	219000000	1	1000000	1000000	1.0000000
5	219000000	220000000	1	1000000	1000000	1.0000000
5	220000000	221000000	1	1000000	1000000	1.0000000
5	221000000	222000000	1	1000000	1000000	1.0000000
5	222000000	223000000	1	1000000	1000000	1.0000000
5	223000000	223902240	1	651078	902240	0.7216240
6	0	1000000	1	633143	1000000	0.6331430
6	1000000	2000000	2	151745	1000000	0.1517450
6	2000000	3000000	1	1000000	1000000	1.0000000
6	3000000	4000000	1	1000000	1000000	1.0000000
6	4000000	5000000	1	1000000	1000000	1.0000000
6	5000000	6000000	1	1000000	1000000	1.0000000
6	6000000	7000000	1	1000000	1000000	1.0000000
6	7000000	8000000	1	1000000	1000000	1.0000000
6	8000000	9000000	1	1000000	1000000	1.0000000
6	9000000	10000000	1	910868	1000000	0.9108680
6	10000000	11000000	0	0	1000000	0.0000000
6	11000000	12000000	0	0	1000000	0.0000000
6	12000000	13000000	0	0	1000000	0.0000000
6	13000000	14000000	0	0	1000000	0.0000000
6	14000000	15000000	0	0	1000000	0.0000000
6	15000000	16000000	0	0	1000000	0.0000000
6	16000000	17000000	0	0	1000000	0.0000000
6	17000000	18000000	0	0	1000000	0.0000000
6	18000000	19000000	0	0	1000000	0.0000000
6	19000000	20000000	0	0	1000000	0.0000000
6	20000000	21000000	0	0	1000000	0.0000000
6	21000000	22000000	0	0	1000000	0.0000000
6	22000000	23000000	0	0	1000000	0.0000000
6	23000000	24000000	0	0	1000000	0.0000000
6	24000000	25000000	0	0	1000000	0.0000000
6	25000000	26000000	1	438231	1000000	0.4382310
6	26000000	27000000	1	1000000	1000000	1.0000000
6	27000000	28000000	1	1000000	1000000	1.0000000
6	28000000	29000000	1	1000000	1000000	1.0000000
6	29000000	30000000	1	1000000	1000000	1.0000000
6	30000000	31000000	1	1000000	1000000	1.0000000
6	31000000	32000000	1	1000000	1000000	1.0000000
6	32000000	33000000	1	1000000	1000000	1.0000000
6	33000000	34000000	1	1000000	1000000	1.0000000
6	34000000	35000000	1	1000000	1000000	1.0000000
6	35000000	36000000	1	1000000	1000000	1.0000000
6	36000000	37000000	1	1000000	1000000	1.0000000
6	37000000	38000000	1	1000000	1000000	1.0000000
6	38000000	39000000	1	1000000	1000000	1.0000000
6	39000000	40000000	1	1000000	1000000	1.0000000
6	40000000	41000000	1	1000000	1000000	1.0000000
6	41000000	42000000	1	1000000	1000000	1.0000000
6	42000000	43000000	1	1000000	1000000	1.0000000
6	43000000	44000000	1	1000000	1000000	1.0000000
6	44000000	45000000	1	1000000	1000000	1.0000000
6	45000000	46000000	1	1000000	1000000	1.0000000
6	46000000	47000000	1	1000000	1000000	1.0000000
6	47000000	48000000	1	1000000	1000000	1.0000000
6	48000000	49000000	2	563909	1000000	0.5639090
6	49000000	50000000	1	1000000	1000000	1.0000000
6	50000000	51000000	1	1000000	1000000	1.0000000
6	51000000	52000000	1	706431	1000000	0.7064310
6	52000000	53000000	0	0	1000000	0.0000000
6	53000000	54000000	0	0	1000000	0.0000000
6	54000000	55000000	0	0	1000000	0.0000000
6	55000000	56000000	0	0	1000000	0.0000000
6	56000000	57000000	0	0	1000000	0.0000000
6	57000000	58000000	0	0	1000000	0.0000000
6	58000000	59000000	0	0	1000000	0.0000000
6	59000000	60000000	0	0	1000000	0.0000000
6	60000000	61000000	0	0	1000000	0.0000000
6	61000000	62000000	0	0	1000000	0.0000000
6	62000000	63000000	0	0	1000000	0.0000000
6	63000000	64000000	0	0	1000000	0.0000000
6	64000000	65000000	0	0	1000000	0.0000000
6	65000000	66000000	0	0	1000000	0.0000000
6	66000000	67000000	0	0	1000000	0.0000000
6	67000000	68000000	0	0	1000000	0.0000000
6	68000000	69000000	0	0	1000000	0.0000000
6	69000000	70000000	0	0	1000000	0.0000000
6	70000000	71000000	0	0	1000000	0.0000000
6	71000000	72000000	0	0	1000000	0.0000000
6	72000000	73000000	0	0	1000000	0.0000000
6	73000000	74000000	0	0	1000000	0.0000000
6	74000000	75000000	0	0	1000000	0.0000000
6	75000000	76000000	0	0	1000000	0.0000000
6	76000000	77000000	0	0	1000000	0.0000000
6	77000000	78000000	0	0	1000000	0.0000000
6	78000000	79000000	0	0	1000000	0.0000000
6	79000000	80000000	0	0	1000000	0.0000000
6	80000000	81000000	0	0	1000000	0.0000000
6	81000000	82000000	0	0	1000000	0.0000000
6	82000000	83000000	0	0	1000000	0.0000000
6	83000000	84000000	0	0	1000000	0.0000000
6	84000000	85000000	0	0	1000000	0.0000000
6	85000000	86000000	0	0	1000000	0.0000000
6	86000000	87000000	0	0	1000000	0.0000000
6	87000000	88000000	0	0	1000000	0.0000000
6	88000000	89000000	0	0	1000000	0.0000000
6	89000000	90000000	0	0	1000000	0.0000000
6	90000000	91000000	0	0	1000000	0.0000000
6	91000000	92000000	0	0	1000000	0.0000000
6	92000000	93000000	0	0	1000000	0.0000000
6	93000000	94000000	0	0	1000000	0.0000000
6	94000000	95000000	0	0	1000000	0.0000000
6	95000000	96000000	0	0	1000000	0.0000000
6	96000000	97000000	0	0	1000000	0.0000000
6	97000000	98000000	0	0	1000000	0.0000000
6	98000000	99000000	0	0	1000000	0.0000000
6	99000000	100000000	0	0	1000000	0.0000000
6	100000000	101000000	0	0	1000000	0.0000000
6	101000000	102000000	0	0	1000000	0.0000000
6	102000000	103000000	0	0	1000000	0.0000000
6	103000000	104000000	0	0	1000000	0.0000000
6	104000000	105000000	0	0	1000000	0.0000000
6	105000000	106000000	0	0	1000000	0.0000000
6	106000000	107000000	0	0	1000000	0.0000000
6	107000000	108000000	0	0	1000000	0.0000000
6	108000000	109000000	0	0	1000000	0.0000000
6	109000000	110000000	0	0	1000000	0.0000000
6	110000000	111000000	0	0	1000000	0.0000000
6	111000000	112000000	0	0	1000000	0.0000000
6	112000000	113000000	0	0	1000000	0.0000000
6	113000000	114000000	0	0	1000000	0.0000000
6	114000000	115000000	0	0	1000000	0.0000000
6	115000000	116000000	0	0	1000000	0.0000000
6	116000000	117000000	0	0	1000000	0.0000000
6	117000000	118000000	0	0	1000000	0.0000000
6	118000000	119000000	0	0	1000000	0.0000000
6	119000000	120000000	0	0	1000000	0.0000000
6	120000000	121000000	0	0	1000000	0.0000000
6	121000000	122000000	0	0	1000000	0.0000000
6	122000000	123000000	0	0	1000000	0.0000000
6	123000000	124000000	0	0	1000000	0.0000000
6	124000000	125000000	0	0	1000000	0.0000000
6	125000000	126000000	0	0	1000000	0.0000000
6	126000000	127000000	0	0	1000000	0.0000000
6	127000000	128000000	1	517109	1000000	0.5171090
6	128000000	129000000	1	1000000	1000000	1.0000000
6	129000000	130000000	1	1000000	1000000	1.0000000
6	130000000	131000000	1	781728	1000000	0.7817280
6	131000000	132000000	1	341540	1000000	0.3415400
6	132000000	133000000	1	945448	1000000	0.9454480
6	133000000	134000000	2	833809	1000000	0.8338090
6	134000000	135000000	2	865804	1000000	0.8658040
6	135000000	136000000	2	833590	1000000	0.8335900
6	136000000	137000000	2	948411	1000000	0.9484110
6	137000000	138000000	1	1000000	1000000	1.0000000
6	138000000	139000000	2	227113	1000000	0.2271130
6	139000000	140000000	1	250622	1000000	0.2506220
6	140000000	141000000	1	921315	1000000	0.9213150
6	141000000	142000000	1	1000000	1000000	1.0000000
6	142000000	143000000	1	1000000	1000000	1.0000000
6	143000000	144000000	1	1000000	1000000	1.0000000
6	144000000	145000000	1	1000000	1000000	1.0000000
6	145000000	146000000	1	1000000	1000000	1.0000000
6	146000000	147000000	2	937261	1000000	0.9372610
6	147000000	148000000	1	1000000	1000000	1.0000000
6	148000000	149000000	1	1000000	1000000	1.0000000
6	149000000	150000000	1	1000000	1000000	1.0000000
6	150000000	151000000	1	1000000	1000000	1.0000000
6	151000000	152000000	1	1000000	1000000	1.0000000
6	152000000	153000000	2	964200	1000000	0.9642000
6	153000000	154000000	2	891253	1000000	0.8912530
6	154000000	155000000	3	953535	1000000	0.9535350
6	155000000	156000000	1	1000000	1000000	1.0000000
6	156000000	157000000	1	1000000	1000000	1.0000000
6	157000000	158000000	1	1000000	1000000	1.0000000
6	158000000	159000000	1	1000000	1000000	1.0000000
6	159000000	160000000	1	1000000	1000000	1.0000000
6	160000000	161000000	1	1000000	1000000	1.0000000
6	161000000	162000000	1	1000000	1000000	1.0000000
6	162000000	163000000	1	1000000	1000000	1.0000000
6	163000000	164000000	2	997973	1000000	0.9979730
6	164000000	165000000	1	1000000	1000000	1.0000000
6	165000000	166000000	2	999012	1000000	0.9990120
6	166000000	167000000	1	1000000	1000000	1.0000000
6	167000000	168000000	1	1000000	1000000	1.0000000
6	168000000	169000000	1	1000000	1000000	1.0000000
6	169000000	170000000	1	1000000	1000000	1.0000000
6	170000000	171000000	1	1000000	1000000	1.0000000
6	171000000	172000000	2	935921	1000000	0.9359210
6	172000000	173000000	2	510901	1000000	0.5109010
6	173000000	174000000	0	0	1000000	0.0000000
6	174000000	174033170	0	0	33170	0.0000000
7	0	1000000	1	819720	1000000	0.8197200
7	1000000	2000000	1	1000000	1000000	1.0000000
7	2000000	3000000	1	1000000	1000000	1.0000000
7	3000000	4000000	1	1000000	1000000	1.0000000
7	4000000	5000000	1	1000000	1000000	1.0000000
7	5000000	6000000	1	1000000	1000000	1.0000000
7	6000000	7000000	1	1000000	1000000	1.0000000
7	7000000	8000000	1	1000000	1000000	1.0000000
7	8000000	9000000	1	1000000	1000000	1.0000000
7	9000000	10000000	1	1000000	1000000	1.0000000
7	10000000	11000000	1	1000000	1000000	1.0000000
7	11000000	12000000	1	1000000	1000000	1.0000000
7	12000000	13000000	1	1000000	1000000	1.0000000
7	13000000	14000000	1	1000000	1000000	1.0000000
7	14000000	15000000	1	1000000	1000000	1.0000000
7	15000000	16000000	1	1000000	1000000	1.0000000
7	16000000	17000000	1	1000000	1000000	1.0000000
7	17000000	18000000	1	1000000	1000000	1.0000000
7	18000000	19000000	1	1000000	1000000	1.0000000
7	19000000	20000000	1	1000000	1000000	1.0000000
7	20000000	21000000	1	1000000	1000000	1.0000000
7	21000000	22000000	1	1000000	1000000	1.0000000
7	22000000	23000000	1	1000000	1000000	1.0000000
7	23000000	24000000	1	1000000	1000000	1.0000000
7	24000000	25000000	1	1000000	1000000	1.0000000
7	25000000	26000000	1	1000000	1000000	1.0000000
7	26000000	27000000	1	1000000	1000000	1.0000000
7	27000000	28000000	1	1000000	1000000	1.0000000
7	28000000	29000000	1	1000000	1000000	1.0000000
7	29000000	30000000	1	1000000	1000000	1.0000000
7	30000000	31000000	1	1000000	1000000	1.0000000
7	31000000	32000000	1	1000000	1000000	1.0000000
7	32000000	33000000	1	1000000	1000000	1.0000000
7	33000000	34000000	1	1000000	1000000	1.0000000
7	34000000	35000000	1	1000000	1000000	1.0000000
7	35000000	36000000	1	1000000	1000000	1.0000000
7	36000000	37000000	1	1000000	1000000	1.0000000
7	37000000	38000000	1	1000000	1000000	1.0000000
7	38000000	39000000	1	1000000	1000000	1.0000000
7	39000000	40000000	1	1000000	1000000	1.0000000
7	40000000	41000000	1	1000000	1000000	1.0000000
7	41000000	42000000	1	1000000	1000000	1.0000000
7	42000000	43000000	1	1000000	1000000	1.0000000
7	43000000	44000000	1	1000000	1000000	1.0000000
7	44000000	45000000	1	1000000	1000000	1.0000000
7	45000000	46000000	1	1000000	1000000	1.0000000
7	46000000	47000000	1	1000000	1000000	1.0000000
7	47000000	48000000	1	1000000	1000000	1.0000000
7	48000000	49000000	1	348393	1000000	0.3483930
7	49000000	50000000	0	0	1000000	0.0000000
7	50000000	51000000	0	0	1000000	0.0000000
7	51000000	52000000	1	272903	1000000	0.2729030
7	52000000	53000000	1	1000000	1000000	1.0000000
7	53000000	54000000	1	1000000	1000000	1.0000000
7	54000000	55000000	1	1000000	1000000	1.0000000
7	55000000	56000000	1	1000000	1000000	1.0000000
7	56000000	57000000	1	867212	1000000	0.8672120
7	57000000	58000000	0	0	1000000	0.0000000
7	58000000	59000000	0	0	1000000	0.0000000
7	59000000	60000000	0	0	1000000	0.0000000
7	60000000	61000000	0	0	1000000	0.0000000
7	61000000	62000000	0	0	1000000	0.0000000
7	62000000	63000000	0	0	1000000	0.0000000
7	63000000	64000000	0	0	1000000	0.0000000
7	64000000	65000000	0	0	1000000	0.0000000
7	65000000	66000000	0	0	1000000	0.0000000
7	66000000	67000000	0	0	1000000	0.0000000
7	67000000	68000000	0	0	1000000	0.0000000
7	68000000	69000000	0	0	1000000	0.0000000
7	69000000	70000000	0	0	1000000	0.0000000
7	70000000	71000000	0	0	1000000	0.0000000
7	71000000	72000000	0	0	1000000	0.0000000
7	72000000	73000000	0	0	1000000	0.0000000
7	73000000	74000000	1	320465	1000000	0.3204650
7	74000000	75000000	1	1000000	1000000	1.0000000
7	75000000	76000000	1	1000000	1000000	1.0000000
7	76000000	77000000	1	706572	1000000	0.7065720
7	77000000	78000000	0	0	1000000	0.0000000
7	78000000	79000000	0	0	1000000	0.0000000
7	79000000	80000000	0	0	1000000	0.0000000
7	80000000	81000000	1	767815	1000000	0.7678150
7	81000000	82000000	1	1000000	1000000	1.0000000
7	82000000	83000000	1	1000000	1000000	1.0000000
7	83000000	84000000	1	1000000	1000000	1.0000000
7	84000000	85000000	2	377361	1000000	0.3773610
7	85000000	86000000	1	1000000	1000000	1.0000000
7	86000000	87000000	1	1000000	1000000	1.0000000
7	87000000	88000000	1	1000000	1000000	1.0000000
7	88000000	89000000	1	1000000	1000000	1.0000000
7	89000000	90000000	1	1000000	1000000	1.0000000
7	90000000	91000000	1	1000000	1000000	1.0000000
7	91000000	92000000	1	1000000	1000000	1.0000000
7	92000000	93000000	1	1000000	1000000	1.0000000
7	93000000	94000000	1	1000000	1000000	1.0000000
7	94000000	95000000	1	1000000	1000000	1.0000000
7	95000000	96000000	1	1000000	1000000	1.0000000
7	96000000	97000000	1	1000000	1000000	1.0000000
7	97000000	98000000	1	1000000	1000000	1.0000000
7	98000000	99000000	1	1000000	1000000	1.0000000
7	99000000	100000000	1	1000000	1000000	1.0000000
7	100000000	101000000	1	1000000	1000000	1.0000000
7	101000000	102000000	1	1000000	1000000	1.0000000
7	102000000	103000000	1	1000000	1000000	1.0000000
7	103000000	104000000	1	1000000	1000000	1.0000000
7	104000000	105000000	1	1000000	1000000	1.0000000
7	105000000	106000000	1	1000000	1000000	1.0000000
7	106000000	107000000	1	1000000	1000000	1.0000000
7	107000000	108000000	1	1000000	1000000	1.0000000
7	108000000	109000000	1	1000000	1000000	1.0000000
7	109000000	110000000	1	1000000	1000000	1.0000000
7	110000000	111000000	1	1000000	1000000	1.0000000
7	111000000	112000000	1	1000000	1000000	1.0000000
7	112000000	113000000	1	1000000	1000000	1.0000000
7	113000000	114000000	1	1000000	1000000	1.0000000
7	114000000	115000000	1	1000000	1000000	1.0000000
7	115000000	116000000	1	1000000	1000000	1.0000000
7	116000000	117000000	1	1000000	1000000	1.0000000
7	117000000	118000000	1	1000000	1000000	1.0000000
7	118000000	119000000	1	1000000	1000000	1.0000000
7	119000000	120000000	1	1000000	1000000	1.0000000
7	120000000	121000000	1	1000000	1000000	1.0000000
7	121000000	122000000	1	1000000	1000000	1.0000000
7	122000000	123000000	1	1000000	1000000	1.0000000
7	123000000	124000000	1	1000000	1000000	1.0000000
7	124000000	125000000	1	1000000	1000000	1.0000000
7	125000000	126000000	1	1000000	1000000	1.0000000
7	126000000	127000000	1	1000000	1000000	1.0000000
7	127000000	128000000	1	1000000	1000000	1.0000000
7	128000000	129000000	1	1000000	1000000	1.0000000
7	129000000	130000000	1	1000000	1000000	1.0000000
7	130000000	131000000	1	1000000	1000000	1.0000000
7	131000000	132000000	1	1000000	1000000	1.0000000
7	132000000	133000000	1	1000000	1000000	1.0000000
7	133000000	134000000	1	1000000	1000000	1.0000000
7	134000000	135000000	1	1000000	1000000	1.0000000
7	135000000	136000000	1	1000000	1000000	1.0000000
7	136000000	137000000	1	1000000	1000000	1.0000000
7	137000000	138000000	1	1000000	1000000	1.0000000
7	138000000	139000000	1	1000000	1000000	1.0000000
7	139000000	140000000	1	1000000	1000000	1.0000000
7	140000000	141000000	1	1000000	1000000	1.0000000
7	141000000	142000000	1	1000000	1000000	1.0000000
7	142000000	143000000	1	1000000	1000000	1.0000000
7	143000000	144000000	1	1000000	1000000	1.0000000
7	144000000	145000000	2	759658	1000000	0.7596580
7	145000000	146000000	2	984645	1000000	0.9846450
7	146000000	147000000	2	928663	1000000	0.9286630
7	147000000	148000000	2	923966	1000000	0.9239660
7	148000000	149000000	1	769945	1000000	0.7699450
7	149000000	150000000	1	939834	1000000	0.9398340
7	150000000	151000000	1	1000000	1000000	1.0000000
7	151000000	152000000	1	1000000	1000000	1.0000000
7	152000000	153000000	1	1000000	1000000	1.0000000
7	153000000	154000000	2	689129	1000000	0.6891290
7	154000000	155000000	1	1000000	1000000	1.0000000
7	155000000	156000000	1	1000000	1000000	1.0000000
7	156000000	157000000	1	1000000	1000000	1.0000000
7	157000000	158000000	1	1000000	1000000	1.0000000
7	158000000	159000000	1	1000000	1000000	1.0000000
7	159000000	160000000	1	1000000	1000000	1.0000000
7	160000000	161000000	1	1000000	1000000	1.0000000
7	161000000	162000000	1	1000000	1000000	1.0000000
7	162000000	163000000	1	1000000	1000000	1.0000000
7	163000000	164000000	1	1000000	1000000	1.0000000
7	164000000	165000000	1	1000000	1000000	1.0000000
7	165000000	166000000	1	1000000	1000000	1.0000000
7	166000000	167000000	1	1000000	1000000	1.0000000
7	167000000	168000000	1	1000000	1000000	1.0000000
7	168000000	169000000	1	1000000	1000000	1.0000000
7	169000000	170000000	1	1000000	1000000	1.0000000
7	170000000	171000000	1	1000000	1000000	1.0000000
7	171000000	172000000	1	1000000	1000000	1.0000000
7	172000000	173000000	1	1000000	1000000	1.0000000
7	173000000	174000000	1	1000000	1000000	1.0000000
7	174000000	175000000	1	1000000	1000000	1.0000000
7	175000000	176000000	1	1000000	1000000	1.0000000
7	176000000	177000000	1	1000000	1000000	1.0000000
7	177000000	178000000	2	907351	1000000	0.9073510
7	178000000	179000000	1	1000000	1000000	1.0000000
7	179000000	180000000	2	898085	1000000	0.8980850
7	180000000	181000000	2	885001	1000000	0.8850010
7	181000000	182000000	1	1000000	1000000	1.0000000
7	182000000	182381542	1	156333	381542	0.4097399
8	0	1000000	0	0	1000000	0.0000000
8	1000000	2000000	0	0	1000000	0.0000000
8	2000000	3000000	0	0	1000000	0.0000000
8	3000000	4000000	0	0	1000000	0.0000000
8	4000000	5000000	0	0	1000000	0.0000000
8	5000000	6000000	0	0	1000000	0.0000000
8	6000000	7000000	0	0	1000000	0.0000000
8	7000000	8000000	0	0	1000000	0.0000000
8	8000000	9000000	0	0	1000000	0.0000000
8	9000000	10000000	0	0	1000000	0.0000000
8	10000000	11000000	0	0	1000000	0.0000000
8	11000000	12000000	0	0	1000000	0.0000000
8	12000000	13000000	0	0	1000000	0.0000000
8	13000000	14000000	0	0	1000000	0.0000000
8	14000000	15000000	0	0	1000000	0.0000000
8	15000000	16000000	0	0	1000000	0.0000000
8	16000000	17000000	0	0	1000000	0.0000000
8	17000000	18000000	0	0	1000000	0.0000000
8	18000000	19000000	0	0	1000000	0.0000000
8	19000000	20000000	0	0	1000000	0.0000000
8	20000000	21000000	0	0	1000000	0.0000000
8	21000000	22000000	0	0	1000000	0.0000000
8	22000000	23000000	0	0	1000000	0.0000000
8	23000000	24000000	0	0	1000000	0.0000000
8	24000000	25000000	0	0	1000000	0.0000000
8	25000000	26000000	0	0	1000000	0.0000000
8	26000000	27000000	0	0	1000000	0.0000000
8	27000000	28000000	0	0	1000000	0.0000000
8	28000000	29000000	0	0	1000000	0.0000000
8	29000000	30000000	0	0	1000000	0.0000000
8	30000000	31000000	0	0	1000000	0.0000000
8	31000000	32000000	0	0	1000000	0.0000000
8	32000000	33000000	0	0	1000000	0.0000000
8	33000000	34000000	0	0	1000000	0.0000000
8	34000000	35000000	0	0	1000000	0.0000000
8	35000000	36000000	0	0	1000000	0.0000000
8	36000000	37000000	0	0	1000000	0.0000000
8	37000000	38000000	0	0	1000000	0.0000000
8	38000000	39000000	0	0	1000000	0.0000000
8	39000000	40000000	0	0	1000000	0.0000000
8	40000000	41000000	0	0	1000000	0.0000000
8	41000000	42000000	0	0	1000000	0.0000000
8	42000000	43000000	0	0	1000000	0.0000000
8	43000000	44000000	0	0	1000000	0.0000000
8	44000000	45000000	0	0	1000000	0.0000000
8	45000000	46000000	0	0	1000000	0.0000000
8	46000000	47000000	0	0	1000000	0.0000000
8	47000000	48000000	0	0	1000000	0.0000000
8	48000000	49000000	0	0	1000000	0.0000000
8	49000000	50000000	0	0	1000000	0.0000000
8	50000000	51000000	0	0	1000000	0.0000000
8	51000000	52000000	0	0	1000000	0.0000000
8	52000000	53000000	0	0	1000000	0.0000000
8	53000000	54000000	0	0	1000000	0.0000000
8	54000000	55000000	0	0	1000000	0.0000000
8	55000000	56000000	0	0	1000000	0.0000000
8	56000000	57000000	0	0	1000000	0.0000000
8	57000000	58000000	0	0	1000000	0.0000000
8	58000000	59000000	0	0	1000000	0.0000000
8	59000000	60000000	0	0	1000000	0.0000000
8	60000000	61000000	0	0	1000000	0.0000000
8	61000000	62000000	0	0	1000000	0.0000000
8	62000000	63000000	0	0	1000000	0.0000000
8	63000000	64000000	0	0	1000000	0.0000000
8	64000000	65000000	0	0	1000000	0.0000000
8	65000000	66000000	0	0	1000000	0.0000000
8	66000000	67000000	0	0	1000000	0.0000000
8	67000000	68000000	0	0	1000000	0.0000000
8	68000000	69000000	0	0	1000000	0.0000000
8	69000000	70000000	0	0	1000000	0.0000000
8	70000000	71000000	0	0	1000000	0.0000000
8	71000000	72000000	0	0	1000000	0.0000000
8	72000000	73000000	0	0	1000000	0.0000000
8	73000000	74000000	0	0	1000000	0.0000000
8	74000000	75000000	0	0	1000000	0.0000000
8	75000000	76000000	0	0	1000000	0.0000000
8	76000000	77000000	0	0	1000000	0.0000000
8	77000000	78000000	0	0	1000000	0.0000000
8	78000000	79000000	0	0	1000000	0.0000000
8	79000000	80000000	0	0	1000000	0.0000000
8	80000000	81000000	0	0	1000000	0.0000000
8	81000000	82000000	0	0	1000000	0.0000000
8	82000000	83000000	0	0	1000000	0.0000000
8	83000000	84000000	0	0	1000000	0.0000000
8	84000000	85000000	0	0	1000000	0.0000000
8	85000000	86000000	0	0	1000000	0.0000000
8	86000000	87000000	0	0	1000000	0.0000000
8	87000000	88000000	0	0	1000000	0.0000000
8	88000000	89000000	0	0	1000000	0.0000000
8	89000000	90000000	0	0	1000000	0.0000000
8	90000000	91000000	0	0	1000000	0.0000000
8	91000000	92000000	0	0	1000000	0.0000000
8	92000000	93000000	0	0	1000000	0.0000000
8	93000000	94000000	0	0	1000000	0.0000000
8	94000000	95000000	0	0	1000000	0.0000000
8	95000000	96000000	0	0	1000000	0.0000000
8	96000000	97000000	0	0	1000000	0.0000000
8	97000000	98000000	0	0	1000000	0.0000000
8	98000000	99000000	0	0	1000000	0.0000000
8	99000000	100000000	0	0	1000000	0.0000000
8	100000000	101000000	0	0	1000000	0.0000000
8	101000000	102000000	0	0	1000000	0.0000000
8	102000000	103000000	0	0	1000000	0.0000000
8	103000000	104000000	0	0	1000000	0.0000000
8	104000000	105000000	0	0	1000000	0.0000000
8	105000000	106000000	0	0	1000000	0.0000000
8	106000000	107000000	0	0	1000000	0.0000000
8	107000000	108000000	0	0	1000000	0.0000000
8	108000000	109000000	0	0	1000000	0.0000000
8	109000000	110000000	0	0	1000000	0.0000000
8	110000000	111000000	0	0	1000000	0.0000000
8	111000000	112000000	0	0	1000000	0.0000000
8	112000000	113000000	0	0	1000000	0.0000000
8	113000000	114000000	0	0	1000000	0.0000000
8	114000000	115000000	0	0	1000000	0.0000000
8	115000000	116000000	0	0	1000000	0.0000000
8	116000000	117000000	0	0	1000000	0.0000000
8	117000000	118000000	0	0	1000000	0.0000000
8	118000000	119000000	0	0	1000000	0.0000000
8	119000000	120000000	0	0	1000000	0.0000000
8	120000000	121000000	0	0	1000000	0.0000000
8	121000000	122000000	0	0	1000000	0.0000000
8	122000000	123000000	0	0	1000000	0.0000000
8	123000000	124000000	0	0	1000000	0.0000000
8	124000000	125000000	0	0	1000000	0.0000000
8	125000000	126000000	0	0	1000000	0.0000000
8	126000000	127000000	0	0	1000000	0.0000000
8	127000000	128000000	0	0	1000000	0.0000000
8	128000000	129000000	0	0	1000000	0.0000000
8	129000000	130000000	0	0	1000000	0.0000000
8	130000000	131000000	0	0	1000000	0.0000000
8	131000000	132000000	0	0	1000000	0.0000000
8	132000000	133000000	0	0	1000000	0.0000000
8	133000000	134000000	0	0	1000000	0.0000000
8	134000000	135000000	0	0	1000000	0.0000000
8	135000000	136000000	0	0	1000000	0.0000000
8	136000000	137000000	0	0	1000000	0.0000000
8	137000000	138000000	0	0	1000000	0.0000000
8	138000000	139000000	0	0	1000000	0.0000000
8	139000000	140000000	0	0	1000000	0.0000000
8	140000000	141000000	0	0	1000000	0.0000000
8	141000000	142000000	0	0	1000000	0.0000000
8	142000000	143000000	0	0	1000000	0.0000000
8	143000000	144000000	0	0	1000000	0.0000000
8	144000000	145000000	0	0	1000000	0.0000000
8	145000000	146000000	0	0	1000000	0.0000000
8	146000000	147000000	0	0	1000000	0.0000000
8	147000000	148000000	0	0	1000000	0.0000000
8	148000000	149000000	0	0	1000000	0.0000000
8	149000000	150000000	0	0	1000000	0.0000000
8	150000000	151000000	0	0	1000000	0.0000000
8	151000000	152000000	0	0	1000000	0.0000000
8	152000000	153000000	0	0	1000000	0.0000000
8	153000000	154000000	0	0	1000000	0.0000000
8	154000000	155000000	0	0	1000000	0.0000000
8	155000000	156000000	0	0	1000000	0.0000000
8	156000000	157000000	0	0	1000000	0.0000000
8	157000000	158000000	0	0	1000000	0.0000000
8	158000000	159000000	0	0	1000000	0.0000000
8	159000000	160000000	0	0	1000000	0.0000000
8	160000000	161000000	0	0	1000000	0.0000000
8	161000000	162000000	0	0	1000000	0.0000000
8	162000000	163000000	0	0	1000000	0.0000000
8	163000000	164000000	0	0	1000000	0.0000000
8	164000000	165000000	0	0	1000000	0.0000000
8	165000000	166000000	0	0	1000000	0.0000000
8	166000000	167000000	0	0	1000000	0.0000000
8	167000000	168000000	0	0	1000000	0.0000000
8	168000000	169000000	0	0	1000000	0.0000000
8	169000000	170000000	0	0	1000000	0.0000000
8	170000000	171000000	0	0	1000000	0.0000000
8	171000000	172000000	0	0	1000000	0.0000000
8	172000000	173000000	0	0	1000000	0.0000000
8	173000000	174000000	0	0	1000000	0.0000000
8	174000000	175000000	0	0	1000000	0.0000000
8	175000000	176000000	0	0	1000000	0.0000000
8	176000000	177000000	0	0	1000000	0.0000000
8	177000000	178000000	0	0	1000000	0.0000000
8	178000000	179000000	0	0	1000000	0.0000000
8	179000000	180000000	0	0	1000000	0.0000000
8	180000000	181000000	0	0	1000000	0.0000000
8	181000000	181122637	0	0	122637	0.0000000
9	0	1000000	1	332234	1000000	0.3322340
9	1000000	2000000	1	1000000	1000000	1.0000000
9	2000000	3000000	1	1000000	1000000	1.0000000
9	3000000	4000000	1	1000000	1000000	1.0000000
9	4000000	5000000	1	1000000	1000000	1.0000000
9	5000000	6000000	1	1000000	1000000	1.0000000
9	6000000	7000000	1	1000000	1000000	1.0000000
9	7000000	8000000	1	1000000	1000000	1.0000000
9	8000000	9000000	1	1000000	1000000	1.0000000
9	9000000	10000000	1	1000000	1000000	1.0000000
9	10000000	11000000	1	1000000	1000000	1.0000000
9	11000000	12000000	1	1000000	1000000	1.0000000
9	12000000	13000000	1	1000000	1000000	1.0000000
9	13000000	14000000	1	1000000	1000000	1.0000000
9	14000000	15000000	1	1000000	1000000	1.0000000
9	15000000	16000000	1	1000000	1000000	1.0000000
9	16000000	17000000	1	1000000	1000000	1.0000000
9	17000000	18000000	1	1000000	1000000	1.0000000
9	18000000	19000000	1	1000000	1000000	1.0000000
9	19000000	20000000	1	1000000	1000000	1.0000000
9	20000000	21000000	1	1000000	1000000	1.0000000
9	21000000	22000000	1	1000000	1000000	1.0000000
9	22000000	23000000	1	1000000	1000000	1.0000000
9	23000000	24000000	1	1000000	1000000	1.0000000
9	24000000	25000000	1	1000000	1000000	1.0000000
9	25000000	26000000	1	1000000	1000000	1.0000000
9	26000000	27000000	1	1000000	1000000	1.0000000
9	27000000	28000000	1	1000000	1000000	1.0000000
9	28000000	29000000	1	912421	1000000	0.9124210
9	29000000	30000000	0	0	1000000	0.0000000
9	30000000	31000000	0	0	1000000	0.0000000
9	31000000	32000000	1	652787	1000000	0.6527870
9	32000000	33000000	1	1000000	1000000	1.0000000
9	33000000	34000000	1	1000000	1000000	1.0000000
9	34000000	35000000	1	1000000	1000000	1.0000000
9	35000000	36000000	1	1000000	1000000	1.0000000
9	36000000	37000000	1	1000000	1000000	1.0000000
9	37000000	38000000	1	1000000	1000000	1.0000000
9	38000000	39000000	1	1000000	1000000	1.0000000
9	39000000	40000000	1	1000000	1000000	1.0000000
9	40000000	41000000	1	1000000	1000000	1.0000000
9	41000000	42000000	1	1000000	1000000	1.0000000
9	42000000	43000000	1	1000000	1000000	1.0000000
9	43000000	44000000	1	1000000	1000000	1.0000000
9	44000000	45000000	1	1000000	1000000	1.0000000
9	45000000	46000000	1	1000000	1000000	1.0000000
9	46000000	47000000	1	1000000	1000000	1.0000000
9	47000000	48000000	1	1000000	1000000	1.0000000
9	48000000	49000000	1	1000000	1000000	1.0000000
9	49000000	50000000	1	1000000	1000000	1.0000000
9	50000000	51000000	1	999528	1000000	0.9995280
9	51000000	52000000	0	0	1000000	0.0000000
9	52000000	53000000	0	0	1000000	0.0000000
9	53000000	54000000	0	0	1000000	0.0000000
9	54000000	55000000	0	0	1000000	0.0000000
9	55000000	56000000	1	841222	1000000	0.8412220
9	56000000	57000000	1	1000000	1000000	1.0000000
9	57000000	58000000	1	1000000	1000000	1.0000000
9	58000000	59000000	1	1000000	1000000	1.0000000
9	59000000	60000000	1	1000000	1000000	1.0000000
9	60000000	61000000	1	1000000	1000000	1.0000000
9	61000000	62000000	1	1000000	1000000	1.0000000
9	62000000	63000000	1	1000000	1000000	1.0000000
9	63000000	64000000	1	1000000	1000000	1.0000000
9	64000000	65000000	1	1000000	1000000	1.0000000
9	65000000	66000000	1	1000000	1000000	1.0000000
9	66000000	67000000	1	1000000	1000000	1.0000000
9	67000000	68000000	1	1000000	1000000	1.0000000
9	68000000	69000000	1	1000000	1000000	1.0000000
9	69000000	70000000	1	1000000	1000000	1.0000000
9	70000000	71000000	1	327150	1000000	0.3271500
9	71000000	72000000	1	974365	1000000	0.9743650
9	72000000	73000000	1	1000000	1000000	1.0000000
9	73000000	74000000	1	1000000	1000000	1.0000000
9	74000000	75000000	1	1000000	1000000	1.0000000
9	75000000	76000000	1	1000000	1000000	1.0000000
9	76000000	77000000	1	1000000	1000000	1.0000000
9	77000000	78000000	1	1000000	1000000	1.0000000
9	78000000	79000000	1	1000000	1000000	1.0000000
9	79000000	80000000	1	1000000	1000000	1.0000000
9	80000000	81000000	2	752839	1000000	0.7528390
9	81000000	82000000	1	1000000	1000000	1.0000000
9	82000000	83000000	1	1000000	1000000	1.0000000
9	83000000	84000000	1	1000000	1000000	1.0000000
9	84000000	85000000	1	1000000	1000000	1.0000000
9	85000000	86000000	1	1000000	1000000	1.0000000
9	86000000	87000000	1	1000000	1000000	1.0000000
9	87000000	88000000	2	837645	1000000	0.8376450
9	88000000	89000000	1	1000000	1000000	1.0000000
9	89000000	90000000	1	1000000	1000000	1.0000000
9	90000000	91000000	1	1000000	1000000	1.0000000
9	91000000	92000000	1	1000000	1000000	1.0000000
9	92000000	93000000	2	997267	1000000	0.9972670
9	93000000	94000000	1	1000000	1000000	1.0000000
9	94000000	95000000	1	1000000	1000000	1.0000000
9	95000000	96000000	2	934956	1000000	0.9349560
9	96000000	97000000	1	1000000	1000000	1.0000000
9	97000000	98000000	1	1000000	1000000	1.0000000
9	98000000	99000000	1	1000000	1000000	1.0000000
9	99000000	100000000	1	1000000	1000000	1.0000000
9	100000000	101000000	1	1000000	1000000	1.0000000
9	101000000	102000000	1	1000000	1000000	1.0000000
9	102000000	103000000	1	1000000	1000000	1.0000000
9	103000000	104000000	1	1000000	1000000	1.0000000
9	104000000	105000000	1	1000000	1000000	1.0000000
9	105000000	106000000	1	1000000	1000000	1.0000000
9	106000000	107000000	2	877102	1000000	0.8771020
9	107000000	108000000	1	1000000	1000000	1.0000000
9	108000000	109000000	2	833088	1000000	0.8330880
9	109000000	110000000	1	1000000	1000000	1.0000000
9	110000000	111000000	1	1000000	1000000	1.0000000
9	111000000	112000000	2	932722	1000000	0.9327220
9	112000000	113000000	1	1000000	1000000	1.0000000
9	113000000	114000000	1	1000000	1000000	1.0000000
9	114000000	115000000	1	1000000	1000000	1.0000000
9	115000000	116000000	1	119142	1000000	0.1191420
9	116000000	117000000	0	0	1000000	0.0000000
9	117000000	118000000	0	0	1000000	0.0000000
9	118000000	119000000	0	0	1000000	0.0000000
9	119000000	120000000	0	0	1000000	0.0000000
9	120000000	121000000	0	0	1000000	0.0000000
9	121000000	122000000	0	0	1000000	0.0000000
9	122000000	123000000	0	0	1000000	0.0000000
9	123000000	124000000	0	0	1000000	0.0000000
9	124000000	125000000	0	0	1000000	0.0000000
9	125000000	126000000	0	0	1000000	0.0000000
9	126000000	127000000	0	0	1000000	0.0000000
9	127000000	128000000	0	0	1000000	0.0000000
9	128000000	129000000	0	0	1000000	0.0000000
9	129000000	130000000	0	0	1000000	0.0000000
9	130000000	131000000	0	0	1000000	0.0000000
9	131000000	132000000	0	0	1000000	0.0000000
9	132000000	133000000	0	0	1000000	0.0000000
9	133000000	134000000	0	0	1000000	0.0000000
9	134000000	135000000	0	0	1000000	0.0000000
9	135000000	136000000	0	0	1000000	0.0000000
9	136000000	137000000	0	0	1000000	0.0000000
9	137000000	138000000	0	0	1000000	0.0000000
9	138000000	139000000	0	0	1000000	0.0000000
9	139000000	140000000	0	0	1000000	0.0000000
9	140000000	141000000	0	0	1000000	0.0000000
9	141000000	142000000	0	0	1000000	0.0000000
9	142000000	143000000	0	0	1000000	0.0000000
9	143000000	144000000	0	0	1000000	0.0000000
9	144000000	145000000	0	0	1000000	0.0000000
9	145000000	146000000	0	0	1000000	0.0000000
9	146000000	147000000	0	0	1000000	0.0000000
9	147000000	148000000	0	0	1000000	0.0000000
9	148000000	149000000	0	0	1000000	0.0000000
9	149000000	150000000	0	0	1000000	0.0000000
9	150000000	151000000	0	0	1000000	0.0000000
9	151000000	152000000	0	0	1000000	0.0000000
9	152000000	153000000	0	0	1000000	0.0000000
9	153000000	154000000	0	0	1000000	0.0000000
9	154000000	155000000	0	0	1000000	0.0000000
9	155000000	156000000	0	0	1000000	0.0000000
9	156000000	157000000	0	0	1000000	0.0000000
9	157000000	158000000	0	0	1000000	0.0000000
9	158000000	159000000	0	0	1000000	0.0000000
9	159000000	159769782	0	0	769782	0.0000000
10	0	1000000	1	869888	1000000	0.8698880
10	1000000	2000000	1	1000000	1000000	1.0000000
10	2000000	3000000	1	1000000	1000000	1.0000000
10	3000000	4000000	1	1000000	1000000	1.0000000
10	4000000	5000000	1	1000000	1000000	1.0000000
10	5000000	6000000	1	1000000	1000000	1.0000000
10	6000000	7000000	1	1000000	1000000	1.0000000
10	7000000	8000000	1	1000000	1000000	1.0000000
10	8000000	9000000	1	1000000	1000000	1.0000000
10	9000000	10000000	1	1000000	1000000	1.0000000
10	10000000	11000000	1	1000000	1000000	1.0000000
10	11000000	12000000	1	1000000	1000000	1.0000000
10	12000000	13000000	1	203553	1000000	0.2035530
10	13000000	14000000	1	686670	1000000	0.6866700
10	14000000	15000000	1	1000000	1000000	1.0000000
10	15000000	16000000	2	404569	1000000	0.4045690
10	16000000	17000000	2	958731	1000000	0.9587310
10	17000000	18000000	1	1000000	1000000	1.0000000
10	18000000	19000000	1	1000000	1000000	1.0000000
10	19000000	20000000	1	1000000	1000000	1.0000000
10	20000000	21000000	1	83484	1000000	0.0834840
10	21000000	22000000	1	716087	1000000	0.7160870
10	22000000	23000000	1	331905	1000000	0.3319050
10	23000000	24000000	1	1000000	1000000	1.0000000
10	24000000	25000000	1	1000000	1000000	1.0000000
10	25000000	26000000	1	1000000	1000000	1.0000000
10	26000000	27000000	1	1000000	1000000	1.0000000
10	27000000	28000000	1	1000000	1000000	1.0000000
10	28000000	29000000	1	1000000	1000000	1.0000000
10	29000000	30000000	1	1000000	1000000	1.0000000
10	30000000	31000000	2	722305	1000000	0.7223050
10	31000000	32000000	1	1000000	1000000	1.0000000
10	32000000	33000000	1	1000000	1000000	1.0000000
10	33000000	34000000	1	1000000	1000000	1.0000000
10	34000000	35000000	1	1000000	1000000	1.0000000
10	35000000	36000000	1	1000000	1000000	1.0000000
10	36000000	37000000	1	1000000	1000000	1.0000000
10	37000000	38000000	1	1000000	1000000	1.0000000
10	38000000	39000000	1	1000000	1000000	1.0000000
10	39000000	40000000	1	1000000	1000000	1.0000000
10	40000000	41000000	1	115443	1000000	0.1154430
10	41000000	42000000	1	926707	1000000	0.9267070
10	42000000	43000000	1	1000000	1000000	1.0000000
10	43000000	44000000	1	1000000	1000000	1.0000000
10	44000000	45000000	1	1000000	1000000	1.0000000
10	45000000	46000000	1	1000000	1000000	1.0000000
10	46000000	47000000	1	1000000	1000000	1.0000000
10	47000000	48000000	1	1000000	1000000	1.0000000
10	48000000	49000000	1	93645	1000000	0.0936450
10	49000000	50000000	0	0	1000000	0.0000000
10	50000000	51000000	0	0	1000000	0.0000000
10	51000000	52000000	0	0	1000000	0.0000000
10	52000000	53000000	0	0	1000000	0.0000000
10	53000000	54000000	1	569396	1000000	0.5693960
10	54000000	55000000	1	1000000	1000000	1.0000000
10	55000000	56000000	1	988129	1000000	0.9881290
10	56000000	57000000	1	743248	1000000	0.7432480
10	57000000	58000000	1	1000000	1000000	1.0000000
10	58000000	59000000	1	1000000	1000000	1.0000000
10	59000000	60000000	1	1000000	1000000	1.0000000
10	60000000	61000000	1	1000000	1000000	1.0000000
10	61000000	62000000	1	1000000	1000000	1.0000000
10	62000000	63000000	1	1000000	1000000	1.0000000
10	63000000	64000000	1	1000000	1000000	1.0000000
10	64000000	65000000	1	1000000	1000000	1.0000000
10	65000000	66000000	1	1000000	1000000	1.0000000
10	66000000	67000000	1	1000000	1000000	1.0000000
10	67000000	68000000	1	1000000	1000000	1.0000000
10	68000000	69000000	1	1000000	1000000	1.0000000
10	69000000	70000000	1	1000000	1000000	1.0000000
10	70000000	71000000	2	970211	1000000	0.9702110
10	71000000	72000000	1	1000000	1000000	1.0000000
10	72000000	73000000	1	1000000	1000000	1.0000000
10	73000000	74000000	1	1000000	1000000	1.0000000
10	74000000	75000000	1	1000000	1000000	1.0000000
10	75000000	76000000	1	1000000	1000000	1.0000000
10	76000000	77000000	1	1000000	1000000	1.0000000
10	77000000	78000000	1	1000000	1000000	1.0000000
10	78000000	79000000	1	1000000	1000000	1.0000000
10	79000000	80000000	1	1000000	1000000	1.0000000
10	80000000	81000000	1	1000000	1000000	1.0000000
10	81000000	82000000	1	1000000	1000000	1.0000000
10	82000000	83000000	1	1000000	1000000	1.0000000
10	83000000	84000000	1	1000000	1000000	1.0000000
10	84000000	85000000	2	858280	1000000	0.8582800
10	85000000	86000000	1	1000000	1000000	1.0000000
10	86000000	87000000	1	1000000	1000000	1.0000000
10	87000000	88000000	1	1000000	1000000	1.0000000
10	88000000	89000000	1	1000000	1000000	1.0000000
10	89000000	90000000	1	1000000	1000000	1.0000000
10	90000000	91000000	1	1000000	1000000	1.0000000
10	91000000	92000000	1	48715	1000000	0.0487150
10	92000000	93000000	0	0	1000000	0.0000000
10	93000000	94000000	0	0	1000000	0.0000000
10	94000000	95000000	0	0	1000000	0.0000000
10	95000000	96000000	0	0	1000000	0.0000000
10	96000000	97000000	0	0	1000000	0.0000000
10	97000000	98000000	0	0	1000000	0.0000000
10	98000000	99000000	0	0	1000000	0.0000000
10	99000000	100000000	0	0	1000000	0.0000000
10	100000000	101000000	0	0	1000000	0.0000000
10	101000000	102000000	0	0	1000000	0.0000000
10	102000000	103000000	0	0	1000000	0.0000000
10	103000000	104000000	0	0	1000000	0.0000000
10	104000000	105000000	0	0	1000000	0.0000000
10	105000000	106000000	0	0	1000000	0.0000000
10	106000000	107000000	0	0	1000000	0.0000000
10	107000000	108000000	0	0	1000000	0.0000000
10	108000000	109000000	0	0	1000000	0.0000000
10	109000000	110000000	0	0	1000000	0.0000000
10	110000000	111000000	0	0	1000000	0.0000000
10	111000000	112000000	0	0	1000000	0.0000000
10	112000000	113000000	0	0	1000000	0.0000000
10	113000000	114000000	0	0	1000000	0.0000000
10	114000000	115000000	0	0	1000000	0.0000000
10	115000000	116000000	0	0	1000000	0.0000000
10	116000000	117000000	0	0	1000000	0.0000000
10	117000000	118000000	0	0	1000000	0.0000000
10	118000000	119000000	0	0	1000000	0.0000000
10	119000000	120000000	0	0	1000000	0.0000000
10	120000000	121000000	0	0	1000000	0.0000000
10	121000000	122000000	0	0	1000000	0.0000000
10	122000000	123000000	0	0	1000000	0.0000000
10	123000000	124000000	0	0	1000000	0.0000000
10	124000000	125000000	0	0	1000000	0.0000000
10	125000000	126000000	0	0	1000000	0.0000000
10	126000000	127000000	0	0	1000000	0.0000000
10	127000000	128000000	0	0	1000000	0.0000000
10	128000000	129000000	0	0	1000000	0.0000000
10	129000000	130000000	0	0	1000000	0.0000000
10	130000000	131000000	0	0	1000000	0.0000000
10	131000000	132000000	0	0	1000000	0.0000000
10	132000000	133000000	0	0	1000000	0.0000000
10	133000000	134000000	0	0	1000000	0.0000000
10	134000000	135000000	0	0	1000000	0.0000000
10	135000000	136000000	0	0	1000000	0.0000000
10	136000000	137000000	0	0	1000000	0.0000000
10	137000000	138000000	0	0	1000000	0.0000000
10	138000000	139000000	0	0	1000000	0.0000000
10	139000000	140000000	0	0	1000000	0.0000000
10	140000000	141000000	0	0	1000000	0.0000000
10	141000000	142000000	0	0	1000000	0.0000000
10	142000000	143000000	0	0	1000000	0.0000000
10	143000000	144000000	0	0	1000000	0.0000000
10	144000000	145000000	0	0	1000000	0.0000000
10	145000000	146000000	0	0	1000000	0.0000000
10	146000000	147000000	0	0	1000000	0.0000000
10	147000000	148000000	0	0	1000000	0.0000000
10	148000000	149000000	0	0	1000000	0.0000000
10	149000000	150000000	0	0	1000000	0.0000000
10	150000000	150982314	0	0	982314	0.0000000
