1	0	1000000	0	0	1000000	0.0000000
1	1000000	2000000	0	0	1000000	0.0000000
1	2000000	3000000	0	0	1000000	0.0000000
1	3000000	4000000	0	0	1000000	0.0000000
1	4000000	5000000	0	0	1000000	0.0000000
1	5000000	6000000	0	0	1000000	0.0000000
1	6000000	7000000	0	0	1000000	0.0000000
1	7000000	8000000	0	0	1000000	0.0000000
1	8000000	9000000	0	0	1000000	0.0000000
1	9000000	10000000	0	0	1000000	0.0000000
1	10000000	11000000	0	0	1000000	0.0000000
1	11000000	12000000	0	0	1000000	0.0000000
1	12000000	13000000	0	0	1000000	0.0000000
1	13000000	14000000	0	0	1000000	0.0000000
1	14000000	15000000	0	0	1000000	0.0000000
1	15000000	16000000	0	0	1000000	0.0000000
1	16000000	17000000	0	0	1000000	0.0000000
1	17000000	18000000	0	0	1000000	0.0000000
1	18000000	19000000	0	0	1000000	0.0000000
1	19000000	20000000	0	0	1000000	0.0000000
1	20000000	21000000	0	0	1000000	0.0000000
1	21000000	22000000	0	0	1000000	0.0000000
1	22000000	23000000	0	0	1000000	0.0000000
1	23000000	24000000	0	0	1000000	0.0000000
1	24000000	25000000	0	0	1000000	0.0000000
1	25000000	26000000	0	0	1000000	0.0000000
1	26000000	27000000	0	0	1000000	0.0000000
1	27000000	28000000	0	0	1000000	0.0000000
1	28000000	29000000	0	0	1000000	0.0000000
1	29000000	30000000	0	0	1000000	0.0000000
1	30000000	31000000	0	0	1000000	0.0000000
1	31000000	32000000	0	0	1000000	0.0000000
1	32000000	33000000	0	0	1000000	0.0000000
1	33000000	34000000	0	0	1000000	0.0000000
1	34000000	35000000	0	0	1000000	0.0000000
1	35000000	36000000	0	0	1000000	0.0000000
1	36000000	37000000	0	0	1000000	0.0000000
1	37000000	38000000	0	0	1000000	0.0000000
1	38000000	39000000	0	0	1000000	0.0000000
1	39000000	40000000	0	0	1000000	0.0000000
1	40000000	41000000	0	0	1000000	0.0000000
1	41000000	42000000	0	0	1000000	0.0000000
1	42000000	43000000	0	0	1000000	0.0000000
1	43000000	44000000	0	0	1000000	0.0000000
1	44000000	45000000	0	0	1000000	0.0000000
1	45000000	46000000	0	0	1000000	0.0000000
1	46000000	47000000	0	0	1000000	0.0000000
1	47000000	48000000	0	0	1000000	0.0000000
1	48000000	49000000	0	0	1000000	0.0000000
1	49000000	50000000	0	0	1000000	0.0000000
1	50000000	51000000	0	0	1000000	0.0000000
1	51000000	52000000	0	0	1000000	0.0000000
1	52000000	53000000	0	0	1000000	0.0000000
1	53000000	54000000	0	0	1000000	0.0000000
1	54000000	55000000	0	0	1000000	0.0000000
1	55000000	56000000	0	0	1000000	0.0000000
1	56000000	57000000	0	0	1000000	0.0000000
1	57000000	58000000	0	0	1000000	0.0000000
1	58000000	59000000	0	0	1000000	0.0000000
1	59000000	60000000	0	0	1000000	0.0000000
1	60000000	61000000	0	0	1000000	0.0000000
1	61000000	62000000	0	0	1000000	0.0000000
1	62000000	63000000	0	0	1000000	0.0000000
1	63000000	64000000	0	0	1000000	0.0000000
1	64000000	65000000	0	0	1000000	0.0000000
1	65000000	66000000	0	0	1000000	0.0000000
1	66000000	67000000	0	0	1000000	0.0000000
1	67000000	68000000	0	0	1000000	0.0000000
1	68000000	69000000	0	0	1000000	0.0000000
1	69000000	70000000	0	0	1000000	0.0000000
1	70000000	71000000	0	0	1000000	0.0000000
1	71000000	72000000	0	0	1000000	0.0000000
1	72000000	73000000	0	0	1000000	0.0000000
1	73000000	74000000	0	0	1000000	0.0000000
1	74000000	75000000	0	0	1000000	0.0000000
1	75000000	76000000	0	0	1000000	0.0000000
1	76000000	77000000	0	0	1000000	0.0000000
1	77000000	78000000	0	0	1000000	0.0000000
1	78000000	79000000	0	0	1000000	0.0000000
1	79000000	80000000	0	0	1000000	0.0000000
1	80000000	81000000	0	0	1000000	0.0000000
1	81000000	82000000	0	0	1000000	0.0000000
1	82000000	83000000	0	0	1000000	0.0000000
1	83000000	84000000	0	0	1000000	0.0000000
1	84000000	85000000	0	0	1000000	0.0000000
1	85000000	86000000	0	0	1000000	0.0000000
1	86000000	87000000	0	0	1000000	0.0000000
1	87000000	88000000	0	0	1000000	0.0000000
1	88000000	89000000	0	0	1000000	0.0000000
1	89000000	90000000	0	0	1000000	0.0000000
1	90000000	91000000	0	0	1000000	0.0000000
1	91000000	92000000	0	0	1000000	0.0000000
1	92000000	93000000	0	0	1000000	0.0000000
1	93000000	94000000	0	0	1000000	0.0000000
1	94000000	95000000	0	0	1000000	0.0000000
1	95000000	96000000	0	0	1000000	0.0000000
1	96000000	97000000	0	0	1000000	0.0000000
1	97000000	98000000	0	0	1000000	0.0000000
1	98000000	99000000	0	0	1000000	0.0000000
1	99000000	100000000	0	0	1000000	0.0000000
1	100000000	101000000	0	0	1000000	0.0000000
1	101000000	102000000	0	0	1000000	0.0000000
1	102000000	103000000	0	0	1000000	0.0000000
1	103000000	104000000	0	0	1000000	0.0000000
1	104000000	105000000	0	0	1000000	0.0000000
1	105000000	106000000	0	0	1000000	0.0000000
1	106000000	107000000	0	0	1000000	0.0000000
1	107000000	108000000	0	0	1000000	0.0000000
1	108000000	109000000	0	0	1000000	0.0000000
1	109000000	110000000	0	0	1000000	0.0000000
1	110000000	111000000	0	0	1000000	0.0000000
1	111000000	112000000	0	0	1000000	0.0000000
1	112000000	113000000	0	0	1000000	0.0000000
1	113000000	114000000	0	0	1000000	0.0000000
1	114000000	115000000	0	0	1000000	0.0000000
1	115000000	116000000	0	0	1000000	0.0000000
1	116000000	117000000	0	0	1000000	0.0000000
1	117000000	118000000	0	0	1000000	0.0000000
1	118000000	119000000	0	0	1000000	0.0000000
1	119000000	120000000	0	0	1000000	0.0000000
1	120000000	121000000	0	0	1000000	0.0000000
1	121000000	122000000	0	0	1000000	0.0000000
1	122000000	123000000	0	0	1000000	0.0000000
1	123000000	124000000	0	0	1000000	0.0000000
1	124000000	125000000	0	0	1000000	0.0000000
1	125000000	126000000	0	0	1000000	0.0000000
1	126000000	127000000	0	0	1000000	0.0000000
1	127000000	128000000	0	0	1000000	0.0000000
1	128000000	129000000	0	0	1000000	0.0000000
1	129000000	130000000	0	0	1000000	0.0000000
1	130000000	131000000	0	0	1000000	0.0000000
1	131000000	132000000	0	0	1000000	0.0000000
1	132000000	133000000	0	0	1000000	0.0000000
1	133000000	134000000	0	0	1000000	0.0000000
1	134000000	135000000	0	0	1000000	0.0000000
1	135000000	136000000	0	0	1000000	0.0000000
1	136000000	137000000	0	0	1000000	0.0000000
1	137000000	138000000	0	0	1000000	0.0000000
1	138000000	139000000	0	0	1000000	0.0000000
1	139000000	140000000	0	0	1000000	0.0000000
1	140000000	141000000	0	0	1000000	0.0000000
1	141000000	142000000	0	0	1000000	0.0000000
1	142000000	143000000	0	0	1000000	0.0000000
1	143000000	144000000	0	0	1000000	0.0000000
1	144000000	145000000	0	0	1000000	0.0000000
1	145000000	146000000	0	0	1000000	0.0000000
1	146000000	147000000	0	0	1000000	0.0000000
1	147000000	148000000	0	0	1000000	0.0000000
1	148000000	149000000	0	0	1000000	0.0000000
1	149000000	150000000	0	0	1000000	0.0000000
1	150000000	151000000	0	0	1000000	0.0000000
1	151000000	152000000	0	0	1000000	0.0000000
1	152000000	153000000	0	0	1000000	0.0000000
1	153000000	154000000	0	0	1000000	0.0000000
1	154000000	155000000	0	0	1000000	0.0000000
1	155000000	156000000	0	0	1000000	0.0000000
1	156000000	157000000	0	0	1000000	0.0000000
1	157000000	158000000	0	0	1000000	0.0000000
1	158000000	159000000	0	0	1000000	0.0000000
1	159000000	160000000	0	0	1000000	0.0000000
1	160000000	161000000	0	0	1000000	0.0000000
1	161000000	162000000	0	0	1000000	0.0000000
1	162000000	163000000	0	0	1000000	0.0000000
1	163000000	164000000	0	0	1000000	0.0000000
1	164000000	165000000	0	0	1000000	0.0000000
1	165000000	166000000	0	0	1000000	0.0000000
1	166000000	167000000	0	0	1000000	0.0000000
1	167000000	168000000	0	0	1000000	0.0000000
1	168000000	169000000	0	0	1000000	0.0000000
1	169000000	170000000	0	0	1000000	0.0000000
1	170000000	171000000	0	0	1000000	0.0000000
1	171000000	172000000	0	0	1000000	0.0000000
1	172000000	173000000	0	0	1000000	0.0000000
1	173000000	174000000	0	0	1000000	0.0000000
1	174000000	175000000	0	0	1000000	0.0000000
1	175000000	176000000	0	0	1000000	0.0000000
1	176000000	177000000	0	0	1000000	0.0000000
1	177000000	178000000	0	0	1000000	0.0000000
1	178000000	179000000	0	0	1000000	0.0000000
1	179000000	180000000	0	0	1000000	0.0000000
1	180000000	181000000	0	0	1000000	0.0000000
1	181000000	182000000	0	0	1000000	0.0000000
1	182000000	183000000	0	0	1000000	0.0000000
1	183000000	184000000	0	0	1000000	0.0000000
1	184000000	185000000	0	0	1000000	0.0000000
1	185000000	186000000	0	0	1000000	0.0000000
1	186000000	187000000	0	0	1000000	0.0000000
1	187000000	188000000	0	0	1000000	0.0000000
1	188000000	189000000	0	0	1000000	0.0000000
1	189000000	190000000	0	0	1000000	0.0000000
1	190000000	191000000	0	0	1000000	0.0000000
1	191000000	192000000	0	0	1000000	0.0000000
1	192000000	193000000	0	0	1000000	0.0000000
1	193000000	194000000	0	0	1000000	0.0000000
1	194000000	195000000	0	0	1000000	0.0000000
1	195000000	196000000	0	0	1000000	0.0000000
1	196000000	197000000	0	0	1000000	0.0000000
1	197000000	198000000	0	0	1000000	0.0000000
1	198000000	199000000	0	0	1000000	0.0000000
1	199000000	200000000	0	0	1000000	0.0000000
1	200000000	201000000	0	0	1000000	0.0000000
1	201000000	202000000	0	0	1000000	0.0000000
1	202000000	203000000	0	0	1000000	0.0000000
1	203000000	204000000	0	0	1000000	0.0000000
1	204000000	205000000	0	0	1000000	0.0000000
1	205000000	206000000	0	0	1000000	0.0000000
1	206000000	207000000	0	0	1000000	0.0000000
1	207000000	208000000	0	0	1000000	0.0000000
1	208000000	209000000	0	0	1000000	0.0000000
1	209000000	210000000	0	0	1000000	0.0000000
1	210000000	211000000	0	0	1000000	0.0000000
1	211000000	212000000	0	0	1000000	0.0000000
1	212000000	213000000	0	0	1000000	0.0000000
1	213000000	214000000	0	0	1000000	0.0000000
1	214000000	215000000	0	0	1000000	0.0000000
1	215000000	216000000	0	0	1000000	0.0000000
1	216000000	217000000	0	0	1000000	0.0000000
1	217000000	218000000	0	0	1000000	0.0000000
1	218000000	219000000	0	0	1000000	0.0000000
1	219000000	220000000	0	0	1000000	0.0000000
1	220000000	221000000	0	0	1000000	0.0000000
1	221000000	222000000	0	0	1000000	0.0000000
1	222000000	223000000	0	0	1000000	0.0000000
1	223000000	224000000	0	0	1000000	0.0000000
1	224000000	225000000	0	0	1000000	0.0000000
1	225000000	226000000	0	0	1000000	0.0000000
1	226000000	227000000	0	0	1000000	0.0000000
1	227000000	228000000	0	0	1000000	0.0000000
1	228000000	229000000	0	0	1000000	0.0000000
1	229000000	230000000	0	0	1000000	0.0000000
1	230000000	231000000	0	0	1000000	0.0000000
1	231000000	232000000	0	0	1000000	0.0000000
1	232000000	233000000	0	0	1000000	0.0000000
1	233000000	234000000	0	0	1000000	0.0000000
1	234000000	235000000	0	0	1000000	0.0000000
1	235000000	236000000	0	0	1000000	0.0000000
1	236000000	237000000	0	0	1000000	0.0000000
1	237000000	238000000	0	0	1000000	0.0000000
1	238000000	239000000	0	0	1000000	0.0000000
1	239000000	240000000	0	0	1000000	0.0000000
1	240000000	241000000	0	0	1000000	0.0000000
1	241000000	242000000	0	0	1000000	0.0000000
1	242000000	243000000	0	0	1000000	0.0000000
1	243000000	244000000	0	0	1000000	0.0000000
1	244000000	245000000	0	0	1000000	0.0000000
1	245000000	246000000	0	0	1000000	0.0000000
1	246000000	247000000	0	0	1000000	0.0000000
1	247000000	248000000	0	0	1000000	0.0000000
1	248000000	249000000	0	0	1000000	0.0000000
1	249000000	250000000	0	0	1000000	0.0000000
1	250000000	251000000	0	0	1000000	0.0000000
1	251000000	252000000	0	0	1000000	0.0000000
1	252000000	253000000	0	0	1000000	0.0000000
1	253000000	254000000	0	0	1000000	0.0000000
1	254000000	255000000	0	0	1000000	0.0000000
1	255000000	256000000	0	0	1000000	0.0000000
1	256000000	257000000	0	0	1000000	0.0000000
1	257000000	258000000	0	0	1000000	0.0000000
1	258000000	259000000	0	0	1000000	0.0000000
1	259000000	260000000	0	0	1000000	0.0000000
1	260000000	261000000	0	0	1000000	0.0000000
1	261000000	262000000	0	0	1000000	0.0000000
1	262000000	263000000	0	0	1000000	0.0000000
1	263000000	264000000	0	0	1000000	0.0000000
1	264000000	265000000	0	0	1000000	0.0000000
1	265000000	266000000	0	0	1000000	0.0000000
1	266000000	267000000	0	0	1000000	0.0000000
1	267000000	268000000	0	0	1000000	0.0000000
1	268000000	269000000	0	0	1000000	0.0000000
1	269000000	270000000	0	0	1000000	0.0000000
1	270000000	271000000	0	0	1000000	0.0000000
1	271000000	272000000	0	0	1000000	0.0000000
1	272000000	273000000	0	0	1000000	0.0000000
1	273000000	274000000	0	0	1000000	0.0000000
1	274000000	275000000	0	0	1000000	0.0000000
1	275000000	276000000	0	0	1000000	0.0000000
1	276000000	277000000	0	0	1000000	0.0000000
1	277000000	278000000	0	0	1000000	0.0000000
1	278000000	279000000	0	0	1000000	0.0000000
1	279000000	280000000	0	0	1000000	0.0000000
1	280000000	281000000	0	0	1000000	0.0000000
1	281000000	282000000	0	0	1000000	0.0000000
1	282000000	283000000	0	0	1000000	0.0000000
1	283000000	284000000	0	0	1000000	0.0000000
1	284000000	285000000	0	0	1000000	0.0000000
1	285000000	286000000	0	0	1000000	0.0000000
1	286000000	287000000	0	0	1000000	0.0000000
1	287000000	288000000	0	0	1000000	0.0000000
1	288000000	289000000	0	0	1000000	0.0000000
1	289000000	290000000	0	0	1000000	0.0000000
1	290000000	291000000	0	0	1000000	0.0000000
1	291000000	292000000	0	0	1000000	0.0000000
1	292000000	293000000	0	0	1000000	0.0000000
1	293000000	294000000	0	0	1000000	0.0000000
1	294000000	295000000	0	0	1000000	0.0000000
1	295000000	296000000	0	0	1000000	0.0000000
1	296000000	297000000	0	0	1000000	0.0000000
1	297000000	298000000	0	0	1000000	0.0000000
1	298000000	299000000	0	0	1000000	0.0000000
1	299000000	300000000	0	0	1000000	0.0000000
1	300000000	301000000	0	0	1000000	0.0000000
1	301000000	302000000	0	0	1000000	0.0000000
1	302000000	303000000	0	0	1000000	0.0000000
1	303000000	304000000	0	0	1000000	0.0000000
1	304000000	305000000	0	0	1000000	0.0000000
1	305000000	306000000	0	0	1000000	0.0000000
1	306000000	307000000	0	0	1000000	0.0000000
1	307000000	307041717	0	0	41717	0.0000000
2	0	1000000	0	0	1000000	0.0000000
2	1000000	2000000	0	0	1000000	0.0000000
2	2000000	3000000	0	0	1000000	0.0000000
2	3000000	4000000	0	0	1000000	0.0000000
2	4000000	5000000	0	0	1000000	0.0000000
2	5000000	6000000	0	0	1000000	0.0000000
2	6000000	7000000	0	0	1000000	0.0000000
2	7000000	8000000	0	0	1000000	0.0000000
2	8000000	9000000	0	0	1000000	0.0000000
2	9000000	10000000	0	0	1000000	0.0000000
2	10000000	11000000	0	0	1000000	0.0000000
2	11000000	12000000	0	0	1000000	0.0000000
2	12000000	13000000	0	0	1000000	0.0000000
2	13000000	14000000	0	0	1000000	0.0000000
2	14000000	15000000	0	0	1000000	0.0000000
2	15000000	16000000	0	0	1000000	0.0000000
2	16000000	17000000	0	0	1000000	0.0000000
2	17000000	18000000	0	0	1000000	0.0000000
2	18000000	19000000	0	0	1000000	0.0000000
2	19000000	20000000	0	0	1000000	0.0000000
2	20000000	21000000	0	0	1000000	0.0000000
2	21000000	22000000	0	0	1000000	0.0000000
2	22000000	23000000	0	0	1000000	0.0000000
2	23000000	24000000	0	0	1000000	0.0000000
2	24000000	25000000	0	0	1000000	0.0000000
2	25000000	26000000	0	0	1000000	0.0000000
2	26000000	27000000	0	0	1000000	0.0000000
2	27000000	28000000	0	0	1000000	0.0000000
2	28000000	29000000	0	0	1000000	0.0000000
2	29000000	30000000	0	0	1000000	0.0000000
2	30000000	31000000	0	0	1000000	0.0000000
2	31000000	32000000	0	0	1000000	0.0000000
2	32000000	33000000	0	0	1000000	0.0000000
2	33000000	34000000	0	0	1000000	0.0000000
2	34000000	35000000	0	0	1000000	0.0000000
2	35000000	36000000	0	0	1000000	0.0000000
2	36000000	37000000	0	0	1000000	0.0000000
2	37000000	38000000	0	0	1000000	0.0000000
2	38000000	39000000	0	0	1000000	0.0000000
2	39000000	40000000	0	0	1000000	0.0000000
2	40000000	41000000	0	0	1000000	0.0000000
2	41000000	42000000	0	0	1000000	0.0000000
2	42000000	43000000	0	0	1000000	0.0000000
2	43000000	44000000	0	0	1000000	0.0000000
2	44000000	45000000	0	0	1000000	0.0000000
2	45000000	46000000	0	0	1000000	0.0000000
2	46000000	47000000	0	0	1000000	0.0000000
2	47000000	48000000	0	0	1000000	0.0000000
2	48000000	49000000	0	0	1000000	0.0000000
2	49000000	50000000	0	0	1000000	0.0000000
2	50000000	51000000	0	0	1000000	0.0000000
2	51000000	52000000	0	0	1000000	0.0000000
2	52000000	53000000	0	0	1000000	0.0000000
2	53000000	54000000	0	0	1000000	0.0000000
2	54000000	55000000	0	0	1000000	0.0000000
2	55000000	56000000	0	0	1000000	0.0000000
2	56000000	57000000	0	0	1000000	0.0000000
2	57000000	58000000	0	0	1000000	0.0000000
2	58000000	59000000	0	0	1000000	0.0000000
2	59000000	60000000	0	0	1000000	0.0000000
2	60000000	61000000	0	0	1000000	0.0000000
2	61000000	62000000	0	0	1000000	0.0000000
2	62000000	63000000	0	0	1000000	0.0000000
2	63000000	64000000	0	0	1000000	0.0000000
2	64000000	65000000	0	0	1000000	0.0000000
2	65000000	66000000	0	0	1000000	0.0000000
2	66000000	67000000	0	0	1000000	0.0000000
2	67000000	68000000	0	0	1000000	0.0000000
2	68000000	69000000	0	0	1000000	0.0000000
2	69000000	70000000	0	0	1000000	0.0000000
2	70000000	71000000	0	0	1000000	0.0000000
2	71000000	72000000	0	0	1000000	0.0000000
2	72000000	73000000	0	0	1000000	0.0000000
2	73000000	74000000	0	0	1000000	0.0000000
2	74000000	75000000	0	0	1000000	0.0000000
2	75000000	76000000	0	0	1000000	0.0000000
2	76000000	77000000	0	0	1000000	0.0000000
2	77000000	78000000	0	0	1000000	0.0000000
2	78000000	79000000	0	0	1000000	0.0000000
2	79000000	80000000	0	0	1000000	0.0000000
2	80000000	81000000	0	0	1000000	0.0000000
2	81000000	82000000	0	0	1000000	0.0000000
2	82000000	83000000	0	0	1000000	0.0000000
2	83000000	84000000	0	0	1000000	0.0000000
2	84000000	85000000	0	0	1000000	0.0000000
2	85000000	86000000	0	0	1000000	0.0000000
2	86000000	87000000	0	0	1000000	0.0000000
2	87000000	88000000	0	0	1000000	0.0000000
2	88000000	89000000	0	0	1000000	0.0000000
2	89000000	90000000	0	0	1000000	0.0000000
2	90000000	91000000	0	0	1000000	0.0000000
2	91000000	92000000	0	0	1000000	0.0000000
2	92000000	93000000	0	0	1000000	0.0000000
2	93000000	94000000	0	0	1000000	0.0000000
2	94000000	95000000	0	0	1000000	0.0000000
2	95000000	96000000	0	0	1000000	0.0000000
2	96000000	97000000	0	0	1000000	0.0000000
2	97000000	98000000	0	0	1000000	0.0000000
2	98000000	99000000	0	0	1000000	0.0000000
2	99000000	100000000	0	0	1000000	0.0000000
2	100000000	101000000	0	0	1000000	0.0000000
2	101000000	102000000	0	0	1000000	0.0000000
2	102000000	103000000	0	0	1000000	0.0000000
2	103000000	104000000	0	0	1000000	0.0000000
2	104000000	105000000	0	0	1000000	0.0000000
2	105000000	106000000	0	0	1000000	0.0000000
2	106000000	107000000	0	0	1000000	0.0000000
2	107000000	108000000	0	0	1000000	0.0000000
2	108000000	109000000	0	0	1000000	0.0000000
2	109000000	110000000	0	0	1000000	0.0000000
2	110000000	111000000	0	0	1000000	0.0000000
2	111000000	112000000	0	0	1000000	0.0000000
2	112000000	113000000	0	0	1000000	0.0000000
2	113000000	114000000	0	0	1000000	0.0000000
2	114000000	115000000	0	0	1000000	0.0000000
2	115000000	116000000	0	0	1000000	0.0000000
2	116000000	117000000	0	0	1000000	0.0000000
2	117000000	118000000	0	0	1000000	0.0000000
2	118000000	119000000	0	0	1000000	0.0000000
2	119000000	120000000	0	0	1000000	0.0000000
2	120000000	121000000	0	0	1000000	0.0000000
2	121000000	122000000	0	0	1000000	0.0000000
2	122000000	123000000	0	0	1000000	0.0000000
2	123000000	124000000	0	0	1000000	0.0000000
2	124000000	125000000	0	0	1000000	0.0000000
2	125000000	126000000	0	0	1000000	0.0000000
2	126000000	127000000	1	30327	1000000	0.0303270
2	127000000	128000000	1	1000000	1000000	1.0000000
2	128000000	129000000	1	1000000	1000000	1.0000000
2	129000000	130000000	1	1000000	1000000	1.0000000
2	130000000	131000000	1	1000000	1000000	1.0000000
2	131000000	132000000	1	1000000	1000000	1.0000000
2	132000000	133000000	2	395855	1000000	0.3958550
2	133000000	134000000	1	1000000	1000000	1.0000000
2	134000000	135000000	1	1000000	1000000	1.0000000
2	135000000	136000000	1	1000000	1000000	1.0000000
2	136000000	137000000	1	1000000	1000000	1.0000000
2	137000000	138000000	1	1000000	1000000	1.0000000
2	138000000	139000000	1	1000000	1000000	1.0000000
2	139000000	140000000	1	1000000	1000000	1.0000000
2	140000000	141000000	1	1000000	1000000	1.0000000
2	141000000	142000000	1	1000000	1000000	1.0000000
2	142000000	143000000	1	1000000	1000000	1.0000000
2	143000000	144000000	1	1000000	1000000	1.0000000
2	144000000	145000000	1	1000000	1000000	1.0000000
2	145000000	146000000	1	1000000	1000000	1.0000000
2	146000000	147000000	1	1000000	1000000	1.0000000
2	147000000	148000000	1	1000000	1000000	1.0000000
2	148000000	149000000	1	1000000	1000000	1.0000000
2	149000000	150000000	1	1000000	1000000	1.0000000
2	150000000	151000000	1	1000000	1000000	1.0000000
2	151000000	152000000	1	1000000	1000000	1.0000000
2	152000000	153000000	1	1000000	1000000	1.0000000
2	153000000	154000000	1	1000000	1000000	1.0000000
2	154000000	155000000	1	1000000	1000000	1.0000000
2	155000000	156000000	1	1000000	1000000	1.0000000
2	156000000	157000000	1	1000000	1000000	1.0000000
2	157000000	158000000	1	1000000	1000000	1.0000000
2	158000000	159000000	2	284987	1000000	0.2849870
2	159000000	160000000	0	0	1000000	0.0000000
2	160000000	161000000	0	0	1000000	0.0000000
2	161000000	162000000	1	905496	1000000	0.9054960
2	162000000	163000000	2	883196	1000000	0.8831960
2	163000000	164000000	1	1000000	1000000	1.0000000
2	164000000	165000000	1	1000000	1000000	1.0000000
2	165000000	166000000	1	942452	1000000	0.9424520
2	166000000	167000000	0	0	1000000	0.0000000
2	167000000	168000000	1	333394	1000000	0.3333940
2	168000000	169000000	1	1000000	1000000	1.0000000
2	169000000	170000000	1	1000000	1000000	1.0000000
2	170000000	171000000	1	1000000	1000000	1.0000000
2	171000000	172000000	1	1000000	1000000	1.0000000
2	172000000	173000000	1	1000000	1000000	1.0000000
2	173000000	174000000	1	1000000	1000000	1.0000000
2	174000000	175000000	2	800577	1000000	0.8005770
2	175000000	176000000	1	1000000	1000000	1.0000000
2	176000000	177000000	2	443439	1000000	0.4434390
2	177000000	178000000	2	688957	1000000	0.6889570
2	178000000	179000000	1	1000000	1000000	1.0000000
2	179000000	180000000	1	1000000	1000000	1.0000000
2	180000000	181000000	1	1000000	1000000	1.0000000
2	181000000	182000000	1	1000000	1000000	1.0000000
2	182000000	183000000	1	1000000	1000000	1.0000000
2	183000000	184000000	1	1000000	1000000	1.0000000
2	184000000	185000000	1	1000000	1000000	1.0000000
2	185000000	186000000	1	590379	1000000	0.5903790
2	186000000	187000000	0	0	1000000	0.0000000
2	187000000	188000000	1	682234	1000000	0.6822340
2	188000000	189000000	1	1000000	1000000	1.0000000
2	189000000	190000000	1	1000000	1000000	1.0000000
2	190000000	191000000	2	923590	1000000	0.9235900
2	191000000	192000000	2	817795	1000000	0.8177950
2	192000000	193000000	1	1000000	1000000	1.0000000
2	193000000	194000000	1	1000000	1000000	1.0000000
2	194000000	195000000	1	1000000	1000000	1.0000000
2	195000000	196000000	1	1000000	1000000	1.0000000
2	196000000	197000000	1	1000000	1000000	1.0000000
2	197000000	198000000	1	1000000	1000000	1.0000000
2	198000000	199000000	1	1000000	1000000	1.0000000
2	199000000	200000000	1	1000000	1000000	1.0000000
2	200000000	201000000	1	1000000	1000000	1.0000000
2	201000000	202000000	1	1000000	1000000	1.0000000
2	202000000	203000000	1	1000000	1000000	1.0000000
2	203000000	204000000	1	1000000	1000000	1.0000000
2	204000000	205000000	1	1000000	1000000	1.0000000
2	205000000	206000000	1	1000000	1000000	1.0000000
2	206000000	207000000	1	1000000	1000000	1.0000000
2	207000000	208000000	1	1000000	1000000	1.0000000
2	208000000	209000000	1	1000000	1000000	1.0000000
2	209000000	210000000	1	1000000	1000000	1.0000000
2	210000000	211000000	1	1000000	1000000	1.0000000
2	211000000	212000000	1	1000000	1000000	1.0000000
2	212000000	213000000	1	1000000	1000000	1.0000000
2	213000000	214000000	1	1000000	1000000	1.0000000
2	214000000	215000000	1	1000000	1000000	1.0000000
2	215000000	216000000	1	1000000	1000000	1.0000000
2	216000000	217000000	1	665186	1000000	0.6651860
2	217000000	218000000	1	542644	1000000	0.5426440
2	218000000	219000000	1	1000000	1000000	1.0000000
2	219000000	220000000	2	863538	1000000	0.8635380
2	220000000	221000000	2	996396	1000000	0.9963960
2	221000000	222000000	1	1000000	1000000	1.0000000
2	222000000	223000000	1	1000000	1000000	1.0000000
2	223000000	224000000	1	1000000	1000000	1.0000000
2	224000000	225000000	1	1000000	1000000	1.0000000
2	225000000	226000000	2	650912	1000000	0.6509120
2	226000000	227000000	1	1000000	1000000	1.0000000
2	227000000	228000000	1	412349	1000000	0.4123490
2	228000000	229000000	1	730049	1000000	0.7300490
2	229000000	230000000	1	1000000	1000000	1.0000000
2	230000000	231000000	1	1000000	1000000	1.0000000
2	231000000	232000000	1	1000000	1000000	1.0000000
2	232000000	233000000	1	1000000	1000000	1.0000000
2	233000000	234000000	1	727690	1000000	0.7276900
2	234000000	235000000	1	113598	1000000	0.1135980
2	235000000	236000000	1	1000000	1000000	1.0000000
2	236000000	237000000	1	1000000	1000000	1.0000000
2	237000000	238000000	1	954326	1000000	0.9543260
2	238000000	239000000	1	100549	1000000	0.1005490
2	239000000	240000000	1	1000000	1000000	1.0000000
2	240000000	241000000	1	580182	1000000	0.5801820
2	241000000	242000000	2	812803	1000000	0.8128030
2	242000000	243000000	2	718871	1000000	0.7188710
2	243000000	244000000	1	1000000	1000000	1.0000000
2	244000000	244442276	1	413284	442276	0.9344482
3	0	1000000	0	0	1000000	0.0000000
3	1000000	2000000	0	0	1000000	0.0000000
3	2000000	3000000	0	0	1000000	0.0000000
3	3000000	4000000	0	0	1000000	0.0000000
3	4000000	5000000	0	0	1000000	0.0000000
3	5000000	6000000	0	0	1000000	0.0000000
3	6000000	7000000	0	0	1000000	0.0000000
3	7000000	8000000	0	0	1000000	0.0000000
3	8000000	9000000	0	0	1000000	0.0000000
3	9000000	10000000	0	0	1000000	0.0000000
3	10000000	11000000	0	0	1000000	0.0000000
3	11000000	12000000	0	0	1000000	0.0000000
3	12000000	13000000	0	0	1000000	0.0000000
3	13000000	14000000	0	0	1000000	0.0000000
3	14000000	15000000	0	0	1000000	0.0000000
3	15000000	16000000	0	0	1000000	0.0000000
3	16000000	17000000	0	0	1000000	0.0000000
3	17000000	18000000	0	0	1000000	0.0000000
3	18000000	19000000	0	0	1000000	0.0000000
3	19000000	20000000	0	0	1000000	0.0000000
3	20000000	21000000	0	0	1000000	0.0000000
3	21000000	22000000	0	0	1000000	0.0000000
3	22000000	23000000	0	0	1000000	0.0000000
3	23000000	24000000	0	0	1000000	0.0000000
3	24000000	25000000	0	0	1000000	0.0000000
3	25000000	26000000	0	0	1000000	0.0000000
3	26000000	27000000	0	0	1000000	0.0000000
3	27000000	28000000	0	0	1000000	0.0000000
3	28000000	29000000	0	0	1000000	0.0000000
3	29000000	30000000	0	0	1000000	0.0000000
3	30000000	31000000	0	0	1000000	0.0000000
3	31000000	32000000	0	0	1000000	0.0000000
3	32000000	33000000	0	0	1000000	0.0000000
3	33000000	34000000	0	0	1000000	0.0000000
3	34000000	35000000	0	0	1000000	0.0000000
3	35000000	36000000	0	0	1000000	0.0000000
3	36000000	37000000	0	0	1000000	0.0000000
3	37000000	38000000	0	0	1000000	0.0000000
3	38000000	39000000	0	0	1000000	0.0000000
3	39000000	40000000	0	0	1000000	0.0000000
3	40000000	41000000	0	0	1000000	0.0000000
3	41000000	42000000	0	0	1000000	0.0000000
3	42000000	43000000	0	0	1000000	0.0000000
3	43000000	44000000	0	0	1000000	0.0000000
3	44000000	45000000	0	0	1000000	0.0000000
3	45000000	46000000	0	0	1000000	0.0000000
3	46000000	47000000	0	0	1000000	0.0000000
3	47000000	48000000	0	0	1000000	0.0000000
3	48000000	49000000	0	0	1000000	0.0000000
3	49000000	50000000	0	0	1000000	0.0000000
3	50000000	51000000	0	0	1000000	0.0000000
3	51000000	52000000	0	0	1000000	0.0000000
3	52000000	53000000	0	0	1000000	0.0000000
3	53000000	54000000	0	0	1000000	0.0000000
3	54000000	55000000	0	0	1000000	0.0000000
3	55000000	56000000	0	0	1000000	0.0000000
3	56000000	57000000	0	0	1000000	0.0000000
3	57000000	58000000	0	0	1000000	0.0000000
3	58000000	59000000	0	0	1000000	0.0000000
3	59000000	60000000	0	0	1000000	0.0000000
3	60000000	61000000	0	0	1000000	0.0000000
3	61000000	62000000	0	0	1000000	0.0000000
3	62000000	63000000	0	0	1000000	0.0000000
3	63000000	64000000	0	0	1000000	0.0000000
3	64000000	65000000	0	0	1000000	0.0000000
3	65000000	66000000	0	0	1000000	0.0000000
3	66000000	67000000	0	0	1000000	0.0000000
3	67000000	68000000	0	0	1000000	0.0000000
3	68000000	69000000	0	0	1000000	0.0000000
3	69000000	70000000	0	0	1000000	0.0000000
3	70000000	71000000	0	0	1000000	0.0000000
3	71000000	72000000	0	0	1000000	0.0000000
3	72000000	73000000	0	0	1000000	0.0000000
3	73000000	74000000	0	0	1000000	0.0000000
3	74000000	75000000	0	0	1000000	0.0000000
3	75000000	76000000	0	0	1000000	0.0000000
3	76000000	77000000	0	0	1000000	0.0000000
3	77000000	78000000	0	0	1000000	0.0000000
3	78000000	79000000	0	0	1000000	0.0000000
3	79000000	80000000	0	0	1000000	0.0000000
3	80000000	81000000	0	0	1000000	0.0000000
3	81000000	82000000	0	0	1000000	0.0000000
3	82000000	83000000	0	0	1000000	0.0000000
3	83000000	84000000	0	0	1000000	0.0000000
3	84000000	85000000	0	0	1000000	0.0000000
3	85000000	86000000	0	0	1000000	0.0000000
3	86000000	87000000	0	0	1000000	0.0000000
3	87000000	88000000	0	0	1000000	0.0000000
3	88000000	89000000	1	151574	1000000	0.1515740
3	89000000	90000000	1	1000000	1000000	1.0000000
3	90000000	91000000	1	1000000	1000000	1.0000000
3	91000000	92000000	1	1000000	1000000	1.0000000
3	92000000	93000000	1	1000000	1000000	1.0000000
3	93000000	94000000	1	1000000	1000000	1.0000000
3	94000000	95000000	1	1000000	1000000	1.0000000
3	95000000	96000000	1	1000000	1000000	1.0000000
3	96000000	97000000	1	1000000	1000000	1.0000000
3	97000000	98000000	1	1000000	1000000	1.0000000
3	98000000	99000000	1	1000000	1000000	1.0000000
3	99000000	100000000	1	1000000	1000000	1.0000000
3	100000000	101000000	1	1000000	1000000	1.0000000
3	101000000	102000000	1	1000000	1000000	1.0000000
3	102000000	103000000	1	218167	1000000	0.2181670
3	103000000	104000000	0	0	1000000	0.0000000
3	104000000	105000000	1	661589	1000000	0.6615890
3	105000000	106000000	1	1000000	1000000	1.0000000
3	106000000	107000000	1	1000000	1000000	1.0000000
3	107000000	108000000	1	1000000	1000000	1.0000000
3	108000000	109000000	1	1000000	1000000	1.0000000
3	109000000	110000000	1	1000000	1000000	1.0000000
3	110000000	111000000	1	1000000	1000000	1.0000000
3	111000000	112000000	1	443015	1000000	0.4430150
3	112000000	113000000	0	0	1000000	0.0000000
3	113000000	114000000	1	409469	1000000	0.4094690
3	114000000	115000000	1	1000000	1000000	1.0000000
3	115000000	116000000	1	1000000	1000000	1.0000000
3	116000000	117000000	1	1000000	1000000	1.0000000
3	117000000	118000000	1	1000000	1000000	1.0000000
3	118000000	119000000	1	1000000	1000000	1.0000000
3	119000000	120000000	1	1000000	1000000	1.0000000
3	120000000	121000000	1	1000000	1000000	1.0000000
3	121000000	122000000	1	1000000	1000000	1.0000000
3	122000000	123000000	1	1000000	1000000	1.0000000
3	123000000	124000000	1	1000000	1000000	1.0000000
3	124000000	125000000	2	872298	1000000	0.8722980
3	125000000	126000000	1	1000000	1000000	1.0000000
3	126000000	127000000	1	1000000	1000000	1.0000000
3	127000000	128000000	1	1000000	1000000	1.0000000
3	128000000	129000000	1	1000000	1000000	1.0000000
3	129000000	130000000	1	1000000	1000000	1.0000000
3	130000000	131000000	1	1000000	1000000	1.0000000
3	131000000	132000000	1	1000000	1000000	1.0000000
3	132000000	133000000	1	1000000	1000000	1.0000000
3	133000000	134000000	1	1000000	1000000	1.0000000
3	134000000	135000000	1	1000000	1000000	1.0000000
3	135000000	136000000	1	969913	1000000	0.9699130
3	136000000	137000000	0	0	1000000	0.0000000
3	137000000	138000000	1	908797	1000000	0.9087970
3	138000000	139000000	2	793425	1000000	0.7934250
3	139000000	140000000	1	920424	1000000	0.9204240
3	140000000	141000000	1	976397	1000000	0.9763970
3	141000000	142000000	1	1000000	1000000	1.0000000
3	142000000	143000000	1	1000000	1000000	1.0000000
3	143000000	144000000	1	797423	1000000	0.7974230
3	144000000	145000000	0	0	1000000	0.0000000
3	145000000	146000000	0	0	1000000	0.0000000
3	146000000	147000000	0	0	1000000	0.0000000
3	147000000	148000000	0	0	1000000	0.0000000
3	148000000	149000000	0	0	1000000	0.0000000
3	149000000	150000000	0	0	1000000	0.0000000
3	150000000	151000000	0	0	1000000	0.0000000
3	151000000	152000000	0	0	1000000	0.0000000
3	152000000	153000000	0	0	1000000	0.0000000
3	153000000	154000000	0	0	1000000	0.0000000
3	154000000	155000000	0	0	1000000	0.0000000
3	155000000	156000000	0	0	1000000	0.0000000
3	156000000	157000000	0	0	1000000	0.0000000
3	157000000	158000000	0	0	1000000	0.0000000
3	158000000	159000000	0	0	1000000	0.0000000
3	159000000	160000000	0	0	1000000	0.0000000
3	160000000	161000000	0	0	1000000	0.0000000
3	161000000	162000000	0	0	1000000	0.0000000
3	162000000	163000000	0	0	1000000	0.0000000
3	163000000	164000000	0	0	1000000	0.0000000
3	164000000	165000000	0	0	1000000	0.0000000
3	165000000	166000000	0	0	1000000	0.0000000
3	166000000	167000000	0	0	1000000	0.0000000
3	167000000	168000000	0	0	1000000	0.0000000
3	168000000	169000000	0	0	1000000	0.0000000
3	169000000	170000000	0	0	1000000	0.0000000
3	170000000	171000000	0	0	1000000	0.0000000
3	171000000	172000000	0	0	1000000	0.0000000
3	172000000	173000000	0	0	1000000	0.0000000
3	173000000	174000000	0	0	1000000	0.0000000
3	174000000	175000000	0	0	1000000	0.0000000
3	175000000	176000000	0	0	1000000	0.0000000
3	176000000	177000000	0	0	1000000	0.0000000
3	177000000	178000000	0	0	1000000	0.0000000
3	178000000	179000000	0	0	1000000	0.0000000
3	179000000	180000000	0	0	1000000	0.0000000
3	180000000	181000000	0	0	1000000	0.0000000
3	181000000	182000000	0	0	1000000	0.0000000
3	182000000	183000000	0	0	1000000	0.0000000
3	183000000	184000000	0	0	1000000	0.0000000
3	184000000	185000000	0	0	1000000	0.0000000
3	185000000	186000000	0	0	1000000	0.0000000
3	186000000	187000000	0	0	1000000	0.0000000
3	187000000	188000000	0	0	1000000	0.0000000
3	188000000	189000000	0	0	1000000	0.0000000
3	189000000	190000000	0	0	1000000	0.0000000
3	190000000	191000000	0	0	1000000	0.0000000
3	191000000	192000000	0	0	1000000	0.0000000
3	192000000	193000000	0	0	1000000	0.0000000
3	193000000	194000000	0	0	1000000	0.0000000
3	194000000	195000000	0	0	1000000	0.0000000
3	195000000	196000000	0	0	1000000	0.0000000
3	196000000	197000000	0	0	1000000	0.0000000
3	197000000	198000000	0	0	1000000	0.0000000
3	198000000	199000000	0	0	1000000	0.0000000
3	199000000	200000000	0	0	1000000	0.0000000
3	200000000	201000000	0	0	1000000	0.0000000
3	201000000	202000000	0	0	1000000	0.0000000
3	202000000	203000000	0	0	1000000	0.0000000
3	203000000	204000000	0	0	1000000	0.0000000
3	204000000	205000000	0	0	1000000	0.0000000
3	205000000	206000000	0	0	1000000	0.0000000
3	206000000	207000000	0	0	1000000	0.0000000
3	207000000	208000000	0	0	1000000	0.0000000
3	208000000	209000000	0	0	1000000	0.0000000
3	209000000	210000000	0	0	1000000	0.0000000
3	210000000	211000000	0	0	1000000	0.0000000
3	211000000	212000000	0	0	1000000	0.0000000
3	212000000	213000000	0	0	1000000	0.0000000
3	213000000	214000000	0	0	1000000	0.0000000
3	214000000	215000000	0	0	1000000	0.0000000
3	215000000	216000000	0	0	1000000	0.0000000
3	216000000	217000000	0	0	1000000	0.0000000
3	217000000	218000000	0	0	1000000	0.0000000
3	218000000	219000000	0	0	1000000	0.0000000
3	219000000	220000000	0	0	1000000	0.0000000
3	220000000	221000000	0	0	1000000	0.0000000
3	221000000	222000000	0	0	1000000	0.0000000
3	222000000	223000000	0	0	1000000	0.0000000
3	223000000	224000000	0	0	1000000	0.0000000
3	224000000	225000000	0	0	1000000	0.0000000
3	225000000	226000000	0	0	1000000	0.0000000
3	226000000	227000000	0	0	1000000	0.0000000
3	227000000	228000000	0	0	1000000	0.0000000
3	228000000	229000000	0	0	1000000	0.0000000
3	229000000	230000000	0	0	1000000	0.0000000
3	230000000	231000000	0	0	1000000	0.0000000
3	231000000	232000000	0	0	1000000	0.0000000
3	232000000	233000000	0	0	1000000	0.0000000
3	233000000	234000000	1	519439	1000000	0.5194390
3	234000000	235000000	1	1000000	1000000	1.0000000
3	235000000	235667834	1	589368	667834	0.8825067
4	0	1000000	0	0	1000000	0.0000000
4	1000000	2000000	0	0	1000000	0.0000000
4	2000000	3000000	0	0	1000000	0.0000000
4	3000000	4000000	0	0	1000000	0.0000000
4	4000000	5000000	0	0	1000000	0.0000000
4	5000000	6000000	0	0	1000000	0.0000000
4	6000000	7000000	0	0	1000000	0.0000000
4	7000000	8000000	0	0	1000000	0.0000000
4	8000000	9000000	0	0	1000000	0.0000000
4	9000000	10000000	0	0	1000000	0.0000000
4	10000000	11000000	0	0	1000000	0.0000000
4	11000000	12000000	0	0	1000000	0.0000000
4	12000000	13000000	0	0	1000000	0.0000000
4	13000000	14000000	0	0	1000000	0.0000000
4	14000000	15000000	0	0	1000000	0.0000000
4	15000000	16000000	0	0	1000000	0.0000000
4	16000000	17000000	0	0	1000000	0.0000000
4	17000000	18000000	0	0	1000000	0.0000000
4	18000000	19000000	0	0	1000000	0.0000000
4	19000000	20000000	0	0	1000000	0.0000000
4	20000000	21000000	0	0	1000000	0.0000000
4	21000000	22000000	0	0	1000000	0.0000000
4	22000000	23000000	0	0	1000000	0.0000000
4	23000000	24000000	0	0	1000000	0.0000000
4	24000000	25000000	0	0	1000000	0.0000000
4	25000000	26000000	1	516391	1000000	0.5163910
4	26000000	27000000	1	481894	1000000	0.4818940
4	27000000	28000000	2	707353	1000000	0.7073530
4	28000000	29000000	1	1000000	1000000	1.0000000
4	29000000	30000000	1	1000000	1000000	1.0000000
4	30000000	31000000	1	1000000	1000000	1.0000000
4	31000000	32000000	1	1000000	1000000	1.0000000
4	32000000	33000000	1	1000000	1000000	1.0000000
4	33000000	34000000	1	1000000	1000000	1.0000000
4	34000000	35000000	1	1000000	1000000	1.0000000
4	35000000	36000000	1	1000000	1000000	1.0000000
4	36000000	37000000	1	1000000	1000000	1.0000000
4	37000000	38000000	1	1000000	1000000	1.0000000
4	38000000	39000000	1	1000000	1000000	1.0000000
4	39000000	40000000	1	1000000	1000000	1.0000000
4	40000000	41000000	1	1000000	1000000	1.0000000
4	41000000	42000000	1	1000000	1000000	1.0000000
4	42000000	43000000	2	697942	1000000	0.6979420
4	43000000	44000000	1	1000000	1000000	1.0000000
4	44000000	45000000	1	1000000	1000000	1.0000000
4	45000000	46000000	1	1000000	1000000	1.0000000
4	46000000	47000000	1	1000000	1000000	1.0000000
4	47000000	48000000	1	1000000	1000000	1.0000000
4	48000000	49000000	1	1000000	1000000	1.0000000
4	49000000	50000000	1	846180	1000000	0.8461800
4	50000000	51000000	1	989976	1000000	0.9899760
4	51000000	52000000	1	1000000	1000000	1.0000000
4	52000000	53000000	1	1000000	1000000	1.0000000
4	53000000	54000000	1	1000000	1000000	1.0000000
4	54000000	55000000	1	1000000	1000000	1.0000000
4	55000000	56000000	1	1000000	1000000	1.0000000
4	56000000	57000000	1	343886	1000000	0.3438860
4	57000000	58000000	1	583827	1000000	0.5838270
4	58000000	59000000	1	1000000	1000000	1.0000000
4	59000000	60000000	1	1000000	1000000	1.0000000
4	60000000	61000000	1	287213	1000000	0.2872130
4	61000000	62000000	0	0	1000000	0.0000000
4	62000000	63000000	1	578804	1000000	0.5788040
4	63000000	64000000	1	1000000	1000000	1.0000000
4	64000000	65000000	1	1000000	1000000	1.0000000
4	65000000	66000000	1	1000000	1000000	1.0000000
4	66000000	67000000	1	1000000	1000000	1.0000000
4	67000000	68000000	1	241981	1000000	0.2419810
4	68000000	69000000	0	0	1000000	0.0000000
4	69000000	70000000	1	20392	1000000	0.0203920
4	70000000	71000000	1	1000000	1000000	1.0000000
4	71000000	72000000	2	573278	1000000	0.5732780
4	72000000	73000000	1	1000000	1000000	1.0000000
4	73000000	74000000	1	1000000	1000000	1.0000000
4	74000000	75000000	1	625017	1000000	0.6250170
4	75000000	76000000	1	463123	1000000	0.4631230
4	76000000	77000000	1	1000000	1000000	1.0000000
4	77000000	78000000	1	1000000	1000000	1.0000000
4	78000000	79000000	1	1000000	1000000	1.0000000
4	79000000	80000000	1	1000000	1000000	1.0000000
4	80000000	81000000	1	1000000	1000000	1.0000000
4	81000000	82000000	1	1000000	1000000	1.0000000
4	82000000	83000000	1	1000000	1000000	1.0000000
4	83000000	84000000	1	1000000	1000000	1.0000000
4	84000000	85000000	1	1000000	1000000	1.0000000
4	85000000	86000000	1	1000000	1000000	1.0000000
4	86000000	87000000	2	961361	1000000	0.9613610
4	87000000	88000000	1	1000000	1000000	1.0000000
4	88000000	89000000	1	622553	1000000	0.6225530
4	89000000	90000000	0	0	1000000	0.0000000
4	90000000	91000000	0	0	1000000	0.0000000
4	91000000	92000000	0	0	1000000	0.0000000
4	92000000	93000000	0	0	1000000	0.0000000
4	93000000	94000000	1	478554	1000000	0.4785540
4	94000000	95000000	1	919425	1000000	0.9194250
4	95000000	96000000	0	0	1000000	0.0000000
4	96000000	97000000	0	0	1000000	0.0000000
4	97000000	98000000	0	0	1000000	0.0000000
4	98000000	99000000	0	0	1000000	0.0000000
4	99000000	100000000	1	853078	1000000	0.8530780
4	100000000	101000000	1	1000000	1000000	1.0000000
4	101000000	102000000	1	1000000	1000000	1.0000000
4	102000000	103000000	1	1000000	1000000	1.0000000
4	103000000	104000000	1	1000000	1000000	1.0000000
4	104000000	105000000	1	1000000	1000000	1.0000000
4	105000000	106000000	1	1000000	1000000	1.0000000
4	106000000	107000000	1	1000000	1000000	1.0000000
4	107000000	108000000	1	1000000	1000000	1.0000000
4	108000000	109000000	1	1000000	1000000	1.0000000
4	109000000	110000000	1	1000000	1000000	1.0000000
4	110000000	111000000	1	1000000	1000000	1.0000000
4	111000000	112000000	1	1000000	1000000	1.0000000
4	112000000	113000000	1	1000000	1000000	1.0000000
4	113000000	114000000	1	1000000	1000000	1.0000000
4	114000000	115000000	1	1000000	1000000	1.0000000
4	115000000	116000000	1	1000000	1000000	1.0000000
4	116000000	117000000	1	1000000	1000000	1.0000000
4	117000000	118000000	1	1000000	1000000	1.0000000
4	118000000	119000000	1	1000000	1000000	1.0000000
4	119000000	120000000	1	1000000	1000000	1.0000000
4	120000000	121000000	1	1000000	1000000	1.0000000
4	121000000	122000000	1	1000000	1000000	1.0000000
4	122000000	123000000	1	1000000	1000000	1.0000000
4	123000000	124000000	1	1000000	1000000	1.0000000
4	124000000	125000000	1	1000000	1000000	1.0000000
4	125000000	126000000	1	1000000	1000000	1.0000000
4	126000000	127000000	1	1000000	1000000	1.0000000
4	127000000	128000000	1	1000000	1000000	1.0000000
4	128000000	129000000	1	1000000	1000000	1.0000000
4	129000000	130000000	1	1000000	1000000	1.0000000
4	130000000	131000000	1	1000000	1000000	1.0000000
4	131000000	132000000	1	1000000	1000000	1.0000000
4	132000000	133000000	1	1000000	1000000	1.0000000
4	133000000	134000000	1	1000000	1000000	1.0000000
4	134000000	135000000	1	1000000	1000000	1.0000000
4	135000000	136000000	1	1000000	1000000	1.0000000
4	136000000	137000000	1	1000000	1000000	1.0000000
4	137000000	138000000	1	1000000	1000000	1.0000000
4	138000000	139000000	1	1000000	1000000	1.0000000
4	139000000	140000000	1	1000000	1000000	1.0000000
4	140000000	141000000	1	1000000	1000000	1.0000000
4	141000000	142000000	1	1000000	1000000	1.0000000
4	142000000	143000000	1	1000000	1000000	1.0000000
4	143000000	144000000	1	1000000	1000000	1.0000000
4	144000000	145000000	1	1000000	1000000	1.0000000
4	145000000	146000000	1	1000000	1000000	1.0000000
4	146000000	147000000	1	1000000	1000000	1.0000000
4	147000000	148000000	1	1000000	1000000	1.0000000
4	148000000	149000000	1	1000000	1000000	1.0000000
4	149000000	150000000	1	1000000	1000000	1.0000000
4	150000000	151000000	1	1000000	1000000	1.0000000
4	151000000	152000000	1	1000000	1000000	1.0000000
4	152000000	153000000	1	1000000	1000000	1.0000000
4	153000000	154000000	1	1000000	1000000	1.0000000
4	154000000	155000000	1	1000000	1000000	1.0000000
4	155000000	156000000	1	1000000	1000000	1.0000000
4	156000000	157000000	1	1000000	1000000	1.0000000
4	157000000	158000000	1	1000000	1000000	1.0000000
4	158000000	159000000	1	1000000	1000000	1.0000000
4	159000000	160000000	1	1000000	1000000	1.0000000
4	160000000	161000000	1	1000000	1000000	1.0000000
4	161000000	162000000	1	1000000	1000000	1.0000000
4	162000000	163000000	1	1000000	1000000	1.0000000
4	163000000	164000000	1	1000000	1000000	1.0000000
4	164000000	165000000	1	1000000	1000000	1.0000000
4	165000000	166000000	1	883431	1000000	0.8834310
4	166000000	167000000	1	56604	1000000	0.0566040
4	167000000	168000000	1	195867	1000000	0.1958670
4	168000000	169000000	1	466430	1000000	0.4664300
4	169000000	170000000	1	1000000	1000000	1.0000000
4	170000000	171000000	2	636549	1000000	0.6365490
4	171000000	172000000	1	1000000	1000000	1.0000000
4	172000000	173000000	1	1000000	1000000	1.0000000
4	173000000	174000000	1	1000000	1000000	1.0000000
4	174000000	175000000	1	1000000	1000000	1.0000000
4	175000000	176000000	1	1000000	1000000	1.0000000
4	176000000	177000000	1	1000000	1000000	1.0000000
4	177000000	178000000	1	1000000	1000000	1.0000000
4	178000000	179000000	1	1000000	1000000	1.0000000
4	179000000	180000000	1	1000000	1000000	1.0000000
4	180000000	181000000	1	1000000	1000000	1.0000000
4	181000000	182000000	1	1000000	1000000	1.0000000
4	182000000	183000000	2	913101	1000000	0.9131010
4	183000000	184000000	1	1000000	1000000	1.0000000
4	184000000	185000000	1	1000000	1000000	1.0000000
4	185000000	186000000	1	1000000	1000000	1.0000000
4	186000000	187000000	1	145605	1000000	0.1456050
4	187000000	188000000	0	0	1000000	0.0000000
4	188000000	189000000	0	0	1000000	0.0000000
4	189000000	190000000	0	0	1000000	0.0000000
4	190000000	191000000	0	0	1000000	0.0000000
4	191000000	192000000	0	0	1000000	0.0000000
4	192000000	193000000	0	0	1000000	0.0000000
4	193000000	194000000	0	0	1000000	0.0000000
4	194000000	195000000	0	0	1000000	0.0000000
4	195000000	196000000	0	0	1000000	0.0000000
4	196000000	197000000	0	0	1000000	0.0000000
4	197000000	198000000	1	547985	1000000	0.5479850
4	198000000	199000000	1	1000000	1000000	1.0000000
4	199000000	200000000	2	678922	1000000	0.6789220
4	200000000	201000000	1	52657	1000000	0.0526570
4	201000000	202000000	1	812550	1000000	0.8125500
4	202000000	203000000	1	1000000	1000000	1.0000000
4	203000000	204000000	1	1000000	1000000	1.0000000
4	204000000	205000000	1	328148	1000000	0.3281480
4	205000000	206000000	0	0	1000000	0.0000000
4	206000000	207000000	0	0	1000000	0.0000000
4	207000000	208000000	0	0	1000000	0.0000000
4	208000000	209000000	0	0	1000000	0.0000000
4	209000000	210000000	0	0	1000000	0.0000000
4	210000000	211000000	0	0	1000000	0.0000000
4	211000000	212000000	0	0	1000000	0.0000000
4	212000000	213000000	0	0	1000000	0.0000000
4	213000000	214000000	0	0	1000000	0.0000000
4	214000000	215000000	0	0	1000000	0.0000000
4	215000000	216000000	0	0	1000000	0.0000000
4	216000000	217000000	0	0	1000000	0.0000000
4	217000000	218000000	0	0	1000000	0.0000000
4	218000000	219000000	0	0	1000000	0.0000000
4	219000000	220000000	1	675296	1000000	0.6752960
4	220000000	221000000	1	1000000	1000000	1.0000000
4	221000000	222000000	1	578465	1000000	0.5784650
4	222000000	223000000	0	0	1000000	0.0000000
4	223000000	224000000	0	0	1000000	0.0000000
4	224000000	225000000	1	102586	1000000	0.1025860
4	225000000	226000000	1	276778	1000000	0.2767780
4	226000000	227000000	0	0	1000000	0.0000000
4	227000000	228000000	0	0	1000000	0.0000000
4	228000000	229000000	1	637014	1000000	0.6370140
4	229000000	230000000	1	1000000	1000000	1.0000000
4	230000000	231000000	1	1000000	1000000	1.0000000
4	231000000	232000000	1	1000000	1000000	1.0000000
4	232000000	233000000	2	866678	1000000	0.8666780
4	233000000	234000000	2	950808	1000000	0.9508080
4	234000000	235000000	1	1000000	1000000	1.0000000
4	235000000	236000000	1	1000000	1000000	1.0000000
4	236000000	237000000	1	1000000	1000000	1.0000000
4	237000000	238000000	1	1000000	1000000	1.0000000
4	238000000	239000000	1	1000000	1000000	1.0000000
4	239000000	240000000	2	923129	1000000	0.9231290
4	240000000	241000000	2	960245	1000000	0.9602450
4	241000000	242000000	1	1000000	1000000	1.0000000
4	242000000	243000000	1	1000000	1000000	1.0000000
4	243000000	244000000	2	823524	1000000	0.8235240
4	244000000	245000000	1	901087	1000000	0.9010870
4	245000000	246000000	1	968269	1000000	0.9682690
4	246000000	246994605	1	614423	994605	0.6177558
5	0	1000000	1	907462	1000000	0.9074620
5	1000000	2000000	1	1000000	1000000	1.0000000
5	2000000	3000000	1	1000000	1000000	1.0000000
5	3000000	4000000	1	1000000	1000000	1.0000000
5	4000000	5000000	1	1000000	1000000	1.0000000
5	5000000	6000000	1	1000000	1000000	1.0000000
5	6000000	7000000	1	1000000	1000000	1.0000000
5	7000000	8000000	1	1000000	1000000	1.0000000
5	8000000	9000000	1	1000000	1000000	1.0000000
5	9000000	10000000	1	1000000	1000000	1.0000000
5	10000000	11000000	1	1000000	1000000	1.0000000
5	11000000	12000000	1	1000000	1000000	1.0000000
5	12000000	13000000	1	1000000	1000000	1.0000000
5	13000000	14000000	1	1000000	1000000	1.0000000
5	14000000	15000000	1	1000000	1000000	1.0000000
5	15000000	16000000	1	1000000	1000000	1.0000000
5	16000000	17000000	1	1000000	1000000	1.0000000
5	17000000	18000000	1	1000000	1000000	1.0000000
5	18000000	19000000	1	1000000	1000000	1.0000000
5	19000000	20000000	1	1000000	1000000	1.0000000
5	20000000	21000000	1	1000000	1000000	1.0000000
5	21000000	22000000	1	1000000	1000000	1.0000000
5	22000000	23000000	1	1000000	1000000	1.0000000
5	23000000	24000000	1	1000000	1000000	1.0000000
5	24000000	25000000	1	1000000	1000000	1.0000000
5	25000000	26000000	1	523534	1000000	0.5235340
5	26000000	27000000	1	460018	1000000	0.4600180
5	27000000	28000000	1	1000000	1000000	1.0000000
5	28000000	29000000	1	1000000	1000000	1.0000000
5	29000000	30000000	1	1000000	1000000	1.0000000
5	30000000	31000000	1	1000000	1000000	1.0000000
5	31000000	32000000	1	1000000	1000000	1.0000000
5	32000000	33000000	1	1000000	1000000	1.0000000
5	33000000	34000000	1	1000000	1000000	1.0000000
5	34000000	35000000	1	1000000	1000000	1.0000000
5	35000000	36000000	1	1000000	1000000	1.0000000
5	36000000	37000000	1	1000000	1000000	1.0000000
5	37000000	38000000	1	1000000	1000000	1.0000000
5	38000000	39000000	1	1000000	1000000	1.0000000
5	39000000	40000000	1	1000000	1000000	1.0000000
5	40000000	41000000	1	497737	1000000	0.4977370
5	41000000	42000000	0	0	1000000	0.0000000
5	42000000	43000000	0	0	1000000	0.0000000
5	43000000	44000000	0	0	1000000	0.0000000
5	44000000	45000000	0	0	1000000	0.0000000
5	45000000	46000000	1	871070	1000000	0.8710700
5	46000000	47000000	1	1000000	1000000	1.0000000
5	47000000	48000000	1	427572	1000000	0.4275720
5	48000000	49000000	0	0	1000000	0.0000000
5	49000000	50000000	0	0	1000000	0.0000000
5	50000000	51000000	0	0	1000000	0.0000000
5	51000000	52000000	0	0	1000000	0.0000000
5	52000000	53000000	0	0	1000000	0.0000000
5	53000000	54000000	0	0	1000000	0.0000000
5	54000000	55000000	0	0	1000000	0.0000000
5	55000000	56000000	0	0	1000000	0.0000000
5	56000000	57000000	0	0	1000000	0.0000000
5	57000000	58000000	0	0	1000000	0.0000000
5	58000000	59000000	0	0	1000000	0.0000000
5	59000000	60000000	0	0	1000000	0.0000000
5	60000000	61000000	0	0	1000000	0.0000000
5	61000000	62000000	0	0	1000000	0.0000000
5	62000000	63000000	0	0	1000000	0.0000000
5	63000000	64000000	0	0	1000000	0.0000000
5	64000000	65000000	0	0	1000000	0.0000000
5	65000000	66000000	0	0	1000000	0.0000000
5	66000000	67000000	0	0	1000000	0.0000000
5	67000000	68000000	0	0	1000000	0.0000000
5	68000000	69000000	0	0	1000000	0.0000000
5	69000000	70000000	0	0	1000000	0.0000000
5	70000000	71000000	0	0	1000000	0.0000000
5	71000000	72000000	0	0	1000000	0.0000000
5	72000000	73000000	0	0	1000000	0.0000000
5	73000000	74000000	0	0	1000000	0.0000000
5	74000000	75000000	0	0	1000000	0.0000000
5	75000000	76000000	0	0	1000000	0.0000000
5	76000000	77000000	0	0	1000000	0.0000000
5	77000000	78000000	0	0	1000000	0.0000000
5	78000000	79000000	0	0	1000000	0.0000000
5	79000000	80000000	0	0	1000000	0.0000000
5	80000000	81000000	0	0	1000000	0.0000000
5	81000000	82000000	0	0	1000000	0.0000000
5	82000000	83000000	0	0	1000000	0.0000000
5	83000000	84000000	0	0	1000000	0.0000000
5	84000000	85000000	0	0	1000000	0.0000000
5	85000000	86000000	0	0	1000000	0.0000000
5	86000000	87000000	0	0	1000000	0.0000000
5	87000000	88000000	0	0	1000000	0.0000000
5	88000000	89000000	0	0	1000000	0.0000000
5	89000000	90000000	0	0	1000000	0.0000000
5	90000000	91000000	0	0	1000000	0.0000000
5	91000000	92000000	0	0	1000000	0.0000000
5	92000000	93000000	0	0	1000000	0.0000000
5	93000000	94000000	0	0	1000000	0.0000000
5	94000000	95000000	0	0	1000000	0.0000000
5	95000000	96000000	0	0	1000000	0.0000000
5	96000000	97000000	0	0	1000000	0.0000000
5	97000000	98000000	0	0	1000000	0.0000000
5	98000000	99000000	0	0	1000000	0.0000000
5	99000000	100000000	0	0	1000000	0.0000000
5	100000000	101000000	0	0	1000000	0.0000000
5	101000000	102000000	0	0	1000000	0.0000000
5	102000000	103000000	0	0	1000000	0.0000000
5	103000000	104000000	0	0	1000000	0.0000000
5	104000000	105000000	0	0	1000000	0.0000000
5	105000000	106000000	1	431	1000000	0.0004310
5	106000000	107000000	0	0	1000000	0.0000000
5	107000000	108000000	0	0	1000000	0.0000000
5	108000000	109000000	0	0	1000000	0.0000000
5	109000000	110000000	0	0	1000000	0.0000000
5	110000000	111000000	0	0	1000000	0.0000000
5	111000000	112000000	0	0	1000000	0.0000000
5	112000000	113000000	0	0	1000000	0.0000000
5	113000000	114000000	0	0	1000000	0.0000000
5	114000000	115000000	0	0	1000000	0.0000000
5	115000000	116000000	0	0	1000000	0.0000000
5	116000000	117000000	0	0	1000000	0.0000000
5	117000000	118000000	0	0	1000000	0.0000000
5	118000000	119000000	0	0	1000000	0.0000000
5	119000000	120000000	0	0	1000000	0.0000000
5	120000000	121000000	0	0	1000000	0.0000000
5	121000000	122000000	0	0	1000000	0.0000000
5	122000000	123000000	0	0	1000000	0.0000000
5	123000000	124000000	0	0	1000000	0.0000000
5	124000000	125000000	0	0	1000000	0.0000000
5	125000000	126000000	0	0	1000000	0.0000000
5	126000000	127000000	0	0	1000000	0.0000000
5	127000000	128000000	0	0	1000000	0.0000000
5	128000000	129000000	0	0	1000000	0.0000000
5	129000000	130000000	0	0	1000000	0.0000000
5	130000000	131000000	0	0	1000000	0.0000000
5	131000000	132000000	0	0	1000000	0.0000000
5	132000000	133000000	0	0	1000000	0.0000000
5	133000000	134000000	0	0	1000000	0.0000000
5	134000000	135000000	0	0	1000000	0.0000000
5	135000000	136000000	0	0	1000000	0.0000000
5	136000000	137000000	0	0	1000000	0.0000000
5	137000000	138000000	0	0	1000000	0.0000000
5	138000000	139000000	0	0	1000000	0.0000000
5	139000000	140000000	0	0	1000000	0.0000000
5	140000000	141000000	0	0	1000000	0.0000000
5	141000000	142000000	0	0	1000000	0.0000000
5	142000000	143000000	0	0	1000000	0.0000000
5	143000000	144000000	0	0	1000000	0.0000000
5	144000000	145000000	0	0	1000000	0.0000000
5	145000000	146000000	0	0	1000000	0.0000000
5	146000000	147000000	0	0	1000000	0.0000000
5	147000000	148000000	0	0	1000000	0.0000000
5	148000000	149000000	0	0	1000000	0.0000000
5	149000000	150000000	0	0	1000000	0.0000000
5	150000000	151000000	0	0	1000000	0.0000000
5	151000000	152000000	0	0	1000000	0.0000000
5	152000000	153000000	0	0	1000000	0.0000000
5	153000000	154000000	0	0	1000000	0.0000000
5	154000000	155000000	0	0	1000000	0.0000000
5	155000000	156000000	0	0	1000000	0.0000000
5	156000000	157000000	0	0	1000000	0.0000000
5	157000000	158000000	0	0	1000000	0.0000000
5	158000000	159000000	0	0	1000000	0.0000000
5	159000000	160000000	0	0	1000000	0.0000000
5	160000000	161000000	0	0	1000000	0.0000000
5	161000000	162000000	0	0	1000000	0.0000000
5	162000000	163000000	0	0	1000000	0.0000000
5	163000000	164000000	0	0	1000000	0.0000000
5	164000000	165000000	0	0	1000000	0.0000000
5	165000000	166000000	0	0	1000000	0.0000000
5	166000000	167000000	0	0	1000000	0.0000000
5	167000000	168000000	0	0	1000000	0.0000000
5	168000000	169000000	0	0	1000000	0.0000000
5	169000000	170000000	0	0	1000000	0.0000000
5	170000000	171000000	0	0	1000000	0.0000000
5	171000000	172000000	0	0	1000000	0.0000000
5	172000000	173000000	0	0	1000000	0.0000000
5	173000000	174000000	0	0	1000000	0.0000000
5	174000000	175000000	0	0	1000000	0.0000000
5	175000000	176000000	0	0	1000000	0.0000000
5	176000000	177000000	0	0	1000000	0.0000000
5	177000000	178000000	0	0	1000000	0.0000000
5	178000000	179000000	0	0	1000000	0.0000000
5	179000000	180000000	0	0	1000000	0.0000000
5	180000000	181000000	0	0	1000000	0.0000000
5	181000000	182000000	0	0	1000000	0.0000000
5	182000000	183000000	0	0	1000000	0.0000000
5	183000000	184000000	0	0	1000000	0.0000000
5	184000000	185000000	0	0	1000000	0.0000000
5	185000000	186000000	0	0	1000000	0.0000000
5	186000000	187000000	0	0	1000000	0.0000000
5	187000000	188000000	0	0	1000000	0.0000000
5	188000000	189000000	0	0	1000000	0.0000000
5	189000000	190000000	0	0	1000000	0.0000000
5	190000000	191000000	0	0	1000000	0.0000000
5	191000000	192000000	0	0	1000000	0.0000000
5	192000000	193000000	0	0	1000000	0.0000000
5	193000000	194000000	0	0	1000000	0.0000000
5	194000000	195000000	0	0	1000000	0.0000000
5	195000000	196000000	0	0	1000000	0.0000000
5	196000000	197000000	0	0	1000000	0.0000000
5	197000000	198000000	0	0	1000000	0.0000000
5	198000000	199000000	0	0	1000000	0.0000000
5	199000000	200000000	0	0	1000000	0.0000000
5	200000000	201000000	0	0	1000000	0.0000000
5	201000000	202000000	0	0	1000000	0.0000000
5	202000000	203000000	0	0	1000000	0.0000000
5	203000000	204000000	0	0	1000000	0.0000000
5	204000000	205000000	0	0	1000000	0.0000000
5	205000000	206000000	0	0	1000000	0.0000000
5	206000000	207000000	0	0	1000000	0.0000000
5	207000000	208000000	0	0	1000000	0.0000000
5	208000000	209000000	0	0	1000000	0.0000000
5	209000000	210000000	0	0	1000000	0.0000000
5	210000000	211000000	0	0	1000000	0.0000000
5	211000000	212000000	0	0	1000000	0.0000000
5	212000000	213000000	0	0	1000000	0.0000000
5	213000000	214000000	0	0	1000000	0.0000000
5	214000000	215000000	0	0	1000000	0.0000000
5	215000000	216000000	0	0	1000000	0.0000000
5	216000000	217000000	0	0	1000000	0.0000000
5	217000000	218000000	0	0	1000000	0.0000000
5	218000000	219000000	0	0	1000000	0.0000000
5	219000000	220000000	0	0	1000000	0.0000000
5	220000000	221000000	0	0	1000000	0.0000000
5	221000000	222000000	0	0	1000000	0.0000000
5	222000000	223000000	0	0	1000000	0.0000000
5	223000000	223902240	0	0	902240	0.0000000
6	0	1000000	0	0	1000000	0.0000000
6	1000000	2000000	0	0	1000000	0.0000000
6	2000000	3000000	0	0	1000000	0.0000000
6	3000000	4000000	0	0	1000000	0.0000000
6	4000000	5000000	0	0	1000000	0.0000000
6	5000000	6000000	0	0	1000000	0.0000000
6	6000000	7000000	0	0	1000000	0.0000000
6	7000000	8000000	0	0	1000000	0.0000000
6	8000000	9000000	0	0	1000000	0.0000000
6	9000000	10000000	0	0	1000000	0.0000000
6	10000000	11000000	0	0	1000000	0.0000000
6	11000000	12000000	0	0	1000000	0.0000000
6	12000000	13000000	0	0	1000000	0.0000000
6	13000000	14000000	0	0	1000000	0.0000000
6	14000000	15000000	0	0	1000000	0.0000000
6	15000000	16000000	0	0	1000000	0.0000000
6	16000000	17000000	0	0	1000000	0.0000000
6	17000000	18000000	0	0	1000000	0.0000000
6	18000000	19000000	0	0	1000000	0.0000000
6	19000000	20000000	0	0	1000000	0.0000000
6	20000000	21000000	0	0	1000000	0.0000000
6	21000000	22000000	0	0	1000000	0.0000000
6	22000000	23000000	0	0	1000000	0.0000000
6	23000000	24000000	0	0	1000000	0.0000000
6	24000000	25000000	0	0	1000000	0.0000000
6	25000000	26000000	0	0	1000000	0.0000000
6	26000000	27000000	0	0	1000000	0.0000000
6	27000000	28000000	0	0	1000000	0.0000000
6	28000000	29000000	0	0	1000000	0.0000000
6	29000000	30000000	0	0	1000000	0.0000000
6	30000000	31000000	0	0	1000000	0.0000000
6	31000000	32000000	0	0	1000000	0.0000000
6	32000000	33000000	0	0	1000000	0.0000000
6	33000000	34000000	0	0	1000000	0.0000000
6	34000000	35000000	0	0	1000000	0.0000000
6	35000000	36000000	0	0	1000000	0.0000000
6	36000000	37000000	0	0	1000000	0.0000000
6	37000000	38000000	0	0	1000000	0.0000000
6	38000000	39000000	0	0	1000000	0.0000000
6	39000000	40000000	0	0	1000000	0.0000000
6	40000000	41000000	0	0	1000000	0.0000000
6	41000000	42000000	0	0	1000000	0.0000000
6	42000000	43000000	0	0	1000000	0.0000000
6	43000000	44000000	0	0	1000000	0.0000000
6	44000000	45000000	0	0	1000000	0.0000000
6	45000000	46000000	0	0	1000000	0.0000000
6	46000000	47000000	0	0	1000000	0.0000000
6	47000000	48000000	0	0	1000000	0.0000000
6	48000000	49000000	0	0	1000000	0.0000000
6	49000000	50000000	0	0	1000000	0.0000000
6	50000000	51000000	0	0	1000000	0.0000000
6	51000000	52000000	0	0	1000000	0.0000000
6	52000000	53000000	0	0	1000000	0.0000000
6	53000000	54000000	1	206567	1000000	0.2065670
6	54000000	55000000	1	1000000	1000000	1.0000000
6	55000000	56000000	1	466921	1000000	0.4669210
6	56000000	57000000	1	178481	1000000	0.1784810
6	57000000	58000000	1	1000000	1000000	1.0000000
6	58000000	59000000	1	1000000	1000000	1.0000000
6	59000000	60000000	1	1000000	1000000	1.0000000
6	60000000	61000000	1	1000000	1000000	1.0000000
6	61000000	62000000	1	1000000	1000000	1.0000000
6	62000000	63000000	1	1000000	1000000	1.0000000
6	63000000	64000000	1	1000000	1000000	1.0000000
6	64000000	65000000	1	1000000	1000000	1.0000000
6	65000000	66000000	1	1000000	1000000	1.0000000
6	66000000	67000000	1	1000000	1000000	1.0000000
6	67000000	68000000	1	1000000	1000000	1.0000000
6	68000000	69000000	1	1000000	1000000	1.0000000
6	69000000	70000000	1	1000000	1000000	1.0000000
6	70000000	71000000	1	1000000	1000000	1.0000000
6	71000000	72000000	1	1000000	1000000	1.0000000
6	72000000	73000000	1	1000000	1000000	1.0000000
6	73000000	74000000	1	1000000	1000000	1.0000000
6	74000000	75000000	1	1000000	1000000	1.0000000
6	75000000	76000000	1	1000000	1000000	1.0000000
6	76000000	77000000	1	1000000	1000000	1.0000000
6	77000000	78000000	1	1000000	1000000	1.0000000
6	78000000	79000000	1	1000000	1000000	1.0000000
6	79000000	80000000	1	1000000	1000000	1.0000000
6	80000000	81000000	1	1000000	1000000	1.0000000
6	81000000	82000000	1	1000000	1000000	1.0000000
6	82000000	83000000	1	1000000	1000000	1.0000000
6	83000000	84000000	1	1000000	1000000	1.0000000
6	84000000	85000000	2	528369	1000000	0.5283690
6	85000000	86000000	1	1000000	1000000	1.0000000
6	86000000	87000000	1	1000000	1000000	1.0000000
6	87000000	88000000	1	1000000	1000000	1.0000000
6	88000000	89000000	1	1000000	1000000	1.0000000
6	89000000	90000000	1	1000000	1000000	1.0000000
6	90000000	91000000	1	1000000	1000000	1.0000000
6	91000000	92000000	1	1000000	1000000	1.0000000
6	92000000	93000000	1	1000000	1000000	1.0000000
6	93000000	94000000	1	1000000	1000000	1.0000000
6	94000000	95000000	1	1000000	1000000	1.0000000
6	95000000	96000000	1	1000000	1000000	1.0000000
6	96000000	97000000	1	1000000	1000000	1.0000000
6	97000000	98000000	1	1000000	1000000	1.0000000
6	98000000	99000000	1	1000000	1000000	1.0000000
6	99000000	100000000	1	1000000	1000000	1.0000000
6	100000000	101000000	1	1000000	1000000	1.0000000
6	101000000	102000000	1	1000000	1000000	1.0000000
6	102000000	103000000	1	1000000	1000000	1.0000000
6	103000000	104000000	1	276544	1000000	0.2765440
6	104000000	105000000	0	0	1000000	0.0000000
6	105000000	106000000	1	560387	1000000	0.5603870
6	106000000	107000000	1	1000000	1000000	1.0000000
6	107000000	108000000	1	1000000	1000000	1.0000000
6	108000000	109000000	1	1000000	1000000	1.0000000
6	109000000	110000000	1	1000000	1000000	1.0000000
6	110000000	111000000	1	138762	1000000	0.1387620
6	111000000	112000000	1	548418	1000000	0.5484180
6	112000000	113000000	1	1000000	1000000	1.0000000
6	113000000	114000000	1	1000000	1000000	1.0000000
6	114000000	115000000	1	1000000	1000000	1.0000000
6	115000000	116000000	1	1000000	1000000	1.0000000
6	116000000	117000000	1	1000000	1000000	1.0000000
6	117000000	118000000	1	1000000	1000000	1.0000000
6	118000000	119000000	1	1000000	1000000	1.0000000
6	119000000	120000000	2	888880	1000000	0.8888800
6	120000000	121000000	1	1000000	1000000	1.0000000
6	121000000	122000000	1	1000000	1000000	1.0000000
6	122000000	123000000	2	959927	1000000	0.9599270
6	123000000	124000000	1	1000000	1000000	1.0000000
6	124000000	125000000	1	1000000	1000000	1.0000000
6	125000000	126000000	1	465714	1000000	0.4657140
6	126000000	127000000	1	548965	1000000	0.5489650
6	127000000	128000000	1	262098	1000000	0.2620980
6	128000000	129000000	0	0	1000000	0.0000000
6	129000000	130000000	0	0	1000000	0.0000000
6	130000000	131000000	0	0	1000000	0.0000000
6	131000000	132000000	0	0	1000000	0.0000000
6	132000000	133000000	0	0	1000000	0.0000000
6	133000000	134000000	0	0	1000000	0.0000000
6	134000000	135000000	0	0	1000000	0.0000000
6	135000000	136000000	0	0	1000000	0.0000000
6	136000000	137000000	0	0	1000000	0.0000000
6	137000000	138000000	0	0	1000000	0.0000000
6	138000000	139000000	0	0	1000000	0.0000000
6	139000000	140000000	0	0	1000000	0.0000000
6	140000000	141000000	0	0	1000000	0.0000000
6	141000000	142000000	0	0	1000000	0.0000000
6	142000000	143000000	0	0	1000000	0.0000000
6	143000000	144000000	0	0	1000000	0.0000000
6	144000000	145000000	0	0	1000000	0.0000000
6	145000000	146000000	0	0	1000000	0.0000000
6	146000000	147000000	0	0	1000000	0.0000000
6	147000000	148000000	0	0	1000000	0.0000000
6	148000000	149000000	0	0	1000000	0.0000000
6	149000000	150000000	0	0	1000000	0.0000000
6	150000000	151000000	0	0	1000000	0.0000000
6	151000000	152000000	0	0	1000000	0.0000000
6	152000000	153000000	0	0	1000000	0.0000000
6	153000000	154000000	0	0	1000000	0.0000000
6	154000000	155000000	0	0	1000000	0.0000000
6	155000000	156000000	0	0	1000000	0.0000000
6	156000000	157000000	0	0	1000000	0.0000000
6	157000000	158000000	0	0	1000000	0.0000000
6	158000000	159000000	0	0	1000000	0.0000000
6	159000000	160000000	0	0	1000000	0.0000000
6	160000000	161000000	0	0	1000000	0.0000000
6	161000000	162000000	0	0	1000000	0.0000000
6	162000000	163000000	0	0	1000000	0.0000000
6	163000000	164000000	0	0	1000000	0.0000000
6	164000000	165000000	0	0	1000000	0.0000000
6	165000000	166000000	0	0	1000000	0.0000000
6	166000000	167000000	0	0	1000000	0.0000000
6	167000000	168000000	0	0	1000000	0.0000000
6	168000000	169000000	0	0	1000000	0.0000000
6	169000000	170000000	0	0	1000000	0.0000000
6	170000000	171000000	0	0	1000000	0.0000000
6	171000000	172000000	0	0	1000000	0.0000000
6	172000000	173000000	0	0	1000000	0.0000000
6	173000000	174000000	0	0	1000000	0.0000000
6	174000000	174033170	0	0	33170	0.0000000
7	0	1000000	0	0	1000000	0.0000000
7	1000000	2000000	0	0	1000000	0.0000000
7	2000000	3000000	0	0	1000000	0.0000000
7	3000000	4000000	0	0	1000000	0.0000000
7	4000000	5000000	0	0	1000000	0.0000000
7	5000000	6000000	0	0	1000000	0.0000000
7	6000000	7000000	0	0	1000000	0.0000000
7	7000000	8000000	0	0	1000000	0.0000000
7	8000000	9000000	0	0	1000000	0.0000000
7	9000000	10000000	0	0	1000000	0.0000000
7	10000000	11000000	0	0	1000000	0.0000000
7	11000000	12000000	0	0	1000000	0.0000000
7	12000000	13000000	0	0	1000000	0.0000000
7	13000000	14000000	0	0	1000000	0.0000000
7	14000000	15000000	0	0	1000000	0.0000000
7	15000000	16000000	0	0	1000000	0.0000000
7	16000000	17000000	0	0	1000000	0.0000000
7	17000000	18000000	0	0	1000000	0.0000000
7	18000000	19000000	0	0	1000000	0.0000000
7	19000000	20000000	0	0	1000000	0.0000000
7	20000000	21000000	0	0	1000000	0.0000000
7	21000000	22000000	0	0	1000000	0.0000000
7	22000000	23000000	0	0	1000000	0.0000000
7	23000000	24000000	0	0	1000000	0.0000000
7	24000000	25000000	0	0	1000000	0.0000000
7	25000000	26000000	0	0	1000000	0.0000000
7	26000000	27000000	0	0	1000000	0.0000000
7	27000000	28000000	0	0	1000000	0.0000000
7	28000000	29000000	0	0	1000000	0.0000000
7	29000000	30000000	0	0	1000000	0.0000000
7	30000000	31000000	0	0	1000000	0.0000000
7	31000000	32000000	0	0	1000000	0.0000000
7	32000000	33000000	0	0	1000000	0.0000000
7	33000000	34000000	0	0	1000000	0.0000000
7	34000000	35000000	0	0	1000000	0.0000000
7	35000000	36000000	0	0	1000000	0.0000000
7	36000000	37000000	0	0	1000000	0.0000000
7	37000000	38000000	0	0	1000000	0.0000000
7	38000000	39000000	0	0	1000000	0.0000000
7	39000000	40000000	0	0	1000000	0.0000000
7	40000000	41000000	0	0	1000000	0.0000000
7	41000000	42000000	0	0	1000000	0.0000000
7	42000000	43000000	0	0	1000000	0.0000000
7	43000000	44000000	0	0	1000000	0.0000000
7	44000000	45000000	0	0	1000000	0.0000000
7	45000000	46000000	0	0	1000000	0.0000000
7	46000000	47000000	0	0	1000000	0.0000000
7	47000000	48000000	0	0	1000000	0.0000000
7	48000000	49000000	0	0	1000000	0.0000000
7	49000000	50000000	0	0	1000000	0.0000000
7	50000000	51000000	0	0	1000000	0.0000000
7	51000000	52000000	0	0	1000000	0.0000000
7	52000000	53000000	0	0	1000000	0.0000000
7	53000000	54000000	0	0	1000000	0.0000000
7	54000000	55000000	0	0	1000000	0.0000000
7	55000000	56000000	0	0	1000000	0.0000000
7	56000000	57000000	0	0	1000000	0.0000000
7	57000000	58000000	0	0	1000000	0.0000000
7	58000000	59000000	0	0	1000000	0.0000000
7	59000000	60000000	0	0	1000000	0.0000000
7	60000000	61000000	0	0	1000000	0.0000000
7	61000000	62000000	0	0	1000000	0.0000000
7	62000000	63000000	0	0	1000000	0.0000000
7	63000000	64000000	0	0	1000000	0.0000000
7	64000000	65000000	0	0	1000000	0.0000000
7	65000000	66000000	0	0	1000000	0.0000000
7	66000000	67000000	0	0	1000000	0.0000000
7	67000000	68000000	0	0	1000000	0.0000000
7	68000000	69000000	0	0	1000000	0.0000000
7	69000000	70000000	0	0	1000000	0.0000000
7	70000000	71000000	0	0	1000000	0.0000000
7	71000000	72000000	0	0	1000000	0.0000000
7	72000000	73000000	0	0	1000000	0.0000000
7	73000000	74000000	0	0	1000000	0.0000000
7	74000000	75000000	0	0	1000000	0.0000000
7	75000000	76000000	0	0	1000000	0.0000000
7	76000000	77000000	0	0	1000000	0.0000000
7	77000000	78000000	0	0	1000000	0.0000000
7	78000000	79000000	0	0	1000000	0.0000000
7	79000000	80000000	0	0	1000000	0.0000000
7	80000000	81000000	0	0	1000000	0.0000000
7	81000000	82000000	0	0	1000000	0.0000000
7	82000000	83000000	0	0	1000000	0.0000000
7	83000000	84000000	0	0	1000000	0.0000000
7	84000000	85000000	0	0	1000000	0.0000000
7	85000000	86000000	0	0	1000000	0.0000000
7	86000000	87000000	0	0	1000000	0.0000000
7	87000000	88000000	0	0	1000000	0.0000000
7	88000000	89000000	0	0	1000000	0.0000000
7	89000000	90000000	0	0	1000000	0.0000000
7	90000000	91000000	0	0	1000000	0.0000000
7	91000000	92000000	0	0	1000000	0.0000000
7	92000000	93000000	0	0	1000000	0.0000000
7	93000000	94000000	0	0	1000000	0.0000000
7	94000000	95000000	0	0	1000000	0.0000000
7	95000000	96000000	0	0	1000000	0.0000000
7	96000000	97000000	0	0	1000000	0.0000000
7	97000000	98000000	0	0	1000000	0.0000000
7	98000000	99000000	0	0	1000000	0.0000000
7	99000000	100000000	0	0	1000000	0.0000000
7	100000000	101000000	0	0	1000000	0.0000000
7	101000000	102000000	0	0	1000000	0.0000000
7	102000000	103000000	0	0	1000000	0.0000000
7	103000000	104000000	0	0	1000000	0.0000000
7	104000000	105000000	0	0	1000000	0.0000000
7	105000000	106000000	0	0	1000000	0.0000000
7	106000000	107000000	0	0	1000000	0.0000000
7	107000000	108000000	0	0	1000000	0.0000000
7	108000000	109000000	0	0	1000000	0.0000000
7	109000000	110000000	0	0	1000000	0.0000000
7	110000000	111000000	0	0	1000000	0.0000000
7	111000000	112000000	0	0	1000000	0.0000000
7	112000000	113000000	0	0	1000000	0.0000000
7	113000000	114000000	0	0	1000000	0.0000000
7	114000000	115000000	0	0	1000000	0.0000000
7	115000000	116000000	0	0	1000000	0.0000000
7	116000000	117000000	0	0	1000000	0.0000000
7	117000000	118000000	0	0	1000000	0.0000000
7	118000000	119000000	0	0	1000000	0.0000000
7	119000000	120000000	0	0	1000000	0.0000000
7	120000000	121000000	0	0	1000000	0.0000000
7	121000000	122000000	0	0	1000000	0.0000000
7	122000000	123000000	0	0	1000000	0.0000000
7	123000000	124000000	0	0	1000000	0.0000000
7	124000000	125000000	0	0	1000000	0.0000000
7	125000000	126000000	0	0	1000000	0.0000000
7	126000000	127000000	0	0	1000000	0.0000000
7	127000000	128000000	0	0	1000000	0.0000000
7	128000000	129000000	0	0	1000000	0.0000000
7	129000000	130000000	0	0	1000000	0.0000000
7	130000000	131000000	0	0	1000000	0.0000000
7	131000000	132000000	0	0	1000000	0.0000000
7	132000000	133000000	0	0	1000000	0.0000000
7	133000000	134000000	0	0	1000000	0.0000000
7	134000000	135000000	0	0	1000000	0.0000000
7	135000000	136000000	0	0	1000000	0.0000000
7	136000000	137000000	0	0	1000000	0.0000000
7	137000000	138000000	0	0	1000000	0.0000000
7	138000000	139000000	0	0	1000000	0.0000000
7	139000000	140000000	0	0	1000000	0.0000000
7	140000000	141000000	0	0	1000000	0.0000000
7	141000000	142000000	0	0	1000000	0.0000000
7	142000000	143000000	0	0	1000000	0.0000000
7	143000000	144000000	0	0	1000000	0.0000000
7	144000000	145000000	0	0	1000000	0.0000000
7	145000000	146000000	0	0	1000000	0.0000000
7	146000000	147000000	0	0	1000000	0.0000000
7	147000000	148000000	0	0	1000000	0.0000000
7	148000000	149000000	0	0	1000000	0.0000000
7	149000000	150000000	0	0	1000000	0.0000000
7	150000000	151000000	0	0	1000000	0.0000000
7	151000000	152000000	0	0	1000000	0.0000000
7	152000000	153000000	0	0	1000000	0.0000000
7	153000000	154000000	0	0	1000000	0.0000000
7	154000000	155000000	0	0	1000000	0.0000000
7	155000000	156000000	0	0	1000000	0.0000000
7	156000000	157000000	0	0	1000000	0.0000000
7	157000000	158000000	0	0	1000000	0.0000000
7	158000000	159000000	0	0	1000000	0.0000000
7	159000000	160000000	0	0	1000000	0.0000000
7	160000000	161000000	0	0	1000000	0.0000000
7	161000000	162000000	0	0	1000000	0.0000000
7	162000000	163000000	0	0	1000000	0.0000000
7	163000000	164000000	0	0	1000000	0.0000000
7	164000000	165000000	0	0	1000000	0.0000000
7	165000000	166000000	0	0	1000000	0.0000000
7	166000000	167000000	0	0	1000000	0.0000000
7	167000000	168000000	0	0	1000000	0.0000000
7	168000000	169000000	0	0	1000000	0.0000000
7	169000000	170000000	0	0	1000000	0.0000000
7	170000000	171000000	0	0	1000000	0.0000000
7	171000000	172000000	0	0	1000000	0.0000000
7	172000000	173000000	0	0	1000000	0.0000000
7	173000000	174000000	0	0	1000000	0.0000000
7	174000000	175000000	0	0	1000000	0.0000000
7	175000000	176000000	0	0	1000000	0.0000000
7	176000000	177000000	0	0	1000000	0.0000000
7	177000000	178000000	0	0	1000000	0.0000000
7	178000000	179000000	0	0	1000000	0.0000000
7	179000000	180000000	0	0	1000000	0.0000000
7	180000000	181000000	0	0	1000000	0.0000000
7	181000000	182000000	0	0	1000000	0.0000000
7	182000000	182381542	0	0	381542	0.0000000
8	0	1000000	1	922378	1000000	0.9223780
8	1000000	2000000	1	1000000	1000000	1.0000000
8	2000000	3000000	1	1000000	1000000	1.0000000
8	3000000	4000000	1	1000000	1000000	1.0000000
8	4000000	5000000	1	1000000	1000000	1.0000000
8	5000000	6000000	1	1000000	1000000	1.0000000
8	6000000	7000000	1	1000000	1000000	1.0000000
8	7000000	8000000	1	1000000	1000000	1.0000000
8	8000000	9000000	1	1000000	1000000	1.0000000
8	9000000	10000000	1	1000000	1000000	1.0000000
8	10000000	11000000	1	1000000	1000000	1.0000000
8	11000000	12000000	1	1000000	1000000	1.0000000
8	12000000	13000000	1	1000000	1000000	1.0000000
8	13000000	14000000	1	1000000	1000000	1.0000000
8	14000000	15000000	1	1000000	1000000	1.0000000
8	15000000	16000000	1	1000000	1000000	1.0000000
8	16000000	17000000	1	1000000	1000000	1.0000000
8	17000000	18000000	1	1000000	1000000	1.0000000
8	18000000	19000000	1	1000000	1000000	1.0000000
8	19000000	20000000	1	1000000	1000000	1.0000000
8	20000000	21000000	2	433492	1000000	0.4334920
8	21000000	22000000	1	640727	1000000	0.6407270
8	22000000	23000000	1	537785	1000000	0.5377850
8	23000000	24000000	1	1000000	1000000	1.0000000
8	24000000	25000000	1	1000000	1000000	1.0000000
8	25000000	26000000	1	1000000	1000000	1.0000000
8	26000000	27000000	1	1000000	1000000	1.0000000
8	27000000	28000000	1	1000000	1000000	1.0000000
8	28000000	29000000	1	1000000	1000000	1.0000000
8	29000000	30000000	1	1000000	1000000	1.0000000
8	30000000	31000000	1	845732	1000000	0.8457320
8	31000000	32000000	0	0	1000000	0.0000000
8	32000000	33000000	0	0	1000000	0.0000000
8	33000000	34000000	1	509451	1000000	0.5094510
8	34000000	35000000	2	768974	1000000	0.7689740
8	35000000	36000000	1	1000000	1000000	1.0000000
8	36000000	37000000	1	1000000	1000000	1.0000000
8	37000000	38000000	1	1000000	1000000	1.0000000
8	38000000	39000000	1	690110	1000000	0.6901100
8	39000000	40000000	0	0	1000000	0.0000000
8	40000000	41000000	1	834963	1000000	0.8349630
8	41000000	42000000	2	791739	1000000	0.7917390
8	42000000	43000000	1	1000000	1000000	1.0000000
8	43000000	44000000	1	1000000	1000000	1.0000000
8	44000000	45000000	2	929250	1000000	0.9292500
8	45000000	46000000	1	1000000	1000000	1.0000000
8	46000000	47000000	1	1000000	1000000	1.0000000
8	47000000	48000000	1	1000000	1000000	1.0000000
8	48000000	49000000	1	1000000	1000000	1.0000000
8	49000000	50000000	1	721525	1000000	0.7215250
8	50000000	51000000	0	0	1000000	0.0000000
8	51000000	52000000	0	0	1000000	0.0000000
8	52000000	53000000	0	0	1000000	0.0000000
8	53000000	54000000	0	0	1000000	0.0000000
8	54000000	55000000	0	0	1000000	0.0000000
8	55000000	56000000	0	0	1000000	0.0000000
8	56000000	57000000	0	0	1000000	0.0000000
8	57000000	58000000	0	0	1000000	0.0000000
8	58000000	59000000	0	0	1000000	0.0000000
8	59000000	60000000	1	680883	1000000	0.6808830
8	60000000	61000000	1	1000000	1000000	1.0000000
8	61000000	62000000	1	1000000	1000000	1.0000000
8	62000000	63000000	1	1000000	1000000	1.0000000
8	63000000	64000000	2	828493	1000000	0.8284930
8	64000000	65000000	1	1000000	1000000	1.0000000
8	65000000	66000000	1	1000000	1000000	1.0000000
8	66000000	67000000	1	1000000	1000000	1.0000000
8	67000000	68000000	1	1000000	1000000	1.0000000
8	68000000	69000000	1	1000000	1000000	1.0000000
8	69000000	70000000	1	1000000	1000000	1.0000000
8	70000000	71000000	1	1000000	1000000	1.0000000
8	71000000	72000000	1	1000000	1000000	1.0000000
8	72000000	73000000	1	1000000	1000000	1.0000000
8	73000000	74000000	1	1000000	1000000	1.0000000
8	74000000	75000000	1	1000000	1000000	1.0000000
8	75000000	76000000	1	1000000	1000000	1.0000000
8	76000000	77000000	1	1000000	1000000	1.0000000
8	77000000	78000000	1	1000000	1000000	1.0000000
8	78000000	79000000	1	1000000	1000000	1.0000000
8	79000000	80000000	1	1000000	1000000	1.0000000
8	80000000	81000000	2	740030	1000000	0.7400300
8	81000000	82000000	1	601221	1000000	0.6012210
8	82000000	83000000	1	1000000	1000000	1.0000000
8	83000000	84000000	1	1000000	1000000	1.0000000
8	84000000	85000000	2	657472	1000000	0.6574720
8	85000000	86000000	1	393144	1000000	0.3931440
8	86000000	87000000	1	315143	1000000	0.3151430
8	87000000	88000000	1	538951	1000000	0.5389510
8	88000000	89000000	1	1000000	1000000	1.0000000
8	89000000	90000000	2	541023	1000000	0.5410230
8	90000000	91000000	2	805438	1000000	0.8054380
8	91000000	92000000	1	1000000	1000000	1.0000000
8	92000000	93000000	2	837047	1000000	0.8370470
8	93000000	94000000	2	602415	1000000	0.6024150
8	94000000	95000000	1	1000000	1000000	1.0000000
8	95000000	96000000	1	380337	1000000	0.3803370
8	96000000	97000000	1	330041	1000000	0.3300410
8	97000000	98000000	1	630737	1000000	0.6307370
8	98000000	99000000	2	924594	1000000	0.9245940
8	99000000	100000000	1	367549	1000000	0.3675490
8	100000000	101000000	1	633641	1000000	0.6336410
8	101000000	102000000	1	1000000	1000000	1.0000000
8	102000000	103000000	1	1000000	1000000	1.0000000
8	103000000	104000000	1	1000000	1000000	1.0000000
8	104000000	105000000	1	1000000	1000000	1.0000000
8	105000000	106000000	1	1000000	1000000	1.0000000
8	106000000	107000000	1	1000000	1000000	1.0000000
8	107000000	108000000	1	1000000	1000000	1.0000000
8	108000000	109000000	1	1000000	1000000	1.0000000
8	109000000	110000000	1	1000000	1000000	1.0000000
8	110000000	111000000	2	470997	1000000	0.4709970
8	111000000	112000000	1	1000000	1000000	1.0000000
8	112000000	113000000	2	261390	1000000	0.2613900
8	113000000	114000000	1	797630	1000000	0.7976300
8	114000000	115000000	1	1000000	1000000	1.0000000
8	115000000	116000000	1	918396	1000000	0.9183960
8	116000000	117000000	1	668180	1000000	0.6681800
8	117000000	118000000	2	926354	1000000	0.9263540
8	118000000	119000000	2	183422	1000000	0.1834220
8	119000000	120000000	1	1000000	1000000	1.0000000
8	120000000	121000000	1	1000000	1000000	1.0000000
8	121000000	122000000	1	1000000	1000000	1.0000000
8	122000000	123000000	1	1000000	1000000	1.0000000
8	123000000	124000000	1	1000000	1000000	1.0000000
8	124000000	125000000	1	1000000	1000000	1.0000000
8	125000000	126000000	1	1000000	1000000	1.0000000
8	126000000	127000000	1	1000000	1000000	1.0000000
8	127000000	128000000	1	1000000	1000000	1.0000000
8	128000000	129000000	1	851355	1000000	0.8513550
8	129000000	130000000	1	193949	1000000	0.1939490
8	130000000	131000000	1	1000000	1000000	1.0000000
8	131000000	132000000	1	1000000	1000000	1.0000000
8	132000000	133000000	1	1000000	1000000	1.0000000
8	133000000	134000000	1	1000000	1000000	1.0000000
8	134000000	135000000	1	1000000	1000000	1.0000000
8	135000000	136000000	1	1000000	1000000	1.0000000
8	136000000	137000000	1	1000000	1000000	1.0000000
8	137000000	138000000	1	1000000	1000000	1.0000000
8	138000000	139000000	1	1000000	1000000	1.0000000
8	139000000	140000000	2	740585	1000000	0.7405850
8	140000000	141000000	1	1000000	1000000	1.0000000
8	141000000	142000000	1	1000000	1000000	1.0000000
8	142000000	143000000	2	995547	1000000	0.9955470
8	143000000	144000000	2	986131	1000000	0.9861310
8	144000000	145000000	1	1000000	1000000	1.0000000
8	145000000	146000000	1	1000000	1000000	1.0000000
8	146000000	147000000	1	1000000	1000000	1.0000000
8	147000000	148000000	1	1000000	1000000	1.0000000
8	148000000	149000000	1	1000000	1000000	1.0000000
8	149000000	150000000	1	1000000	1000000	1.0000000
8	150000000	151000000	1	1000000	1000000	1.0000000
8	151000000	152000000	1	1000000	1000000	1.0000000
8	152000000	153000000	1	1000000	1000000	1.0000000
8	153000000	154000000	1	1000000	1000000	1.0000000
8	154000000	155000000	1	1000000	1000000	1.0000000
8	155000000	156000000	1	1000000	1000000	1.0000000
8	156000000	157000000	1	1000000	1000000	1.0000000
8	157000000	158000000	1	1000000	1000000	1.0000000
8	158000000	159000000	1	1000000	1000000	1.0000000
8	159000000	160000000	1	1000000	1000000	1.0000000
8	160000000	161000000	1	1000000	1000000	1.0000000
8	161000000	162000000	2	812501	1000000	0.8125010
8	162000000	163000000	1	1000000	1000000	1.0000000
8	163000000	164000000	1	1000000	1000000	1.0000000
8	164000000	165000000	1	1000000	1000000	1.0000000
8	165000000	166000000	1	1000000	1000000	1.0000000
8	166000000	167000000	1	1000000	1000000	1.0000000
8	167000000	168000000	1	1000000	1000000	1.0000000
8	168000000	169000000	1	1000000	1000000	1.0000000
8	169000000	170000000	1	1000000	1000000	1.0000000
8	170000000	171000000	1	1000000	1000000	1.0000000
8	171000000	172000000	1	1000000	1000000	1.0000000
8	172000000	173000000	1	1000000	1000000	1.0000000
8	173000000	174000000	1	1000000	1000000	1.0000000
8	174000000	175000000	1	1000000	1000000	1.0000000
8	175000000	176000000	1	1000000	1000000	1.0000000
8	176000000	177000000	1	1000000	1000000	1.0000000
8	177000000	178000000	1	1000000	1000000	1.0000000
8	178000000	179000000	1	1000000	1000000	1.0000000
8	179000000	180000000	1	1000000	1000000	1.0000000
8	180000000	181000000	1	1000000	1000000	1.0000000
8	181000000	181122637	1	44792	122637	0.3652405
9	0	1000000	0	0	1000000	0.0000000
9	1000000	2000000	0	0	1000000	0.0000000
9	2000000	3000000	0	0	1000000	0.0000000
9	3000000	4000000	0	0	1000000	0.0000000
9	4000000	5000000	0	0	1000000	0.0000000
9	5000000	6000000	0	0	1000000	0.0000000
9	6000000	7000000	0	0	1000000	0.0000000
9	7000000	8000000	0	0	1000000	0.0000000
9	8000000	9000000	0	0	1000000	0.0000000
9	9000000	10000000	0	0	1000000	0.0000000
9	10000000	11000000	0	0	1000000	0.0000000
9	11000000	12000000	0	0	1000000	0.0000000
9	12000000	13000000	0	0	1000000	0.0000000
9	13000000	14000000	0	0	1000000	0.0000000
9	14000000	15000000	0	0	1000000	0.0000000
9	15000000	16000000	0	0	1000000	0.0000000
9	16000000	17000000	0	0	1000000	0.0000000
9	17000000	18000000	0	0	1000000	0.0000000
9	18000000	19000000	0	0	1000000	0.0000000
9	19000000	20000000	0	0	1000000	0.0000000
9	20000000	21000000	0	0	1000000	0.0000000
9	21000000	22000000	0	0	1000000	0.0000000
9	22000000	23000000	0	0	1000000	0.0000000
9	23000000	24000000	0	0	1000000	0.0000000
9	24000000	25000000	0	0	1000000	0.0000000
9	25000000	26000000	0	0	1000000	0.0000000
9	26000000	27000000	0	0	1000000	0.0000000
9	27000000	28000000	0	0	1000000	0.0000000
9	28000000	29000000	0	0	1000000	0.0000000
9	29000000	30000000	0	0	1000000	0.0000000
9	30000000	31000000	0	0	1000000	0.0000000
9	31000000	32000000	0	0	1000000	0.0000000
9	32000000	33000000	0	0	1000000	0.0000000
9	33000000	34000000	0	0	1000000	0.0000000
9	34000000	35000000	0	0	1000000	0.0000000
9	35000000	36000000	0	0	1000000	0.0000000
9	36000000	37000000	0	0	1000000	0.0000000
9	37000000	38000000	0	0	1000000	0.0000000
9	38000000	39000000	0	0	1000000	0.0000000
9	39000000	40000000	0	0	1000000	0.0000000
9	40000000	41000000	0	0	1000000	0.0000000
9	41000000	42000000	0	0	1000000	0.0000000
9	42000000	43000000	0	0	1000000	0.0000000
9	43000000	44000000	0	0	1000000	0.0000000
9	44000000	45000000	0	0	1000000	0.0000000
9	45000000	46000000	0	0	1000000	0.0000000
9	46000000	47000000	0	0	1000000	0.0000000
9	47000000	48000000	0	0	1000000	0.0000000
9	48000000	49000000	0	0	1000000	0.0000000
9	49000000	50000000	0	0	1000000	0.0000000
9	50000000	51000000	0	0	1000000	0.0000000
9	51000000	52000000	0	0	1000000	0.0000000
9	52000000	53000000	0	0	1000000	0.0000000
9	53000000	54000000	0	0	1000000	0.0000000
9	54000000	55000000	0	0	1000000	0.0000000
9	55000000	56000000	0	0	1000000	0.0000000
9	56000000	57000000	0	0	1000000	0.0000000
9	57000000	58000000	0	0	1000000	0.0000000
9	58000000	59000000	0	0	1000000	0.0000000
9	59000000	60000000	0	0	1000000	0.0000000
9	60000000	61000000	0	0	1000000	0.0000000
9	61000000	62000000	0	0	1000000	0.0000000
9	62000000	63000000	0	0	1000000	0.0000000
9	63000000	64000000	0	0	1000000	0.0000000
9	64000000	65000000	0	0	1000000	0.0000000
9	65000000	66000000	0	0	1000000	0.0000000
9	66000000	67000000	0	0	1000000	0.0000000
9	67000000	68000000	0	0	1000000	0.0000000
9	68000000	69000000	0	0	1000000	0.0000000
9	69000000	70000000	0	0	1000000	0.0000000
9	70000000	71000000	0	0	1000000	0.0000000
9	71000000	72000000	0	0	1000000	0.0000000
9	72000000	73000000	0	0	1000000	0.0000000
9	73000000	74000000	0	0	1000000	0.0000000
9	74000000	75000000	0	0	1000000	0.0000000
9	75000000	76000000	0	0	1000000	0.0000000
9	76000000	77000000	0	0	1000000	0.0000000
9	77000000	78000000	0	0	1000000	0.0000000
9	78000000	79000000	0	0	1000000	0.0000000
9	79000000	80000000	0	0	1000000	0.0000000
9	80000000	81000000	0	0	1000000	0.0000000
9	81000000	82000000	0	0	1000000	0.0000000
9	82000000	83000000	0	0	1000000	0.0000000
9	83000000	84000000	0	0	1000000	0.0000000
9	84000000	85000000	0	0	1000000	0.0000000
9	85000000	86000000	0	0	1000000	0.0000000
9	86000000	87000000	0	0	1000000	0.0000000
9	87000000	88000000	0	0	1000000	0.0000000
9	88000000	89000000	0	0	1000000	0.0000000
9	89000000	90000000	0	0	1000000	0.0000000
9	90000000	91000000	0	0	1000000	0.0000000
9	91000000	92000000	0	0	1000000	0.0000000
9	92000000	93000000	0	0	1000000	0.0000000
9	93000000	94000000	0	0	1000000	0.0000000
9	94000000	95000000	0	0	1000000	0.0000000
9	95000000	96000000	0	0	1000000	0.0000000
9	96000000	97000000	0	0	1000000	0.0000000
9	97000000	98000000	0	0	1000000	0.0000000
9	98000000	99000000	0	0	1000000	0.0000000
9	99000000	100000000	0	0	1000000	0.0000000
9	100000000	101000000	0	0	1000000	0.0000000
9	101000000	102000000	0	0	1000000	0.0000000
9	102000000	103000000	0	0	1000000	0.0000000
9	103000000	104000000	0	0	1000000	0.0000000
9	104000000	105000000	0	0	1000000	0.0000000
9	105000000	106000000	0	0	1000000	0.0000000
9	106000000	107000000	0	0	1000000	0.0000000
9	107000000	108000000	0	0	1000000	0.0000000
9	108000000	109000000	0	0	1000000	0.0000000
9	109000000	110000000	0	0	1000000	0.0000000
9	110000000	111000000	0	0	1000000	0.0000000
9	111000000	112000000	0	0	1000000	0.0000000
9	112000000	113000000	0	0	1000000	0.0000000
9	113000000	114000000	0	0	1000000	0.0000000
9	114000000	115000000	0	0	1000000	0.0000000
9	115000000	116000000	1	602285	1000000	0.6022850
9	116000000	117000000	1	1000000	1000000	1.0000000
9	117000000	118000000	1	1000000	1000000	1.0000000
9	118000000	119000000	1	1000000	1000000	1.0000000
9	119000000	120000000	1	1000000	1000000	1.0000000
9	120000000	121000000	2	957137	1000000	0.9571370
9	121000000	122000000	1	1000000	1000000	1.0000000
9	122000000	123000000	1	1000000	1000000	1.0000000
9	123000000	124000000	1	1000000	1000000	1.0000000
9	124000000	125000000	1	1000000	1000000	1.0000000
9	125000000	126000000	1	1000000	1000000	1.0000000
9	126000000	127000000	1	1000000	1000000	1.0000000
9	127000000	128000000	2	994899	1000000	0.9948990
9	128000000	129000000	2	958093	1000000	0.9580930
9	129000000	130000000	1	1000000	1000000	1.0000000
9	130000000	131000000	1	1000000	1000000	1.0000000
9	131000000	132000000	1	1000000	1000000	1.0000000
9	132000000	133000000	1	1000000	1000000	1.0000000
9	133000000	134000000	1	1000000	1000000	1.0000000
9	134000000	135000000	1	1000000	1000000	1.0000000
9	135000000	136000000	1	1000000	1000000	1.0000000
9	136000000	137000000	1	1000000	1000000	1.0000000
9	137000000	138000000	1	1000000	1000000	1.0000000
9	138000000	139000000	1	1000000	1000000	1.0000000
9	139000000	140000000	1	1000000	1000000	1.0000000
9	140000000	141000000	1	1000000	1000000	1.0000000
9	141000000	142000000	1	1000000	1000000	1.0000000
9	142000000	143000000	1	1000000	1000000	1.0000000
9	143000000	144000000	1	1000000	1000000	1.0000000
9	144000000	145000000	1	1000000	1000000	1.0000000
9	145000000	146000000	1	1000000	1000000	1.0000000
9	146000000	147000000	1	1000000	1000000	1.0000000
9	147000000	148000000	1	1000000	1000000	1.0000000
9	148000000	149000000	1	1000000	1000000	1.0000000
9	149000000	150000000	1	1000000	1000000	1.0000000
9	150000000	151000000	1	1000000	1000000	1.0000000
9	151000000	152000000	1	1000000	1000000	1.0000000
9	152000000	153000000	1	1000000	1000000	1.0000000
9	153000000	154000000	1	1000000	1000000	1.0000000
9	154000000	155000000	2	994737	1000000	0.9947370
9	155000000	156000000	1	1000000	1000000	1.0000000
9	156000000	157000000	2	996415	1000000	0.9964150
9	157000000	158000000	1	1000000	1000000	1.0000000
9	158000000	159000000	3	971663	1000000	0.9716630
9	159000000	159769782	1	515420	769782	0.6695662
10	0	1000000	0	0	1000000	0.0000000
10	1000000	2000000	0	0	1000000	0.0000000
10	2000000	3000000	0	0	1000000	0.0000000
10	3000000	4000000	0	0	1000000	0.0000000
10	4000000	5000000	0	0	1000000	0.0000000
10	5000000	6000000	0	0	1000000	0.0000000
10	6000000	7000000	0	0	1000000	0.0000000
10	7000000	8000000	0	0	1000000	0.0000000
10	8000000	9000000	0	0	1000000	0.0000000
10	9000000	10000000	0	0	1000000	0.0000000
10	10000000	11000000	0	0	1000000	0.0000000
10	11000000	12000000	0	0	1000000	0.0000000
10	12000000	13000000	0	0	1000000	0.0000000
10	13000000	14000000	0	0	1000000	0.0000000
10	14000000	15000000	0	0	1000000	0.0000000
10	15000000	16000000	0	0	1000000	0.0000000
10	16000000	17000000	0	0	1000000	0.0000000
10	17000000	18000000	0	0	1000000	0.0000000
10	18000000	19000000	0	0	1000000	0.0000000
10	19000000	20000000	0	0	1000000	0.0000000
10	20000000	21000000	0	0	1000000	0.0000000
10	21000000	22000000	0	0	1000000	0.0000000
10	22000000	23000000	0	0	1000000	0.0000000
10	23000000	24000000	0	0	1000000	0.0000000
10	24000000	25000000	0	0	1000000	0.0000000
10	25000000	26000000	0	0	1000000	0.0000000
10	26000000	27000000	0	0	1000000	0.0000000
10	27000000	28000000	0	0	1000000	0.0000000
10	28000000	29000000	0	0	1000000	0.0000000
10	29000000	30000000	0	0	1000000	0.0000000
10	30000000	31000000	0	0	1000000	0.0000000
10	31000000	32000000	0	0	1000000	0.0000000
10	32000000	33000000	0	0	1000000	0.0000000
10	33000000	34000000	0	0	1000000	0.0000000
10	34000000	35000000	0	0	1000000	0.0000000
10	35000000	36000000	0	0	1000000	0.0000000
10	36000000	37000000	0	0	1000000	0.0000000
10	37000000	38000000	0	0	1000000	0.0000000
10	38000000	39000000	0	0	1000000	0.0000000
10	39000000	40000000	0	0	1000000	0.0000000
10	40000000	41000000	0	0	1000000	0.0000000
10	41000000	42000000	0	0	1000000	0.0000000
10	42000000	43000000	0	0	1000000	0.0000000
10	43000000	44000000	0	0	1000000	0.0000000
10	44000000	45000000	0	0	1000000	0.0000000
10	45000000	46000000	0	0	1000000	0.0000000
10	46000000	47000000	0	0	1000000	0.0000000
10	47000000	48000000	0	0	1000000	0.0000000
10	48000000	49000000	0	0	1000000	0.0000000
10	49000000	50000000	0	0	1000000	0.0000000
10	50000000	51000000	0	0	1000000	0.0000000
10	51000000	52000000	0	0	1000000	0.0000000
10	52000000	53000000	0	0	1000000	0.0000000
10	53000000	54000000	0	0	1000000	0.0000000
10	54000000	55000000	0	0	1000000	0.0000000
10	55000000	56000000	0	0	1000000	0.0000000
10	56000000	57000000	0	0	1000000	0.0000000
10	57000000	58000000	0	0	1000000	0.0000000
10	58000000	59000000	0	0	1000000	0.0000000
10	59000000	60000000	0	0	1000000	0.0000000
10	60000000	61000000	0	0	1000000	0.0000000
10	61000000	62000000	0	0	1000000	0.0000000
10	62000000	63000000	0	0	1000000	0.0000000
10	63000000	64000000	0	0	1000000	0.0000000
10	64000000	65000000	0	0	1000000	0.0000000
10	65000000	66000000	0	0	1000000	0.0000000
10	66000000	67000000	0	0	1000000	0.0000000
10	67000000	68000000	0	0	1000000	0.0000000
10	68000000	69000000	0	0	1000000	0.0000000
10	69000000	70000000	0	0	1000000	0.0000000
10	70000000	71000000	0	0	1000000	0.0000000
10	71000000	72000000	0	0	1000000	0.0000000
10	72000000	73000000	0	0	1000000	0.0000000
10	73000000	74000000	0	0	1000000	0.0000000
10	74000000	75000000	0	0	1000000	0.0000000
10	75000000	76000000	0	0	1000000	0.0000000
10	76000000	77000000	0	0	1000000	0.0000000
10	77000000	78000000	0	0	1000000	0.0000000
10	78000000	79000000	0	0	1000000	0.0000000
10	79000000	80000000	0	0	1000000	0.0000000
10	80000000	81000000	0	0	1000000	0.0000000
10	81000000	82000000	0	0	1000000	0.0000000
10	82000000	83000000	0	0	1000000	0.0000000
10	83000000	84000000	0	0	1000000	0.0000000
10	84000000	85000000	0	0	1000000	0.0000000
10	85000000	86000000	0	0	1000000	0.0000000
10	86000000	87000000	0	0	1000000	0.0000000
10	87000000	88000000	0	0	1000000	0.0000000
10	88000000	89000000	0	0	1000000	0.0000000
10	89000000	90000000	0	0	1000000	0.0000000
10	90000000	91000000	0	0	1000000	0.0000000
10	91000000	92000000	1	203519	1000000	0.2035190
10	92000000	93000000	1	1000000	1000000	1.0000000
10	93000000	94000000	1	1000000	1000000	1.0000000
10	94000000	95000000	1	1000000	1000000	1.0000000
10	95000000	96000000	1	1000000	1000000	1.0000000
10	96000000	97000000	1	581566	1000000	0.5815660
10	97000000	98000000	0	0	1000000	0.0000000
10	98000000	99000000	0	0	1000000	0.0000000
10	99000000	100000000	1	82393	1000000	0.0823930
10	100000000	101000000	1	1000000	1000000	1.0000000
10	101000000	102000000	1	1000000	1000000	1.0000000
10	102000000	103000000	2	239071	1000000	0.2390710
10	103000000	104000000	1	1000000	1000000	1.0000000
10	104000000	105000000	1	26749	1000000	0.0267490
10	105000000	106000000	1	51289	1000000	0.0512890
10	106000000	107000000	1	638259	1000000	0.6382590
10	107000000	108000000	1	529049	1000000	0.5290490
10	108000000	109000000	3	744512	1000000	0.7445120
10	109000000	110000000	1	1000000	1000000	1.0000000
10	110000000	111000000	2	907497	1000000	0.9074970
10	111000000	112000000	1	1000000	1000000	1.0000000
10	112000000	113000000	1	1000000	1000000	1.0000000
10	113000000	114000000	1	1000000	1000000	1.0000000
10	114000000	115000000	1	1000000	1000000	1.0000000
10	115000000	116000000	1	1000000	1000000	1.0000000
10	116000000	117000000	1	1000000	1000000	1.0000000
10	117000000	118000000	1	1000000	1000000	1.0000000
10	118000000	119000000	1	1000000	1000000	1.0000000
10	119000000	120000000	1	1000000	1000000	1.0000000
10	120000000	121000000	1	1000000	1000000	1.0000000
10	121000000	122000000	1	1000000	1000000	1.0000000
10	122000000	123000000	1	1000000	1000000	1.0000000
10	123000000	124000000	1	1000000	1000000	1.0000000
10	124000000	125000000	1	1000000	1000000	1.0000000
10	125000000	126000000	1	1000000	1000000	1.0000000
10	126000000	127000000	1	1000000	1000000	1.0000000
10	127000000	128000000	1	1000000	1000000	1.0000000
10	128000000	129000000	1	1000000	1000000	1.0000000
10	129000000	130000000	1	1000000	1000000	1.0000000
10	130000000	131000000	1	1000000	1000000	1.0000000
10	131000000	132000000	1	1000000	1000000	1.0000000
10	132000000	133000000	1	1000000	1000000	1.0000000
10	133000000	134000000	1	1000000	1000000	1.0000000
10	134000000	135000000	1	1000000	1000000	1.0000000
10	135000000	136000000	2	934553	1000000	0.9345530
10	136000000	137000000	1	893726	1000000	0.8937260
10	137000000	138000000	1	994280	1000000	0.9942800
10	138000000	139000000	1	1000000	1000000	1.0000000
10	139000000	140000000	1	1000000	1000000	1.0000000
10	140000000	141000000	2	942487	1000000	0.9424870
10	141000000	142000000	1	1000000	1000000	1.0000000
10	142000000	143000000	1	1000000	1000000	1.0000000
10	143000000	144000000	1	1000000	1000000	1.0000000
10	144000000	145000000	1	1000000	1000000	1.0000000
10	145000000	146000000	1	1000000	1000000	1.0000000
10	146000000	147000000	1	1000000	1000000	1.0000000
10	147000000	148000000	1	1000000	1000000	1.0000000
10	148000000	149000000	1	1000000	1000000	1.0000000
10	149000000	150000000	1	1000000	1000000	1.0000000
10	150000000	150982314	1	833783	982314	0.8487948
