Prop_Genes	Prop_Tandem	Prop_RNATE	Prop_DNATE	Subgenome
0.10328	0.0	0.573562	0.142957	Nonsyntenic
0.110003	0.002881	0.53949	0.133086	Maize1
0.155682	0.0	0.548966	0.12987	Maize1
0.171094	0.0	0.477528	0.240215	Maize1
0.192685	0.0	0.520891	0.193452	Maize1
0.1339	0.0	0.582024	0.165131	Maize1
0.168567	0.005739	0.551939	0.273078	Maize1
0.13496	0.021104	0.524055	0.133543	Maize1
0.137456	0.026965	0.578931	0.200575	Maize1
0.143539	0.013284	0.540737	0.190598	Maize1
0.142859	0.002433	0.516284	0.215997	Maize1
0.122491	0.002244	0.559889	0.161893	Maize1
0.122495	0.002107	0.531869	0.233396	Maize1
0.102292	0.000687	0.626033	0.256534	Maize1
0.105184	0.001173	0.552357	0.179057	Maize1
0.076631	0.007175	0.621034	0.182416	Maize1
0.089797	0.006174	0.643859	0.156911	Maize1
0.130048	0.007303	0.555922	0.103549	Maize1
0.141485	0.041126	0.605888	0.190841	Maize1
0.112041	0.017336	0.561413	0.257625	Maize1
0.133371	0.012378	0.712212	0.158822	Maize1
0.16451	0.024206	0.678112	0.244633	Maize1
0.112231	0.0	0.74248	0.238611	Maize1
0.098081	0.0	0.614962	0.276818	Maize1
0.047647	0.015553	0.671171	0.153418	Maize1
0.157316	0.0	0.559644	0.130439	Maize1
0.104194	0.0	0.649079	0.141239	Maize1
0.110944	0.004855	0.621061	0.239555	Maize1
0.140165	0.007514	0.571903	0.220403	Maize1
0.082145	0.0	0.682888	0.191321	Maize1
0.043168	0.007344	0.652489	0.136025	Maize1
0.120036	0.023182	0.608884	0.215968	Maize1
0.106914	0.005685	0.616842	0.300342	Maize1
0.052413	0.005881	0.651234	0.153649	Maize1
0.109449	0.0	0.633939	0.158264	Maize1
0.119545	0.008204	0.688757	0.22799	Maize1
0.086827	0.0	0.680954	0.180687	Maize1
0.075719	0.004049	0.690882	0.188911	Maize1
0.148224	0.015659	0.573984	0.20612	Maize1
0.084787	0.001654	0.703749	0.214082	Maize1
0.086983	0.0	0.491271	0.154403	Maize1
0.11234	0.006301	0.579631	0.232026	Maize1
0.087927	0.006124	0.653268	0.193567	Maize1
0.099962	0.0	0.536318	0.150187	Maize1
0.078755	0.008549	0.71339	0.176659	Maize1
0.097458	0.001811	0.654905	0.255449	Maize1
0.119346	0.0	0.656599	0.195679	Maize1
0.086793	0.006611	0.721468	0.110021	Maize1
0.064149	0.017348	0.607328	0.150538	Maize1
0.096265	0.003612	0.595869	0.192955	Maize1
0.101397	0.0	0.697081	0.148319	Maize1
0.129407	0.0	0.633571	0.148932	Maize1
0.064786	0.0	0.700907	0.21066	Maize1
0.100388	0.008769	0.636233	0.192726	Maize1
0.086242	0.003957	0.743691	0.237804	Maize1
0.097227	0.0	0.76689	0.185503	Maize1
0.102768	0.0	0.718116	0.167818	Maize1
0.11886	0.014301	0.656383	0.2022	Maize1
0.058038	0.006315	0.758004	0.156201	Maize1
0.097415	0.0	0.714407	0.20351	Maize1
0.120027	0.020017	0.6322	0.274442	Maize1
0.094668	0.004354	0.673419	0.196373	Maize1
0.07826	0.00798	0.654807	0.175077	Maize1
0.147161	0.009761	0.650628	0.235107	Maize1
0.089959	0.011416	0.706508	0.224461	Maize1
0.064044	0.010383	0.607766	0.273918	Maize1
0.096292	0.0	0.699371	0.201585	Maize1
0.052638	0.021248	0.661564	0.263017	Maize1
0.072307	0.012318	0.738729	0.134594	Maize1
0.062964	0.0	0.686373	0.192622	Maize1
0.044238	0.0	0.757576	0.194097	Maize1
0.060655	0.007972	0.693695	0.151814	Maize1
0.079727	0.008061	0.688727	0.139364	Maize1
0.059297	0.0	0.727908	0.146962	Maize1
0.038382	0.006148	0.627225	0.176735	Maize1
0.07606	0.0	0.766152	0.225784	Maize1
0.080604	0.0	0.704682	0.153196	Maize1
0.03156	0.005589	0.684275	0.18802	Maize1
0.065254	0.002117	0.66654	0.207834	Maize1
0.037082	0.0	0.741849	0.189553	Maize1
0.090885	0.00143	0.6842	0.251306	Maize1
0.093643	0.004468	0.745758	0.179059	Maize1
0.036351	0.001181	0.693919	0.230368	Maize1
0.047516	0.007327	0.790033	0.224535	Maize1
0.0503	0.0	0.75525	0.214229	Maize1
0.033564	0.0	0.716974	0.153841	Maize1
0.058274	0.004013	0.717593	0.197965	Maize1
0.041352	0.017979	0.694507	0.27333	Maize1
0.051154	0.0	0.742579	0.221202	Maize1
0.070343	0.0	0.677104	0.250909	Maize1
0.049812	0.000831	0.658576	0.172781	Maize1
0.030419	0.0	0.691764	0.170741	Maize1
0.034326	0.0	0.714537	0.180502	Maize1
0.045468	0.014232	0.709211	0.127334	Maize1
0.033525	0.009227	0.646061	0.193587	Maize1
0.025639	0.002565	0.729434	0.195031	Maize1
0.024449	0.000633	0.649526	0.242288	Maize1
0.062142	0.002128	0.670674	0.223702	Maize1
0.054172	0.0	0.767216	0.219623	Maize1
0.030379	0.0	0.750659	0.182152	Maize1
0.052117	0.0	0.74945	0.238629	Maize1
0.026611	0.0	0.739073	0.171251	Maize1
0.062936	0.0	0.641391	0.196564	Maize1
0.021421	0.0	0.697487	0.242181	Maize1
0.013793	0.002051	0.668119	0.154721	Maize1
0.035802	0.007851	0.645499	0.146347	Maize1
0.022862	0.0	0.762074	0.165384	Maize1
0.046507	0.009051	0.648041	0.172102	Maize1
0.059645	0.004988	0.750766	0.207437	Maize1
0.052227	0.007174	0.627295	0.172046	Maize1
0.049255	0.000831	0.736607	0.164939	Maize1
0.059208	0.0	0.754703	0.107731	Maize1
0.015572	0.0	0.730677	0.203077	Maize1
0.036651	0.011696	0.678274	0.14525	Maize1
0.043917	0.0	0.695187	0.160126	Maize1
0.022349	0.006836	0.73759	0.18187	Maize1
0.016965	0.009735	0.712424	0.126408	Maize1
0.085469	0.001095	0.66953	0.093867	Maize1
0.089349	0.080703	0.701854	0.156511	Maize1
0.028418	0.013021	0.780603	0.122574	Maize1
0.03316	0.0	0.699881	0.162571	Maize1
0.034005	0.005763	0.68146	0.134245	Maize1
0.015963	0.001925	0.745094	0.133859	Maize1
0.079878	0.001191	0.669127	0.202005	Maize1
0.025859	0.022404	0.687547	0.140066	Maize1
0.023138	0.0	0.769256	0.159954	Maize1
0.057712	0.0	0.669082	0.191345	Maize1
0.041171	0.0	0.736988	0.211788	Maize1
0.006935	0.0	0.752184	0.062674	Maize1
0.056083	0.0	0.741631	0.122877	Nonsyntenic
0.038565	0.0	0.70633	0.12958	Nonsyntenic
0.028335	0.0	0.785869	0.118112	Nonsyntenic
0.004495	0.0	0.841363	0.246346	Nonsyntenic
0.005895	0.001553	0.693348	0.178359	Nonsyntenic
0.004268	0.0	0.618996	0.08029	Nonsyntenic
0.041594	0.0	0.767099	0.151669	Nonsyntenic
0.019786	0.009574	0.640125	0.109829	Nonsyntenic
0.001275	0.0	0.792535	0.147229	Nonsyntenic
0.00867	0.0	0.834833	0.203707	Nonsyntenic
0.007524	0.0	0.669672	0.117098	Nonsyntenic
0.04059	0.0	0.626778	0.112208	Maize1
0.015736	0.0	0.7868	0.155698	Maize1
0.028072	0.003924	0.644606	0.211765	Maize1
0.044969	0.0	0.662074	0.185592	Maize1
0.043656	0.0	0.665309	0.163643	Maize1
0.006232	0.0	0.794449	0.172094	Nonsyntenic
0.024975	0.0	0.715587	0.222707	Nonsyntenic
0.069028	0.0	0.737608	0.15489	Nonsyntenic
0.053721	0.0	0.598185	0.167144	Nonsyntenic
0.032216	0.0	0.655009	0.193081	Maize1
0.030416	0.0	0.730476	0.102405	Maize1
0.044401	0.0	0.6825	0.196181	Maize1
0.0583	0.001805	0.682375	0.180845	Maize1
0.015664	0.0	0.796274	0.146656	Maize1
0.021922	0.002659	0.733985	0.1631	Maize1
0.017254	0.002673	0.727718	0.178272	Maize1
0.027478	0.0	0.637066	0.198743	Maize1
0.029282	0.0	0.612572	0.185173	Maize1
0.039346	0.0	0.658349	0.173035	Maize1
0.105132	0.0	0.507459	0.156925	Maize1
0.019057	0.003026	0.735155	0.171147	Nonsyntenic
0.0744	0.058932	0.604586	0.142389	Nonsyntenic
0.028178	0.003336	0.628606	0.194601	Maize1
0.016539	0.004081	0.775465	0.246241	Maize1
0.056332	0.0	0.667207	0.125155	Maize1
0.014357	0.0	0.588537	0.139372	Maize1
0.071105	0.013523	0.683323	0.238108	Maize1
0.052759	0.046207	0.732279	0.242074	Maize1
0.161436	0.01941	0.689953	0.154892	Maize1
0.044183	0.0	0.736099	0.211996	Maize1
0.017827	0.009409	0.698345	0.14721	Maize1
0.015657	0.0	0.707126	0.191777	Maize1
0.087659	0.0	0.646588	0.2699	Maize1
0.076296	0.0	0.699861	0.221693	Maize1
0.085217	0.000492	0.724232	0.18525	Maize1
0.077361	0.0	0.731154	0.17243	Maize1
0.069101	0.008496	0.621637	0.212597	Maize1
0.046497	0.0	0.712047	0.216048	Maize1
0.029769	0.004412	0.762882	0.199551	Maize1
0.035846	0.002109	0.680356	0.169556	Maize1
0.054424	0.0	0.615422	0.178492	Nonsyntenic
0.049794	0.006222	0.736323	0.223998	Nonsyntenic
0.102921	0.003174	0.67813	0.234355	Maize1
0.06351	0.033084	0.664848	0.235414	Nonsyntenic
0.089343	0.00357	0.692247	0.263686	Maize1
0.078782	0.015478	0.645933	0.23529	Maize1
0.070219	0.001363	0.702396	0.201697	Maize1
0.075403	0.029333	0.693832	0.228024	Nonsyntenic
0.016033	0.006738	0.818837	0.244851	Nonsyntenic
0.064186	0.005285	0.681601	0.196799	Maize1
0.099641	0.0	0.608094	0.205699	Maize1
0.07393	0.0	0.695671	0.216821	Maize1
0.091751	0.011228	0.65896	0.160242	Maize1
0.078214	0.020904	0.663049	0.152521	Maize1
0.054835	0.002786	0.733868	0.15378	Maize1
0.079101	0.0	0.65591	0.20474	Maize1
0.073721	0.0	0.611864	0.196629	Maize1
0.105081	0.006093	0.627056	0.281381	Maize1
0.139812	0.013198	0.698774	0.32316	Maize1
0.076709	0.0	0.637721	0.198619	Maize1
0.049827	0.0	0.635963	0.225492	Maize1
0.054866	0.007441	0.722579	0.194304	Maize1
0.091339	0.013432	0.662319	0.25264	Maize1
0.063159	0.0	0.702049	0.206692	Maize1
0.101651	0.0	0.641249	0.224267	Maize1
0.050869	0.0	0.63453	0.230041	Maize1
0.053516	0.002466	0.609948	0.111187	Maize1
0.104457	0.032927	0.718524	0.222757	Maize1
0.11179	0.01201	0.598638	0.252824	Maize1
0.060466	0.011071	0.563892	0.166725	Maize1
0.046517	0.010122	0.653545	0.182081	Maize1
0.083439	0.0	0.640086	0.212856	Maize1
0.10796	0.001593	0.624766	0.209081	Maize1
0.079302	0.0	0.628181	0.228284	Maize1
0.081158	0.0	0.705553	0.167291	Maize1
0.063216	0.002816	0.648977	0.235105	Maize1
0.054615	0.0	0.600257	0.168981	Maize1
0.092371	0.0	0.624969	0.135999	Maize1
0.046451	0.003614	0.5782	0.181397	Maize1
0.089959	0.0	0.605984	0.177095	Maize1
0.086404	0.001557	0.408859	0.245729	Maize1
0.06302	0.0	0.650514	0.276644	Maize1
0.095087	0.0	0.591615	0.169518	Maize1
0.091388	0.0	0.535255	0.129202	Maize1
0.107405	0.0	0.600811	0.168791	Maize1
0.115174	0.010193	0.586188	0.223402	Maize1
0.092008	0.001323	0.548647	0.219692	Maize1
0.088918	0.003141	0.639526	0.15876	Maize1
0.08441	0.002989	0.6633	0.218632	Maize1
0.139976	0.005245	0.63114	0.193928	Maize1
0.092828	0.009636	0.607251	0.217773	Maize1
0.148935	0.01479	0.674424	0.209919	Maize1
0.097097	0.003181	0.594161	0.221422	Maize1
0.129434	0.0	0.572226	0.136727	Maize1
0.077483	0.006602	0.678797	0.269036	Maize1
0.095073	0.002904	0.631795	0.199815	Maize1
0.107935	0.007679	0.710363	0.145321	Maize1
0.131298	0.011738	0.540934	0.202367	Nonsyntenic
0.146023	0.006189	0.576371	0.195167	Maize1
0.10441	0.023318	0.550737	0.154296	Maize1
0.104226	0.00618	0.579862	0.207077	Maize1
0.07457	0.007256	0.674406	0.222348	Maize1
0.06586	0.0	0.501398	0.127514	Maize1
0.085576	0.002171	0.684514	0.170496	Maize1
0.121924	0.003466	0.567164	0.214521	Maize1
0.195457	0.015385	0.57317	0.148356	Maize1
0.055486	0.0	0.506927	0.168725	Maize1
0.05777	0.004422	0.617232	0.189777	Maize1
0.102093	0.001038	0.624821	0.092695	Maize1
0.063995	0.037086	0.615165	0.213286	Maize1
0.114299	0.0	0.389614	0.164143	Maize1
0.037392	0.016037	0.610858	0.184865	Maize1
0.154628	0.001536	0.599562	0.175131	Maize1
0.040818	0.010051	0.703136	0.139977	Maize1
0.069582	0.000927	0.632244	0.177876	Maize1
0.112244	0.011521	0.692401	0.247367	Maize1
0.055584	0.018325	0.685162	0.1549	Maize1
0.099264	0.01024	0.653599	0.177624	Maize1
0.131388	0.011635	0.519541	0.154966	Maize1
0.067884	0.002282	0.678547	0.174144	Maize1
0.178081	0.008913	0.700569	0.231251	Maize1
0.112396	0.0	0.661608	0.242469	Maize1
0.090919	0.039017	0.661572	0.26497	Maize1
0.080872	0.001284	0.642291	0.242101	Maize1
0.103831	0.005221	0.671879	0.247935	Maize1
0.09638	0.003176	0.665378	0.243062	Maize1
0.111773	0.007442	0.643348	0.130482	Maize1
0.094338	0.004677	0.638214	0.213534	Maize1
0.100711	0.005686	0.647556	0.198413	Maize1
0.204134	0.036802	0.66663	0.264428	Maize1
0.058682	0.0	0.564098	0.108701	Maize1
0.060888	0.005441	0.726349	0.23091	Maize1
0.136151	0.001002	0.542055	0.22775	Maize1
0.113203	0.00099	0.615875	0.260169	Maize1
0.114093	0.0	0.709597	0.238805	Maize1
0.107968	0.009061	0.595782	0.18674	Maize1
0.082618	0.029871	0.667652	0.225772	Maize1
0.100378	0.011984	0.624003	0.258839	Maize1
0.105386	0.000248	0.55836	0.247189	Maize1
0.112292	0.001101	0.595424	0.180194	Maize1
0.108655	0.002109	0.673058	0.229881	Maize1
0.146712	0.008266	0.584831	0.114462	Maize1
0.14665	0.080333	0.661623	0.191815	Maize1
0.106313	0.014657	0.607444	0.307214	Maize1
0.081464	0.02465	0.529108	0.19709	Maize1
0.122037	0.026473	0.635298	0.218685	Maize1
0.058601	0.005043	0.599005	0.27031	Maize1
0.099617	0.006416	0.68058	0.197059	Maize1
0.111349	0.003589	0.59261	0.179032	Nonsyntenic
0.025216	0.006556	0.726724	0.173608	Maize1
0.104975	0.0	0.65808	0.160668	Maize1
0.093138	0.031823	0.643085	0.14152	Maize1
0.102567	0.017066	0.623883	0.163329	Maize1
0.103277	0.044805	0.561196	0.212872	Maize1
0.120065	0.004218	0.60182	0.227206	Maize1
0.16015	0.012989	0.644364	0.186116	Maize1
0.098347	0.010455	0.631157	0.208595	Maize1
0.154153	0.0	0.554799	0.136865	Maize1
0.178059	0.017925	0.642252	0.185706	Maize1
0.059676	0.01087	0.538155	0.094616	Maize1
0.161841	0.004181	0.550589	0.208177	Maize1
0.121092	0.016048	0.566319	0.157894	Maize1
0.200788	0.001604	0.57356	0.221778	Maize1
0.139925	0.0	0.681135	0.257964	Maize1
0.12159	0.0	0.67905	0.208867	Maize1
0.160428	0.026773	0.50972	0.21441	Maize1
0.152683	0.001413	0.596509	0.23498	Maize1
0.0	0.0	0.403169	0.0	Nonsyntenic
0.083251	0.0	0.611024	0.151963	Maize1
0.225626	0.011595	0.582003	0.222403	Maize1
0.201874	0.02811	0.434518	0.094337	Maize1
0.22101	0.014443	0.491052	0.180341	Maize1
0.199063	0.012327	0.537297	0.190512	Maize1
0.143824	0.005682	0.57759	0.253605	Maize1
0.16212	0.00406	0.552426	0.193851	Maize1
0.113511	0.039234	0.667082	0.180313	Maize1
0.125784	0.035678	0.590953	0.186026	Maize1
0.17178	0.008068	0.613906	0.193039	Maize1
0.20379	0.017742	0.522201	0.187091	Maize1
0.147713	0.015401	0.556508	0.242982	Maize1
0.138389	0.016865	0.550226	0.160932	Maize1
0.083027	0.003736	0.620935	0.101273	Maize1
0.153356	0.010249	0.559402	0.117299	Maize1
0.098657	0.008039	0.621372	0.200879	Maize1
0.147068	0.001308	0.600166	0.18559	Maize1
0.10394	0.016785	0.648129	0.21376	Maize1
0.144522	0.0	0.600554	0.073349	Maize1
0.144153	0.019255	0.542137	0.183936	Maize1
0.094083	0.005984	0.650276	0.19624	Maize1
0.052906	0.004734	0.665105	0.127288	Maize1
0.125398	0.002388	0.651758	0.174806	Maize1
0.116298	0.024024	0.623838	0.217891	Maize1
0.081951	0.008228	0.690777	0.169053	Maize1
0.072369	0.011271	0.671683	0.233951	Maize1
0.083383	0.018766	0.772415	0.270605	Maize1
0.09953	0.0	0.671791	0.154039	Maize1
0.13951	0.010457	0.614582	0.181361	Maize1
0.120253	0.024101	0.651747	0.18163	Maize1
0.07945	0.032894	0.669393	0.233859	Maize1
0.1155	0.014184	0.671609	0.163557	Maize1
0.095611	0.0	0.632171	0.217747	Maize1
0.089985	0.012994	0.754758	0.154241	Maize1
0.079616	0.017131	0.727978	0.191365	Maize1
0.138394	0.007108	0.676458	0.125024	Maize1
0.074881	0.001344	0.746166	0.181313	Maize1
0.06103	0.00279	0.714735	0.231142	Maize1
0.150426	0.008201	0.610254	0.138007	Maize1
0.07906	0.005313	0.737803	0.214337	Maize1
0.061922	0.002937	0.76041	0.180527	Maize1
0.08698	0.016532	0.68784	0.150575	Maize1
0.069524	0.00291	0.68353	0.234538	Maize1
0.052079	0.0	0.687772	0.196502	Maize1
0.063077	0.007071	0.748282	0.113925	Maize1
0.087133	0.021828	0.679608	0.219078	Maize1
0.094445	0.014964	0.691231	0.226603	Maize1
0.04863	0.0	0.650171	0.195543	Maize1
0.04681	0.003986	0.642541	0.240937	Maize1
0.047727	0.005048	0.713657	0.252966	Maize1
0.076525	0.0	0.700747	0.232415	Maize1
0.098626	0.0	0.689344	0.303731	Maize1
0.086227	0.002056	0.687076	0.26626	Maize1
0.067941	0.003357	0.653436	0.085	Maize1
0.029373	0.008283	0.696727	0.189214	Maize1
0.023874	0.003057	0.675213	0.128569	Maize1
0.079576	0.00204	0.719979	0.204112	Maize1
0.04649	0.001823	0.637147	0.171877	Maize1
0.02323	0.0	0.79686	0.192294	Maize1
0.062247	0.015449	0.741679	0.212286	Maize1
0.052197	0.0	0.677698	0.21332	Maize1
0.043116	0.0	0.686408	0.191243	Maize1
0.02317	0.002699	0.675554	0.160711	Maize1
0.036758	0.011861	0.734378	0.145521	Maize1
0.048372	0.001663	0.639368	0.17365	Maize1
0.038078	0.0	0.68548	0.229865	Maize1
0.037293	0.0	0.673714	0.207481	Maize1
0.006317	0.0	0.776166	0.214163	Maize1
0.036796	0.0	0.70821	0.175156	Maize1
0.011176	0.0	0.699493	0.237187	Maize1
0.064998	0.016103	0.701534	0.147325	Maize1
0.020452	0.008375	0.721153	0.177671	Maize1
0.024715	0.002155	0.651047	0.153012	Maize1
0.016643	0.0	0.683078	0.146087	Maize1
0.02638	0.0	0.709248	0.163021	Maize1
0.064482	0.0	0.632897	0.164591	Maize1
0.045722	0.001962	0.741033	0.209093	Maize1
0.018007	0.001962	0.786077	0.119373	Maize1
0.027129	0.0	0.729945	0.180466	Nonsyntenic
0.041585	0.0	0.751008	0.148983	Nonsyntenic
0.064284	0.0	0.671066	0.165891	Nonsyntenic
0.039135	0.0	0.735937	0.224121	Nonsyntenic
0.023696	0.0	0.680778	0.162042	Nonsyntenic
0.06862	0.0	0.748522	0.182075	Nonsyntenic
0.046371	0.0	0.689267	0.220909	Maize1
0.066506	0.0	0.622993	0.11458	Maize1
0.114146	0.0	0.706545	0.14713	Maize1
0.026864	0.0	0.740862	0.140629	Maize1
0.039562	0.0	0.653056	0.204905	Maize1
0.026136	0.001678	0.716045	0.162411	Nonsyntenic
0.023753	0.0	0.721671	0.144337	Nonsyntenic
0.010795	0.0	0.744627	0.202704	Nonsyntenic
0.030025	0.0	0.675461	0.169614	Nonsyntenic
0.004354	0.0	0.662842	0.129251	Nonsyntenic
0.028247	0.016885	0.695138	0.274556	Nonsyntenic
0.018149	0.0	0.680429	0.159522	Nonsyntenic
0.001248	0.0	0.557538	0.104713	Nonsyntenic
0.038825	0.0	0.45339	0.105493	Nonsyntenic
0.015835	0.0	0.808733	0.124268	Maize1
0.008232	0.0	0.737366	0.119989	Maize1
0.018244	0.0	0.726202	0.134126	Maize1
0.014576	0.001608	0.732181	0.108961	Maize1
0.010886	0.004831	0.74782	0.182787	Maize1
0.01761	0.00657	0.604828	0.213659	Maize1
0.029376	0.0	0.632416	0.129206	Maize1
0.03757	0.003839	0.628706	0.212939	Maize1
0.035055	0.002175	0.713629	0.155983	Nonsyntenic
0.044714	0.011501	0.635367	0.168532	Nonsyntenic
0.048881	0.001304	0.703036	0.214821	Nonsyntenic
0.008621	0.0	0.795355	0.165728	Maize1
0.065677	0.008179	0.699624	0.234261	Maize1
0.083987	0.007046	0.805426	0.225376	Maize1
0.015881	0.0	0.622708	0.139992	Maize1
0.097716	0.0	0.727406	0.269129	Maize1
0.045494	0.001332	0.750091	0.161394	Maize1
0.047247	0.002126	0.667389	0.237405	Maize1
0.051738	0.010401	0.669609	0.218758	Maize1
0.053894	0.0	0.735759	0.161787	Maize1
0.066111	0.000219	0.711356	0.128694	Nonsyntenic
0.016026	0.000774	0.762297	0.122867	Nonsyntenic
0.036304	0.000538	0.752367	0.163105	Nonsyntenic
0.019285	0.0	0.757652	0.164438	Nonsyntenic
0.018757	0.0	0.672642	0.190595	Nonsyntenic
0.00161	0.0	0.762839	0.193274	Nonsyntenic
0.074914	0.0	0.648872	0.148118	Nonsyntenic
0.003012	0.0	0.762751	0.208113	Nonsyntenic
0.060577	0.0	0.708561	0.141379	Nonsyntenic
0.00753	0.0	0.750266	0.174749	Maize2
0.075826	0.0	0.677602	0.151062	Maize2
0.049651	0.014736	0.71216	0.16609	Maize2
0.013943	0.010851	0.741295	0.204616	Maize2
0.013903	0.001519	0.667105	0.159074	Maize2
0.101799	0.0	0.560186	0.266205	Nonsyntenic
0.022989	0.00408	0.673997	0.165813	Maize2
0.032509	0.002325	0.654906	0.159132	Maize2
0.038928	0.0	0.665644	0.260486	Maize2
0.018616	0.001638	0.744818	0.13886	Maize2
0.013508	0.004189	0.696057	0.152277	Maize2
0.056899	0.019017	0.728845	0.189113	Maize2
0.042828	0.002063	0.734466	0.188262	Maize2
0.060326	0.001653	0.698547	0.183663	Maize2
0.028614	0.001364	0.676066	0.179949	Maize2
0.014317	0.001167	0.657231	0.132024	Maize2
0.011025	0.00605	0.75503	0.176824	Maize2
0.019529	0.0	0.659722	0.180768	Maize2
0.091628	0.0	0.599532	0.1625	Maize2
0.012544	0.002143	0.623003	0.17109	Maize2
0.033994	0.0	0.632503	0.258503	Maize2
0.073317	0.0	0.73852	0.184043	Maize2
0.045319	0.000786	0.640077	0.155029	Maize2
0.068036	0.000429	0.552763	0.184384	Maize2
0.039485	0.007014	0.729345	0.175838	Maize2
0.048324	0.005381	0.800527	0.109067	Maize2
0.208549	0.046686	0.681408	0.263174	Maize2
0.032078	0.0	0.700796	0.170787	Maize2
0.035096	0.004197	0.75291	0.214786	Maize2
0.075937	0.0	0.595678	0.207199	Maize2
0.050183	0.003724	0.657307	0.209968	Maize2
0.081599	0.0	0.673773	0.151056	Nonsyntenic
0.070776	0.0	0.69587	0.167355	Nonsyntenic
0.098349	0.0	0.600647	0.126765	Nonsyntenic
0.084124	0.0	0.719757	0.198972	Maize2
0.096062	0.0	0.682939	0.194854	Maize2
0.05837	0.006741	0.696957	0.231188	Maize2
0.02819	0.0	0.71314	0.283541	Maize2
0.053458	0.0	0.699971	0.176031	Maize2
0.095254	0.0	0.694041	0.189476	Nonsyntenic
0.040812	0.000579	0.701045	0.188928	Nonsyntenic
0.071286	0.001917	0.629951	0.141761	Maize2
0.04361	0.0	0.631004	0.155418	Maize2
0.097945	0.0	0.571157	0.13395	Maize2
0.058985	0.007018	0.683503	0.222105	Maize2
0.084	0.003836	0.645971	0.213131	Maize2
0.088326	0.007107	0.657494	0.290293	Maize2
0.077875	0.0	0.658531	0.17802	Maize2
0.085874	0.001659	0.648269	0.245368	Maize2
0.060862	0.0	0.689019	0.147277	Nonsyntenic
0.090006	0.0	0.745165	0.29068	Maize2
0.121889	0.00279	0.61803	0.141503	Maize2
0.031021	0.0	0.660287	0.158918	Maize2
0.087553	0.0	0.69972	0.248507	Maize2
0.07516	0.0	0.680872	0.178522	Maize2
0.054987	0.0	0.692088	0.214386	Maize2
0.079489	0.016655	0.664185	0.236437	Maize2
0.057149	0.005923	0.55961	0.216931	Maize2
0.04516	0.0	0.633772	0.187251	Maize2
0.041704	0.0	0.607177	0.143891	Nonsyntenic
0.060221	0.0	0.682636	0.170741	Maize2
0.082034	0.014836	0.707571	0.277071	Maize2
0.127771	0.01022	0.652551	0.172156	Maize2
0.098718	0.001359	0.665591	0.306549	Maize2
0.059949	0.001884	0.646465	0.196671	Maize2
0.085154	0.003129	0.621644	0.158843	Maize2
0.099569	0.009105	0.642825	0.190515	Maize2
0.112571	0.005142	0.708754	0.199473	Maize2
0.088972	0.001201	0.665341	0.228786	Maize2
0.081293	0.0	0.667899	0.133814	Maize2
0.108479	0.0	0.729803	0.231032	Maize2
0.092256	0.0	0.673626	0.213517	Maize2
0.109385	0.028381	0.647722	0.168337	Maize2
0.100213	0.001488	0.710339	0.153703	Maize2
0.084336	0.005984	0.692126	0.206421	Maize2
0.170002	0.007132	0.692263	0.106421	Maize2
0.079637	0.012536	0.748556	0.134996	Maize2
0.195306	0.052488	0.627181	0.221358	Maize2
0.114978	0.013277	0.580816	0.181999	Maize2
0.178489	0.0	0.666797	0.24755	Maize2
0.130533	0.0	0.706932	0.092976	Maize2
0.153625	0.004423	0.587275	0.268809	Maize2
0.154913	0.008545	0.718069	0.205345	Maize2
0.179872	0.019405	0.618706	0.217115	Maize2
0.126903	0.0	0.560313	0.192352	Maize2
0.100576	0.0	0.58171	0.144257	Maize2
0.109331	0.0	0.694547	0.235332	Maize2
0.123072	0.02024	0.669686	0.206622	Maize2
0.113018	0.0063	0.615929	0.249663	Maize2
0.225451	0.027059	0.551371	0.171564	Maize2
0.134121	0.0	0.469651	0.250581	Maize2
0.138618	0.0	0.530334	0.179364	Maize2
0.127498	0.01537	0.590725	0.164477	Maize2
0.187579	0.003426	0.620827	0.209468	Maize2
0.130898	0.0	0.653038	0.18218	Maize2
0.140705	0.004846	0.663846	0.196843	Maize2
0.154505	0.005752	0.628161	0.311622	Maize2
0.148655	0.0	0.64826	0.23794	Maize2
0.110374	0.002103	0.515999	0.187369	Maize2
0.078207	0.00231	0.514637	0.164693	Maize2
0.049589	0.0	0.309017	0.102679	Nonsyntenic
0.059587	0.002583	0.48931	0.145994	Maize2
0.089226	0.007433	0.472391	0.207354	Maize2
0.135445	0.005117	0.518224	0.181062	Maize2
0.129091	0.011377	0.562416	0.283946	Maize2
0.095459	0.021041	0.51449	0.150231	Maize2
0.0878	0.006336	0.636662	0.243644	Maize2
0.084993	0.023575	0.625691	0.162077	Nonsyntenic
0.097581	0.00453	0.445425	0.180762	Maize2
0.124113	0.031608	0.492324	0.099518	Maize2
0.150887	0.028787	0.616472	0.25925	Maize2
0.087534	0.026812	0.62054	0.162819	Nonsyntenic
0.173705	0.020033	0.600344	0.17433	Maize2
0.12836	0.02043	0.641528	0.252642	Maize2
0.106489	0.0	0.707942	0.145385	Maize2
0.113881	0.005277	0.606327	0.158889	Maize2
0.131215	0.0	0.590358	0.096595	Maize2
0.1341108	0.0	0.5469661	0.3174579	Maize2
0.103578	0.0041	0.576659	0.215957	Maize1
0.183229	0.0035	0.553212	0.202892	Maize1
0.172574	0.006323	0.489502	0.227833	Maize1
0.139702	0.005426	0.65561	0.219943	Maize1
0.099568	0.0	0.501929	0.178862	Maize1
0.085462	0.0	0.639836	0.230224	Maize1
0.0947	0.012323	0.590035	0.25592	Maize1
0.172941	0.0	0.674823	0.194131	Maize1
0.154509	0.044294	0.609801	0.262415	Maize1
0.148259	0.003875	0.560121	0.193832	Maize1
0.039394	0.001398	0.701272	0.215388	Maize1
0.097662	0.003303	0.694521	0.199431	Maize1
0.128097	0.009628	0.658788	0.212403	Maize1
0.115525	0.047264	0.754175	0.234272	Maize1
0.118998	0.0	0.657811	0.155728	Maize1
0.09423	0.045596	0.621225	0.211076	Maize1
0.093502	0.005695	0.666633	0.24067	Maize1
0.077207	0.0	0.732051	0.191361	Maize1
0.064496	0.003147	0.680216	0.226271	Maize1
0.09626	0.038743	0.68092	0.217606	Maize1
0.062795	0.028562	0.656703	0.164016	Maize1
0.062206	0.002733	0.646625	0.172187	Maize1
0.043689	0.0	0.655022	0.218386	Maize1
0.054352	0.008729	0.670902	0.210967	Maize1
0.061838	0.0	0.764046	0.189853	Maize1
0.046446	0.01776	0.642372	0.192304	Maize1
0.032999	0.0	0.684144	0.164981	Maize1
0.036104	0.000993	0.714014	0.278653	Maize1
0.045648	0.0	0.665279	0.092645	Maize1
0.113472	0.014737	0.60559	0.23774	Maize1
0.14855	0.0	0.776605	0.133385	Maize1
0.063125	0.0	0.704303	0.175762	Maize1
0.042055	0.000639	0.766952	0.116247	Maize1
0.044894	0.001726	0.660219	0.207417	Maize1
0.023745	0.002098	0.666529	0.180054	Maize1
0.082878	0.0	0.644777	0.211999	Maize1
0.041486	0.012351	0.697659	0.21282	Maize1
0.06955	0.0	0.727245	0.151967	Maize1
0.072007	0.0	0.726336	0.217357	Maize1
0.044174	0.0	0.706037	0.190679	Maize1
0.109947	0.0	0.672033	0.201928	Maize1
0.048234	0.0	0.636548	0.210533	Maize1
0.049964	0.002846	0.752469	0.116191	Maize1
0.056653	0.001065	0.643425	0.100507	Maize1
0.050951	0.0	0.550039	0.133339	Maize1
0.040482	0.0	0.752412	0.200802	Maize1
0.037741	0.017752	0.573245	0.213832	Maize1
0.056437	0.000968	0.541382	0.18997	Maize1
0.034728	0.0	0.659112	0.2157	Maize1
0.039833	0.000447	0.654008	0.239735	Maize1
0.028081	0.001306	0.685687	0.16953	Maize1
0.046035	0.002499	0.709338	0.221036	Maize1
0.061429	0.0	0.63308	0.183928	Maize1
0.030629	0.001617	0.664766	0.109465	Maize1
0.024231	0.0	0.719698	0.260448	Maize1
0.04567	0.004612	0.64321	0.19629	Maize1
0.026913	0.008531	0.695907	0.188089	Maize1
0.066184	0.0	0.671708	0.130532	Maize1
0.088419	0.022244	0.692496	0.166046	Maize1
0.066052	0.009825	0.633031	0.169406	Maize1
0.064734	0.017684	0.673896	0.149592	Maize1
0.022398	0.0	0.738342	0.126315	Maize1
0.02396	0.0	0.729524	0.160119	Maize1
0.016703	0.0	0.782354	0.130162	Maize1
0.047314	0.001449	0.711185	0.148278	Maize1
0.018128	0.000939	0.721382	0.195541	Maize1
0.038806	0.0	0.609837	0.06951	Maize1
0.030275	0.009599	0.678385	0.190097	Maize1
0.07536	0.0	0.664519	0.18082	Maize1
0.002951	0.000624	0.668432	0.108821	Maize1
0.012937	0.003463	0.707386	0.184779	Nonsyntenic
0.039165	0.003464	0.75865	0.188484	Nonsyntenic
0.004451	0.0	0.79743	0.085497	Nonsyntenic
0.086788	0.0	0.735741	0.104062	Nonsyntenic
0.029573	0.0	0.758184	0.145537	Nonsyntenic
0.024288	0.0	0.77599	0.126638	Nonsyntenic
0.005026	0.0	0.760169	0.143445	Nonsyntenic
0.022629	0.0	0.760011	0.100463	Nonsyntenic
0.004921	0.003093	0.724319	0.15814	Nonsyntenic
0.035429	0.001368	0.710768	0.116359	Nonsyntenic
0.013773	0.0	0.65211	0.195535	Maize1
0.024666	0.0	0.773178	0.210231	Maize1
0.029686	0.0	0.773171	0.123399	Maize1
0.046079	0.0	0.8034	0.17401	Nonsyntenic
0.0	0.0	0.923181	0.144454	Nonsyntenic
0.008169	0.0	0.789241	0.189715	Nonsyntenic
0.00596	0.0	0.467347	0.073982	Nonsyntenic
0.020951	0.0	0.729231	0.185223	Nonsyntenic
0.009266	0.0	0.692247	0.125256	Nonsyntenic
0.014578	0.003865	0.763202	0.199865	Maize2
0.005423	0.003865	0.83427	0.073071	Maize2
0.004686	0.0	0.674212	0.180861	Maize2
0.049243	0.0	0.669498	0.215459	Maize2
0.025828	0.0	0.705194	0.165309	Maize2
0.049546	0.0	0.629893	0.168941	Maize2
0.060384	0.0	0.707164	0.167327	Maize2
0.067405	0.008374	0.75019	0.112524	Maize2
0.090945	0.0	0.701651	0.121651	Maize2
0.017539	0.0	0.840498	0.185665	Maize2
0.068666	0.032816	0.734099	0.160074	Maize2
0.045456	0.0	0.692163	0.236801	Maize2
0.015613	0.004013	0.64807	0.161244	Maize2
0.045398	0.004517	0.738156	0.235065	Nonsyntenic
0.022505	0.0	0.716247	0.184153	Nonsyntenic
0.025082	0.0	0.795419	0.121199	Maize2
0.048255	0.0	0.694409	0.081177	Maize2
0.020961	0.003442	0.670045	0.230763	Maize2
0.020654	0.00297	0.666372	0.170144	Maize2
0.034355	0.0	0.72009	0.118161	Maize2
0.029671	0.0	0.614702	0.196594	Maize2
0.039283	0.000945	0.600722	0.169229	Maize2
0.02832	0.0	0.668841	0.190819	Nonsyntenic
0.039735	0.0	0.733044	0.184424	Nonsyntenic
0.019228	0.0	0.57563	0.134282	Nonsyntenic
0.058571	0.0	0.739033	0.192374	Maize2
0.026555	0.0	0.767554	0.159657	Maize2
0.035828	0.0	0.797565	0.189103	Maize2
0.031044	0.001164	0.717788	0.156759	Maize2
0.038526	0.006074	0.643637	0.219012	Maize2
0.040448	0.0	0.647257	0.188625	Maize2
0.047719	0.01773	0.753658	0.136943	Maize2
0.023065	0.0	0.67892	0.260695	Maize2
0.03214	0.0	0.694358	0.242811	Maize2
0.02526	0.0	0.648423	0.125293	Maize2
0.025321	0.0	0.75066	0.130016	Maize2
0.079617	0.002753	0.68867	0.151242	Maize2
0.040631	0.002737	0.708697	0.179064	Maize2
0.056879	0.014812	0.691827	0.260834	Maize2
0.038922	0.0	0.684457	0.179765	Maize2
0.081862	0.0	0.585943	0.172434	Maize2
0.046967	0.0	0.626405	0.174155	Maize2
0.021898	0.0	0.678419	0.134461	Maize2
0.01339	0.00556	0.679222	0.159784	Maize2
0.092354	0.001587	0.64841	0.200842	Maize2
0.073742	0.0	0.62835	0.279053	Maize2
0.098528	0.0	0.657208	0.108553	Maize2
0.049766	0.0	0.599624	0.328493	Nonsyntenic
0.053603	0.007301	0.586184	0.135425	Maize2
0.10566	0.010456	0.686333	0.176002	Maize2
0.090673	0.002083	0.706375	0.222338	Maize2
0.031752	0.001762	0.657238	0.128176	Maize2
0.108988	0.0	0.679317	0.169222	Maize2
0.115127	0.000615	0.701874	0.228428	Maize2
0.080579	0.000639	0.710341	0.08788	Maize2
0.070419	0.000615	0.753014	0.162515	Nonsyntenic
0.040084	0.0	0.732133	0.218502	Maize1
0.08211	0.011841	0.720827	0.166091	Maize1
0.073606	0.003071	0.677678	0.157817	Maize1
0.079384	0.0	0.658483	0.217985	Maize1
0.112057	0.0	0.683635	0.217422	Maize1
0.066008	0.007479	0.717325	0.231364	Maize1
0.026107	0.003477	0.664755	0.10596	Maize1
0.048602	0.028573	0.685421	0.19207	Maize1
0.063219	0.007359	0.75257	0.226276	Maize1
0.045518	0.017542	0.62744	0.101359	Maize1
0.071662	0.005766	0.691094	0.192687	Maize1
0.107137	0.021306	0.640031	0.203184	Maize1
0.085072	0.00148	0.651653	0.246678	Maize1
0.07471	0.016271	0.721577	0.189534	Maize1
0.048431	0.0	0.68065	0.191966	Maize1
0.038468	0.000465	0.742533	0.210051	Maize1
0.066916	0.003515	0.692888	0.167477	Maize1
0.078156	0.0	0.712841	0.18572	Maize1
0.061397	0.001773	0.65877	0.161106	Maize1
0.082041	0.005194	0.744716	0.13771	Maize1
0.001336	0.0	0.41476	0.097679	Maize1
0.131639	0.005071	0.661619	0.145948	Maize1
0.062252	0.0	0.731273	0.151404	Maize1
0.130021	0.0	0.632649	0.166702	Maize1
0.07878	0.0	0.628448	0.149834	Maize1
0.129892	0.006939	0.715124	0.14095	Maize1
0.085979	0.00957	0.615454	0.172086	Maize1
0.050127	0.002523	0.658052	0.182543	Maize1
0.061899	0.0	0.708027	0.147287	Maize1
0.088673	0.0	0.632985	0.104939	Maize1
0.094733	0.015202	0.726052	0.283373	Maize1
0.053098	0.009553	0.751693	0.200867	Maize1
0.149626	0.0	0.627432	0.206515	Maize1
0.133288	0.009959	0.57714	0.196714	Maize1
0.099708	0.004591	0.68856	0.209334	Maize1
0.068772	0.010923	0.634705	0.177699	Maize1
0.095362	0.0	0.668496	0.252097	Maize1
0.096082	0.007784	0.662444	0.218773	Maize1
0.110001	0.009021	0.613086	0.197975	Maize1
0.083767	0.001626	0.648483	0.214996	Maize1
0.09633	0.000636	0.655352	0.178554	Maize1
0.099963	0.003924	0.659235	0.201558	Maize1
0.080859	0.012168	0.56032	0.183082	Maize1
0.142914	0.004516	0.644092	0.173176	Maize1
0.181622	0.01444	0.596624	0.215267	Maize1
0.163777	0.007329	0.66271	0.184019	Maize1
0.093342	0.004236	0.670554	0.143969	Maize1
0.074212	0.009534	0.555277	0.223312	Maize1
0.084891	0.016608	0.58521	0.166365	Maize1
0.219431	0.00601	0.561437	0.11569	Maize1
0.133899	0.0	0.662963	0.13633	Maize1
0.11685	0.0	0.641839	0.22755	Maize1
0.108197	0.0	0.584456	0.214836	Maize1
0.132692	0.005661	0.641376	0.276426	Maize1
0.114572	0.0	0.55668	0.120089	Maize1
0.085745	0.011337	0.628049	0.245938	Maize1
0.127062	0.005228	0.614997	0.2034	Maize1
0.146088	0.010622	0.605958	0.137598	Maize1
0.12985	0.022961	0.658436	0.158832	Maize1
0.107653	0.001876	0.578557	0.268371	Maize1
0.090955	0.010093	0.572632	0.227969	Maize1
0.135967	0.002079	0.599928	0.141013	Maize1
0.104312	0.009931	0.656755	0.252911	Maize1
0.092452	0.011733	0.608303	0.163526	Maize1
0.124275	0.016751	0.632097	0.253214	Maize1
0.157949	0.024904	0.474835	0.194539	Maize1
0.165266	0.0	0.576069	0.173969	Maize1
0.100316	0.007837	0.572335	0.1628	Maize1
0.127631	0.0	0.673549	0.240297	Maize1
0.131695	0.026928	0.609764	0.190778	Maize1
0.099922	0.013774	0.628698	0.191111	Maize1
0.087234	0.002969	0.650703	0.21637	Maize1
0.128088	0.037191	0.655239	0.226093	Maize1
0.107383	0.0	0.523294	0.209689	Maize1
0.1096	0.018316	0.617583	0.231411	Maize1
0.095406	0.020759	0.604493	0.148624	Maize1
0.167586	0.008656	0.49564	0.221644	Maize1
0.114508	0.001427	0.673246	0.174449	Maize1
0.171687	0.022838	0.540023	0.155861	Maize1
0.154114	0.042222	0.580858	0.159963	Maize1
0.172889	0.022304	0.646607	0.161762	Maize1
0.164013	0.00791	0.575113	0.194346	Maize1
0.10889	0.033654	0.543499	0.265879	Maize1
0.153441	0.023915	0.620399	0.246185	Maize1
0.155881	0.0	0.557904	0.191799	Maize1
0.130835	0.0	0.545765	0.163885	Maize1
0.214683	0.02107	0.576602	0.188358	Maize1
0.178307	0.054532	0.603851	0.201696	Maize1
0.183834	0.012154	0.562428	0.177593	Maize2
0.09831	0.010645	0.573228	0.171967	Maize2
0.1055472	0.0	0.4762007	0.198729	Maize2
0.027388	0.005758	0.790179	0.202978	Maize1
0.10236	0.014019	0.562263	0.183111	Maize1
0.080327	0.02813	0.238661	0.104107	Maize1
0.126394	0.015082	0.467107	0.149917	Maize1
0.129063	0.028554	0.547606	0.1853	Maize1
0.136825	0.019376	0.514457	0.27086	Maize1
0.141173	0.022126	0.510687	0.26965	Maize1
0.073625	0.001311	0.610219	0.244517	Maize1
0.029072	0.0	0.72943	0.166784	Maize1
0.003374	0.0	0.857171	0.133065	Maize1
0.055124	0.009585	0.654362	0.156089	Maize1
0.105455	0.01693	0.527076	0.216813	Maize1
0.069967	0.0	0.550889	0.158091	Maize1
0.077167	0.003103	0.59029	0.216245	Maize1
0.083435	0.000549	0.581361	0.246171	Maize1
0.102201	0.0	0.546997	0.172979	Maize1
0.073654	0.002098	0.58757	0.213282	Maize1
0.093765	0.020293	0.618853	0.162193	Maize1
0.065668	0.0	0.536515	0.20956	Maize1
0.061167	0.00778	0.605562	0.183176	Maize1
0.064965	0.0	0.630212	0.223114	Maize1
0.057677	0.00483	0.566926	0.212462	Maize1
0.0485	0.0	0.738933	0.184248	Maize1
0.042666	0.00973	0.573201	0.166362	Maize1
0.048513	0.014946	0.611244	0.222984	Maize1
0.062056	0.005124	0.620407	0.211676	Maize2
0.045747	0.0	0.645063	0.196051	Nonsyntenic
0.109806	0.0	0.630415	0.230941	Maize2
0.161853	0.0	0.617284	0.169798	Maize2
0.074689	0.005801	0.763434	0.23658	Maize2
0.116795	0.024063	0.634912	0.207887	Maize2
0.047	0.0	0.681184	0.185042	Maize2
0.078651	0.003442	0.659276	0.101991	Maize2
0.04488	0.006681	0.66298	0.198186	Maize2
0.070709	0.0	0.697048	0.147033	Maize2
0.075512	0.028893	0.678223	0.17195	Maize2
0.06072	0.0	0.649286	0.204681	Maize2
0.056777	0.0	0.661278	0.211807	Maize2
0.097757	0.0	0.636893	0.175207	Maize2
0.052124	0.004446	0.719615	0.229075	Maize2
0.069662	0.0	0.636774	0.236675	Maize2
0.070635	0.0	0.708505	0.222445	Maize2
0.038365	0.0	0.750308	0.225956	Maize2
0.074142	0.0	0.690937	0.222027	Maize2
0.076619	0.008824	0.632695	0.219139	Maize2
0.077477	0.0	0.690827	0.214368	Maize2
0.07595	0.009363	0.692491	0.333061	Maize2
0.022156	0.002169	0.790006	0.172791	Maize2
0.03502	0.0	0.657039	0.15442	Maize2
0.029011	0.0	0.62988	0.218068	Maize2
0.033069	0.0	0.688357	0.200094	Maize2
0.059585	0.0	0.624749	0.150955	Maize2
0.040777	0.0	0.707735	0.186618	Maize2
0.046095	0.0	0.655591	0.217636	Maize2
0.027911	0.005315	0.667405	0.1536	Maize2
0.038647	0.0	0.685377	0.177084	Maize2
0.062434	0.0	0.66627	0.239386	Nonsyntenic
0.011923	0.0	0.685521	0.093745	Maize2
0.028218	0.014148	0.631185	0.158452	Maize2
0.015298	0.0	0.702944	0.175318	Maize2
0.100541	0.0	0.622566	0.200719	Nonsyntenic
0.033123	0.000651	0.724527	0.154652	Nonsyntenic
0.066403	0.0	0.720987	0.285627	Maize2
0.021059	0.0	0.660731	0.238118	Maize2
0.033676	0.013355	0.664672	0.139992	Maize2
0.04793	0.004815	0.737607	0.186635	Maize2
0.058116	0.0	0.704253	0.204253	Maize2
0.049106	0.0	0.768038	0.133756	Nonsyntenic
0.10301	0.020346	0.677681	0.122201	Nonsyntenic
0.086029	0.008641	0.581282	0.172082	Nonsyntenic
0.049939	0.014685	0.657697	0.22269	Maize2
0.026402	0.0	0.693652	0.174629	Maize2
0.015335	0.004684	0.768636	0.186586	Maize2
0.038492	0.0	0.716859	0.147157	Maize2
0.049631	0.0	0.692565	0.176749	Maize2
0.036355	0.0	0.635339	0.163027	Nonsyntenic
0.053453	0.0	0.757588	0.197181	Maize2
0.062971	0.016081	0.687135	0.242588	Maize2
0.034178	0.0	0.585737	0.189873	Maize2
0.024756	0.0	0.739482	0.223255	Maize2
0.078833	0.0	0.673321	0.243068	Maize2
0.060717	0.0	0.706925	0.181053	Maize2
0.051123	0.0	0.703965	0.20836	Maize2
0.031273	0.0	0.773989	0.144832	Maize2
0.033635	0.0	0.67616	0.197506	Maize2
0.02077	0.001366	0.676935	0.19125	Maize2
0.045332	0.0	0.629706	0.172413	Maize2
0.024448	0.0	0.675069	0.14027	Maize2
0.035028	0.0	0.758389	0.204303	Maize2
0.025156	0.0	0.688148	0.207561	Nonsyntenic
0.047473	0.0	0.647241	0.173018	Nonsyntenic
0.016501	0.00114	0.738778	0.171211	Nonsyntenic
0.047036	0.0	0.738029	0.215643	Nonsyntenic
0.021419	0.000984	0.689282	0.180181	Nonsyntenic
0.077613	0.0	0.703972	0.200004	Maize2
0.005504	0.0	0.729048	0.173935	Nonsyntenic
0.03641	0.0	0.697127	0.159355	Nonsyntenic
0.014837	0.0	0.769658	0.107938	Nonsyntenic
0.012639	0.0	0.744703	0.154372	Nonsyntenic
0.03798	0.0	0.737487	0.084712	Maize2
0.001729	0.0	0.728538	0.245177	Maize2
0.021622	0.0	0.667536	0.187482	Maize2
0.049614	0.0	0.758406	0.172028	Maize2
0.046058	0.004378	0.637497	0.237356	Maize2
0.11615	0.0	0.67782	0.137481	Maize2
0.087869	0.0	0.740611	0.138329	Maize2
0.003848	0.0	0.810399	0.189547	Maize2
0.003733	0.0	0.480511	0.100041	Maize2
0.004617	0.0	0.762415	0.132956	Maize2
0.019156	0.0	0.557554	0.084794	Maize2
0.001009	0.0	0.683805	0.135949	Maize2
0.0	0.0	0.813787	0.166107	Maize2
0.006194	0.0	0.675764	0.19429	Maize2
0.025074	0.0	0.784957	0.141539	Maize2
0.021556	0.0	0.678777	0.197656	Maize2
0.009647	0.001987	0.647285	0.116899	Maize2
0.028177	0.0	0.705846	0.14541	Maize2
0.019963	0.0	0.658535	0.132634	Maize2
0.030375	0.0	0.672041	0.181173	Maize2
0.012312	0.0	0.714123	0.157328	Maize2
0.048493	0.0	0.739977	0.172995	Maize2
0.020822	0.0	0.732362	0.125314	Maize2
0.030997	0.0	0.714312	0.168896	Maize2
0.034591	0.0	0.725136	0.184108	Maize2
0.029697	0.0	0.703171	0.162976	Maize2
0.020256	0.0	0.660407	0.229354	Maize2
0.044384	0.0	0.746448	0.174839	Maize2
0.036331	0.0	0.613655	0.124746	Maize2
0.046168	0.0	0.684561	0.146783	Maize2
0.013323	0.0	0.687407	0.149087	Maize2
0.024246	0.0	0.712509	0.177391	Maize2
0.061395	0.00463	0.755755	0.165126	Maize2
0.057766	0.0	0.685272	0.206228	Maize2
0.0576	0.0	0.618023	0.177734	Maize2
0.042466	0.0	0.634708	0.220951	Maize2
0.029713	0.0	0.705104	0.167968	Maize2
0.035523	0.0	0.717495	0.223447	Maize2
0.06184	0.017007	0.632445	0.142109	Maize2
0.048467	0.0	0.642585	0.141752	Maize2
0.040818	0.0	0.703448	0.137896	Maize2
0.058273	0.0	0.673425	0.132095	Maize2
0.035076	0.016348	0.690366	0.243615	Maize2
0.018594	0.005537	0.781398	0.120526	Maize2
0.037532	0.0	0.780002	0.170522	Maize2
0.048063	0.0	0.672268	0.252368	Maize2
0.032708	0.0	0.662326	0.171319	Maize2
0.034694	0.01084	0.657094	0.112383	Maize2
0.085727	0.0	0.604775	0.222681	Maize2
0.056811	0.002955	0.754975	0.168505	Maize2
0.034726	0.002516	0.699842	0.201397	Maize2
0.058909	0.008204	0.70445	0.150304	Maize2
0.0541	0.005137	0.704332	0.305117	Maize2
0.080447	0.0	0.689237	0.223692	Maize2
0.016881	0.002916	0.737836	0.16451	Maize2
0.034115	0.0	0.764627	0.217909	Maize2
0.080735	0.008788	0.649876	0.269278	Maize2
0.050813	0.0	0.62058	0.173708	Maize2
0.072882	0.026875	0.695508	0.201786	Maize2
0.059601	0.0	0.700389	0.215134	Maize2
0.062556	0.001146	0.647615	0.185483	Maize2
0.128192	0.001549	0.601973	0.164306	Maize2
0.124025	0.0	0.634144	0.228222	Maize2
0.08638	0.0	0.637804	0.222703	Maize2
0.062556	0.0	0.619126	0.129373	Maize2
0.122816	0.016769	0.695853	0.24085	Maize2
0.117192	0.001254	0.652384	0.163031	Maize2
0.103574	0.009238	0.63884	0.21871	Nonsyntenic
0.049185	0.006322	0.617854	0.175683	Nonsyntenic
0.134407	0.005228	0.585167	0.110466	Nonsyntenic
0.060815	0.0	0.643419	0.184609	Maize2
0.051945	0.0	0.66553	0.152689	Maize2
0.058122	0.0	0.713119	0.233689	Maize2
0.145246	0.0	0.656601	0.213976	Maize2
0.089575	0.0	0.73524	0.199989	Maize2
0.107111	0.0	0.692606	0.242466	Maize2
0.160494	0.046633	0.60145	0.164394	Maize2
0.14807	0.000777	0.624808	0.291433	Maize2
0.074634	0.0	0.726095	0.226921	Maize2
0.109755	0.0	0.58331	0.215062	Maize2
0.121741	0.010639	0.695297	0.090567	Maize2
0.094077	0.0	0.641334	0.248453	Maize2
0.098185	0.00908	0.677316	0.218071	Maize2
0.03281	0.0	0.626122	0.157986	Maize2
0.083265	0.006981	0.686507	0.238624	Maize2
0.119364	0.0	0.65024	0.239986	Maize2
0.116182	0.0	0.706522	0.164963	Maize2
0.118523	0.0	0.679024	0.168387	Nonsyntenic
0.151425	0.005515	0.658746	0.160383	Maize1
0.094549	0.005561	0.630585	0.199731	Maize1
0.119216	0.017174	0.617441	0.237748	Maize1
0.183736	0.008024	0.628515	0.217723	Maize1
0.076143	0.005256	0.666094	0.249031	Maize1
0.063895	0.0	0.553395	0.219742	Maize1
0.115714	0.002931	0.602623	0.272888	Maize1
0.040595	0.001779	0.707834	0.149225	Maize1
0.091875	0.006051	0.622986	0.251185	Maize1
0.062318	0.011168	0.4985	0.153345	Maize1
0.111515	0.003616	0.62418	0.250771	Maize2
0.105452	0.0	0.629334	0.152665	Maize2
0.123491	0.0	0.597134	0.189253	Maize2
0.053492	0.007096	0.506929	0.204492	Nonsyntenic
0.08217	0.011692	0.682571	0.223993	Maize2
0.146474	0.006655	0.594351	0.289606	Maize2
0.091949	0.0	0.57794	0.217848	Maize2
0.065679	0.0	0.587531	0.181053	Nonsyntenic
0.142483	0.022066	0.629107	0.194265	Maize1
0.099328	0.002492	0.568288	0.192121	Maize1
0.059494	0.041027	0.579342	0.204542	Nonsyntenic
0.062953	0.00632	0.624848	0.187266	Nonsyntenic
0.076461	0.0	0.486733	0.128214	Maize1
0.07675	0.020293	0.531312	0.144319	Maize1
0.063133	0.0	0.537258	0.141292	Maize1
0.085547	0.0	0.60224	0.213528	Maize1
0.073683	0.0	0.575082	0.168356	Maize1
0.040988	0.001642	0.633296	0.143709	Maize1
0.025945	0.0	0.550358	0.161361	Nonsyntenic
0.054197	0.0	0.642731	0.232281	Maize1
0.048735	0.0	0.616758	0.143066	Maize1
0.067463	0.0	0.624296	0.17562	Maize1
0.073937	0.001021	0.594373	0.178926	Maize2
0.047507	0.000774	0.496747	0.251386	Maize2
0.053728	0.0	0.695084	0.22911	Maize2
0.112741	0.0	0.506516	0.210018	Nonsyntenic
0.150627	0.0	0.622967	0.213021	Nonsyntenic
0.072261	0.006138	0.607467	0.162489	Nonsyntenic
0.118352	0.0	0.628048	0.102163	Nonsyntenic
0.071539	0.002924	0.646403	0.193	Nonsyntenic
0.088919	0.006989	0.540613	0.193161	Nonsyntenic
0.045763	0.008363	0.603987	0.182169	Maize2
0.036424	0.0	0.39129	0.070099	Maize2
0.068209	0.013473	0.681681	0.104617	Maize2
0.035561	0.001653	0.53568	0.180258	Maize2
0.12529	0.00297	0.596731	0.167724	Maize2
0.078088	0.003291	0.698148	0.199953	Maize2
0.062773	0.0	0.65671	0.188245	Maize2
0.070654	0.015988	0.568782	0.176067	Maize2
0.086516	0.0	0.59565	0.209849	Maize2
0.06306	0.012349	0.634163	0.133435	Maize2
0.166992	0.01117	0.631758	0.153399	Maize2
0.166582	0.007157	0.53384	0.234104	Maize2
0.189708	0.005377	0.533021	0.220146	Maize2
0.191568	0.004179	0.571054	0.138806	Maize2
0.153987	0.021118	0.530864	0.189358	Maize2
0.221417	0.024226	0.57025	0.219765	Maize2
0.21246	0.004858	0.541443	0.260754	Maize2
0.239328	0.030795	0.551255	0.265748	Maize2
0.1524314	0.0037512	0.6288878	0.1416874	Maize2
0.176098	0.0	0.599096	0.161788	Maize2
0.319264	0.016294	0.538561	0.188392	Maize2
0.262107	0.041094	0.442109	0.143277	Maize2
0.212141	0.007835	0.533485	0.128981	Maize2
0.195445	0.013944	0.462098	0.176594	Maize2
0.147675	0.0	0.551675	0.202683	Maize2
0.199325	0.021454	0.575756	0.218486	Maize2
0.213637	0.006088	0.527921	0.137847	Maize2
0.130725	0.0	0.599017	0.258891	Maize2
0.081967	0.001743	0.698825	0.283876	Maize2
0.14262	0.000981	0.532197	0.242393	Maize2
0.160726	0.029239	0.645028	0.183868	Maize2
0.170156	0.0	0.521558	0.188862	Maize2
0.161713	0.002083	0.656623	0.155627	Maize2
0.087532	0.002148	0.539384	0.229085	Maize2
0.149412	0.000975	0.592619	0.224693	Maize2
0.10663	0.007481	0.706899	0.142143	Maize2
0.089943	0.0	0.633064	0.232587	Maize2
0.12429	0.018244	0.646725	0.204605	Maize2
0.131122	0.0	0.594427	0.175351	Maize2
0.184564	0.041504	0.651468	0.134428	Maize2
0.154548	0.021178	0.58199	0.225629	Maize2
0.086427	0.0	0.645689	0.281019	Maize2
0.157659	0.0	0.682147	0.200422	Maize2
0.096476	0.006899	0.647578	0.228303	Maize2
0.042928	0.002036	0.67057	0.147408	Maize2
0.079224	0.007281	0.615051	0.212571	Nonsyntenic
0.109046	0.0	0.601333	0.158732	Maize2
0.046651	0.0	0.662244	0.277683	Maize2
0.067574	0.0	0.710067	0.162667	Maize2
0.070377	0.0	0.703974	0.239282	Maize2
0.067988	0.00087	0.647958	0.155156	Maize2
0.136427	0.004284	0.620098	0.186678	Maize2
0.063567	0.00343	0.590914	0.24819	Maize2
0.13758	0.016269	0.5885	0.20605	Maize2
0.13314	0.0	0.597938	0.210386	Maize2
0.060703	0.000792	0.693577	0.157539	Maize2
0.070661	0.0	0.572606	0.198269	Maize2
0.107466	0.002348	0.629866	0.135245	Maize2
0.081861	0.0	0.651667	0.14689	Maize2
0.096201	0.017045	0.600534	0.227797	Nonsyntenic
0.09542	0.002955	0.597637	0.222499	Nonsyntenic
0.068322	0.003084	0.721452	0.192154	Maize1
0.087243	0.059872	0.650585	0.208775	Maize1
0.044262	0.015604	0.623361	0.204223	Nonsyntenic
0.066385	0.0	0.656509	0.124239	Maize2
0.064484	0.0	0.751174	0.188911	Maize2
0.059981	0.019395	0.666178	0.247688	Nonsyntenic
0.029029	0.015094	0.738123	0.166302	Maize1
0.056302	0.003896	0.614901	0.163843	Maize1
0.058921	0.0	0.590534	0.206425	Maize1
0.090494	0.018249	0.693002	0.233672	Maize1
0.030297	0.007981	0.676285	0.203689	Nonsyntenic
0.10264	0.006963	0.487816	0.146328	Maize1
0.082194	0.004832	0.697381	0.191383	Maize1
0.024769	0.008728	0.838341	0.187697	Maize1
0.044935	0.006064	0.679518	0.187766	Maize1
0.079102	0.026235	0.749823	0.214676	Maize1
0.063637	0.0	0.735725	0.186776	Maize1
0.125465	0.0	0.691976	0.222822	Maize1
0.086013	0.007103	0.655835	0.215173	Maize1
0.084787	0.004826	0.69418	0.150408	Maize1
0.050466	0.0	0.731924	0.142485	Maize1
0.075257	0.0	0.708864	0.171724	Maize1
0.081051	0.025333	0.629172	0.189164	Maize1
0.036081	0.001928	0.688581	0.177106	Maize1
0.112139	0.010149	0.715992	0.177311	Maize1
0.141373	0.007787	0.683117	0.147517	Maize1
0.05085	0.0	0.754708	0.143773	Maize1
0.066896	0.008553	0.788925	0.205164	Maize1
0.082577	0.011538	0.732399	0.182327	Maize1
0.061364	0.001248	0.792205	0.233903	Maize1
0.117012	0.008843	0.633467	0.152158	Maize1
0.079481	0.012653	0.665071	0.262474	Maize1
0.041195	0.002151	0.820365	0.166696	Maize1
0.074385	0.004007	0.651051	0.134725	Maize1
0.107819	0.0	0.699707	0.232368	Maize1
0.060053	0.0	0.758684	0.17719	Maize1
0.101301	0.008245	0.721137	0.223289	Maize1
0.100184	0.016705	0.723888	0.103756	Maize1
0.093972	0.036544	0.721128	0.241991	Maize1
0.106733	0.002112	0.765396	0.209652	Maize1
0.094034	0.0	0.698656	0.171848	Maize1
0.052002	0.0	0.76022	0.198729	Maize1
0.075522	0.0	0.754756	0.14687	Maize1
0.04203	0.0	0.689743	0.143794	Maize1
0.025577	0.003818	0.757527	0.258014	Maize1
0.039016	0.0	0.58666	0.160889	Maize1
0.056171	0.0	0.689031	0.243539	Maize1
0.0577	0.0	0.722408	0.120888	Maize1
0.11231	0.010389	0.713375	0.103755	Maize1
0.054948	0.0	0.663016	0.207056	Maize1
0.02412	0.0	0.723329	0.162825	Maize1
0.0795	0.055298	0.744489	0.188387	Maize1
0.033413	0.0	0.700446	0.238768	Maize1
0.029126	0.0	0.689983	0.24101	Maize1
0.029206	0.0	0.70651	0.20512	Maize1
0.019153	0.001068	0.758941	0.091107	Maize1
0.049037	0.0	0.774253	0.174041	Maize1
0.011209	0.002961	0.793155	0.129251	Maize1
0.044144	0.003801	0.715967	0.151333	Maize1
0.039143	0.0	0.664283	0.173923	Maize1
0.040654	0.007182	0.659179	0.181842	Maize1
0.037233	0.0	0.737142	0.239306	Maize1
0.009722	0.0	0.706832	0.158407	Nonsyntenic
0.018054	0.0	0.618705	0.120937	Nonsyntenic
0.002238	0.0	0.563039	0.112903	Nonsyntenic
0.009736	0.0	0.7531	0.205774	Nonsyntenic
0.04319	0.0	0.560498	0.151312	Nonsyntenic
0.025847	0.0	0.744449	0.195986	Nonsyntenic
0.027158	0.001414	0.782119	0.169425	Nonsyntenic
0.028648	0.0	0.731256	0.091291	Maize1
0.007864	0.0	0.629405	0.168565	Maize1
0.004545	0.0	0.844586	0.125238	Maize1
0.020268	0.0	0.732896	0.188162	Maize1
0.018498	0.0	0.729645	0.148277	Maize1
0.068999	0.0	0.762965	0.10129	Maize1
0.031621	0.0	0.780106	0.122867	Maize1
0.113255	0.0	0.805456	0.144394	Maize1
0.060824	0.0	0.698686	0.259078	Maize1
0.002529	0.0	0.72184	0.242199	Maize1
0.028246	0.0	0.776551	0.079862	Maize1
0.026844	0.0	0.617664	0.131504	Maize1
0.028592	0.014564	0.645897	0.191787	Maize1
0.041137	0.01012	0.560119	0.142743	Maize1
0.039721	0.0	0.826242	0.217556	Maize1
0.0384	0.0	0.671452	0.172783	Maize1
0.045007	0.0	0.670209	0.280233	Maize1
0.010238	0.0	0.675693	0.159476	Maize1
0.126616	0.0	0.652591	0.198312	Nonsyntenic
0.013686	0.009068	0.664788	0.111098	Nonsyntenic
0.014639	0.0	0.643299	0.166152	Maize1
0.05083	0.0	0.701822	0.147773	Maize1
0.02899	0.0	0.756171	0.157776	Nonsyntenic
0.050231	0.004516	0.663564	0.142795	Nonsyntenic
0.03019	0.005865	0.760685	0.147132	Maize1
0.041478	0.0	0.712691	0.12579	Maize1
0.059298	0.0	0.777477	0.163502	Maize1
0.0726	0.0	0.704081	0.152086	Maize1
0.029099	0.0	0.749402	0.150566	Maize1
0.060059	0.005635	0.672579	0.159697	Maize1
0.044445	0.001773	0.698751	0.206604	Maize1
0.02911	0.0	0.717788	0.274034	Maize1
0.02949	0.001194	0.67942	0.139381	Maize1
0.052956	0.0	0.62083	0.146276	Maize1
0.025162	0.001202	0.68272	0.140888	Maize1
0.047076	0.015714	0.738121	0.194031	Maize1
0.081696	0.004269	0.640453	0.180635	Maize1
0.051172	0.010866	0.666825	0.201044	Maize1
0.008989	0.0	0.691128	0.224068	Maize1
0.050311	0.009989	0.654777	0.240915	Maize1
0.029083	0.0	0.654304	0.205579	Maize1
0.021409	0.0	0.724227	0.259105	Maize1
0.013971	0.0	0.71742	0.193499	Maize1
0.024094	0.001494	0.57979	0.144406	Maize1
0.071187	0.0	0.707199	0.215063	Maize1
0.085631	0.002652	0.751792	0.133518	Maize1
0.035273	0.0	0.712013	0.141247	Maize1
0.053498	0.0	0.622293	0.20776	Maize1
0.043694	0.0	0.678386	0.186862	Maize1
0.094489	0.047953	0.682843	0.157002	Maize1
0.050785	0.006751	0.768209	0.206228	Maize1
0.109732	0.004631	0.560521	0.204092	Maize1
0.094107	0.007985	0.794805	0.250071	Maize1
0.090801	0.0	0.660387	0.251736	Maize1
0.097886	0.0	0.692705	0.144976	Maize1
0.084014	0.0	0.71851	0.174451	Maize1
0.065359	0.00042	0.716658	0.215261	Maize1
0.102184	0.0	0.715514	0.141086	Maize1
0.035046	0.004042	0.810004	0.103219	Maize1
0.091163	0.005369	0.619191	0.171971	Maize1
0.057431	0.004189	0.701386	0.11208	Maize1
0.083917	0.0	0.722434	0.174366	Maize1
0.057957	0.0	0.749956	0.18925	Maize1
0.069822	0.00423	0.693512	0.155559	Nonsyntenic
0.063554	0.005435	0.685077	0.236483	Maize1
0.097486	0.0	0.67124	0.136208	Maize1
0.102201	0.0	0.681357	0.231426	Maize1
0.172649	0.009916	0.610332	0.218702	Maize1
0.128708	0.011638	0.638243	0.194757	Maize1
0.073095	0.005492	0.722391	0.137645	Maize1
0.092104	0.0	0.681841	0.178873	Maize1
0.095647	0.00616	0.64659	0.204007	Maize1
0.093706	0.006777	0.71255	0.173514	Maize1
0.097196	0.0	0.685439	0.178722	Maize1
0.10651	0.0	0.730626	0.184422	Maize1
0.104754	0.0	0.723232	0.202319	Maize1
0.111546	0.017091	0.723625	0.164695	Maize1
0.132312	0.034906	0.56933	0.220802	Maize1
0.062453	0.009504	0.740133	0.190425	Maize1
0.092605	0.019249	0.623597	0.173498	Maize1
0.052091	0.014077	0.637715	0.14887	Maize1
0.122187	0.001697	0.707672	0.179181	Maize1
0.17945	0.037909	0.677368	0.104081	Maize1
0.095077	0.002003	0.65424	0.245648	Maize1
0.07533	0.006099	0.606761	0.269603	Maize1
0.082714	0.009433	0.634045	0.162058	Maize1
0.102213	0.010646	0.648614	0.244645	Maize1
0.131712	0.000777	0.610982	0.124362	Maize1
0.087264	0.003908	0.680199	0.178579	Maize1
0.075416	0.000837	0.729735	0.122708	Maize1
0.083394	0.001761	0.600017	0.201009	Maize1
0.049544	0.002159	0.766768	0.180304	Maize1
0.094399	0.000345	0.548713	0.209168	Maize1
0.098384	0.0	0.618619	0.194558	Maize1
0.126024	0.018612	0.635447	0.223111	Maize1
0.094365	0.013158	0.68689	0.120344	Maize1
0.162478	0.000825	0.607462	0.155638	Maize1
0.087087	0.002286	0.668671	0.2395	Maize1
0.192594	0.027498	0.581809	0.205867	Maize1
0.190434	0.00679	0.500017	0.225735	Maize1
0.182823	0.002223	0.551897	0.179902	Maize1
0.118201	0.0	0.387847	0.183986	Maize1
0.109627	0.002349	0.500036	0.13395	Maize1
0.097928	0.007328	0.694419	0.182657	Maize1
0.179077	0.020809	0.55914	0.194311	Maize1
0.089845	0.004659	0.618717	0.189438	Maize1
0.228823	0.006303	0.482958	0.226119	Maize1
0.217421	0.018307	0.55338	0.297835	Maize1
0.188703	0.0	0.457233	0.143819	Maize1
0.180415	0.0	0.520629	0.175694	Maize1
0.246132	0.003395	0.533783	0.190704	Maize1
0.141893	0.00555	0.532682	0.192611	Maize1
0.1000454	0.0	0.5813032	0.1810605	Maize1
0.039393	0.001287	0.70527	0.234337	Maize1
0.060949	0.002718	0.670195	0.118702	Nonsyntenic
0.071292	0.003117	0.717241	0.210995	Maize1
0.105152	0.016446	0.711638	0.24254	Maize1
0.100188	0.002908	0.751439	0.248392	Maize1
0.029072	0.007318	0.800455	0.257497	Maize1
0.059281	0.01338	0.728768	0.304116	Maize1
0.092521	0.028867	0.784801	0.217159	Maize1
0.095396	0.04692	0.762219	0.138161	Maize1
0.045927	0.0	0.804046	0.162006	Maize1
0.013502	0.0	0.779462	0.166352	Nonsyntenic
0.0	0.0	0.452947	0.083071	Nonsyntenic
0.0	0.0	0.090531	0.035652	Nonsyntenic
0.000652	0.0	0.19269	0.03591	Nonsyntenic
0.003973	0.003099	0.60287	0.14352	Nonsyntenic
0.023757	0.016632	0.784921	0.143067	Nonsyntenic
0.01533	0.002389	0.752226	0.193685	Nonsyntenic
0.019698	0.003067	0.748769	0.189633	Nonsyntenic
0.070591	0.001737	0.725987	0.198296	Nonsyntenic
0.06567	0.0	0.774882	0.199796	Nonsyntenic
0.038149	0.005996	0.641734	0.181354	Nonsyntenic
0.029517	0.002021	0.745288	0.299503	Nonsyntenic
0.075243	0.0	0.680121	0.12873	Nonsyntenic
0.092266	0.004765	0.736012	0.273695	Nonsyntenic
0.069662	0.022495	0.727181	0.251331	Nonsyntenic
0.052382	0.012303	0.728932	0.181644	Nonsyntenic
0.008909	0.0	0.732164	0.133849	Maize1
0.013823	0.0	0.734806	0.248889	Maize1
0.105242	0.0	0.677253	0.218783	Maize1
0.057108	0.0	0.765934	0.236778	Maize1
0.033749	0.0	0.698843	0.157014	Maize1
0.03505	0.007687	0.640243	0.178813	Maize1
0.023099	0.006951	0.705564	0.142502	Maize1
0.145252	0.008176	0.669112	0.176841	Maize1
0.037836	0.00241	0.79123	0.16525	Maize1
0.046456	0.012706	0.72295	0.187564	Maize1
0.04857	0.019252	0.693285	0.226866	Maize1
0.0733	0.03085	0.800032	0.288899	Maize1
0.024531	0.005462	0.696827	0.252126	Maize1
0.014607	0.002634	0.669779	0.165998	Maize1
0.038105	0.00776	0.740138	0.219647	Maize1
0.060366	0.000429	0.688029	0.209343	Maize1
0.021673	0.009996	0.629113	0.193527	Maize1
0.020677	0.00552	0.705071	0.148236	Maize1
0.030617	0.0	0.816375	0.244546	Maize1
0.026412	0.002079	0.768054	0.217415	Maize1
0.039221	0.0	0.730109	0.191608	Maize1
0.023481	0.0	0.773488	0.199998	Maize1
0.019394	0.0	0.769696	0.225791	Maize1
0.003782	0.0	0.790621	0.219732	Maize1
0.023838	0.0	0.70486	0.159663	Maize1
0.011593	0.0	0.811328	0.103322	Maize1
0.024329	0.021332	0.759352	0.210392	Nonsyntenic
0.014642	0.005245	0.772749	0.234065	Nonsyntenic
0.037328	0.001856	0.69286	0.101097	Maize2
0.014747	0.0	0.789584	0.187676	Nonsyntenic
0.009574	0.0	0.801924	0.220132	Nonsyntenic
0.033629	0.0	0.697271	0.224307	Maize2
0.0648	0.003924	0.731286	0.177583	Maize2
0.015125	0.0	0.712368	0.181386	Maize2
0.036482	0.0	0.594928	0.103291	Maize2
0.066324	0.0	0.690765	0.229487	Maize2
0.041179	0.0	0.793616	0.148797	Maize2
0.022248	0.010193	0.749572	0.23368	Maize2
0.048935	0.001504	0.651817	0.125807	Maize2
0.038866	0.0	0.639149	0.173922	Maize2
0.048378	0.0	0.697731	0.176221	Maize2
0.022851	0.0	0.837695	0.215468	Maize2
0.014374	0.0	0.759138	0.184249	Maize2
0.033429	0.003075	0.671831	0.202525	Maize2
0.027921	0.016329	0.728482	0.262059	Maize2
0.069704	0.0	0.771611	0.244903	Maize2
0.03751	0.013747	0.647815	0.182605	Maize2
0.046331	0.0	0.718604	0.203442	Maize2
0.022108	0.000732	0.662195	0.146814	Maize2
0.064154	0.0	0.642733	0.189784	Maize2
0.065167	0.0	0.713133	0.168118	Maize2
0.057413	0.0	0.635383	0.268158	Maize2
0.031095	0.005839	0.662381	0.170238	Maize2
0.024089	0.0	0.723073	0.208786	Maize2
0.021248	0.019769	0.722149	0.188662	Maize2
0.041889	0.013743	0.725214	0.180457	Maize2
0.019612	0.0	0.648466	0.189278	Maize2
0.057692	0.005341	0.622257	0.206807	Maize2
0.050392	0.007759	0.76626	0.146682	Maize2
0.082884	0.001906	0.64668	0.191522	Maize2
0.071229	0.005225	0.728462	0.160539	Maize2
0.05477	0.0	0.645115	0.302076	Maize2
0.090866	0.0	0.772915	0.239121	Maize2
0.056742	0.002928	0.689997	0.166304	Maize2
0.085484	0.0	0.720953	0.252907	Maize2
0.111496	0.006511	0.532609	0.202788	Maize2
0.031964	0.010593	0.800921	0.179927	Maize2
0.08601	0.00627	0.687954	0.237915	Maize2
0.053186	0.0	0.735766	0.255903	Maize2
0.10024	0.01058	0.692965	0.278454	Maize2
0.047009	0.020856	0.665713	0.207858	Maize2
0.105147	0.020305	0.66449	0.176183	Maize2
0.073732	0.0	0.656892	0.183235	Maize2
0.125001	0.00724	0.615985	0.24944	Maize2
0.080686	0.002004	0.70881	0.212137	Maize2
0.055118	0.010048	0.604312	0.23517	Maize2
0.025339	0.008157	0.373796	0.126566	Maize2
0.052013	0.013307	0.686351	0.186645	Nonsyntenic
0.024854	0.017854	0.788003	0.204134	Nonsyntenic
0.095543	0.0	0.594419	0.313917	Maize2
0.126183	0.047056	0.576531	0.240507	Maize2
0.080367	0.0	0.701413	0.20982	Maize2
0.163358	0.026751	0.577329	0.211664	Maize2
0.063584	0.001068	0.616654	0.203953	Maize2
0.086991	0.000549	0.703568	0.27572	Nonsyntenic
0.094778	0.006029	0.622137	0.227515	Maize2
0.100682	0.0	0.682293	0.216972	Maize2
0.136688	0.004521	0.520136	0.206986	Maize2
0.088944	0.001956	0.60919	0.228067	Maize2
0.073845	0.001995	0.697711	0.141666	Maize2
0.095401	0.0	0.604976	0.165864	Maize2
0.078758	0.005103	0.745083	0.200678	Maize2
0.091233	0.00303	0.646178	0.23038	Maize2
0.069321	0.000552	0.666508	0.138808	Maize2
0.075517	0.007139	0.671694	0.252521	Maize2
0.088746	0.0	0.573265	0.199444	Maize2
0.116259	0.0	0.604404	0.217434	Maize2
0.05461	0.004329	0.706205	0.159572	Maize2
0.152492	0.021855	0.583105	0.168669	Maize2
0.088998	0.0	0.572721	0.197031	Nonsyntenic
0.110324	0.0	0.557751	0.208576	Maize2
0.107398	0.024945	0.547634	0.230029	Maize1
0.18754	0.005093	0.544165	0.23012	Maize1
0.079236	0.001625	0.651296	0.154097	Maize1
0.122565	0.040204	0.657444	0.206078	Maize1
0.078199	0.003468	0.744309	0.221276	Nonsyntenic
0.10285	0.002453	0.557459	0.168812	Maize1
0.063967	0.01523	0.526576	0.232195	Maize1
0.083717	0.006301	0.559462	0.174641	Maize1
0.082201	0.019105	0.636975	0.180706	Maize1
0.075694	0.005347	0.540201	0.179534	Maize1
0.121542	0.0	0.582795	0.232273	Maize1
0.123461	0.0	0.599584	0.194913	Nonsyntenic
0.103834	0.0	0.619027	0.102939	Nonsyntenic
0.113113	0.011176	0.700408	0.184737	Maize1
0.060796	0.007091	0.621462	0.204307	Maize1
0.079883	0.000594	0.690296	0.156082	Maize1
0.169263	0.01189	0.568868	0.211158	Maize1
0.200575	0.004917	0.609331	0.186929	Maize1
0.176765	0.021499	0.481831	0.190672	Maize1
0.083006	0.012139	0.443873	0.101255	Maize1
0.171833	0.018635	0.647384	0.160081	Maize1
0.166036	0.0	0.591358	0.238921	Maize1
0.095733	0.0	0.661275	0.184118	Maize1
0.12767	0.014207	0.59405	0.195754	Maize1
0.155038	0.0	0.533703	0.193118	Maize1
0.116729	0.010275	0.685479	0.233748	Maize1
0.088498	0.001449	0.507477	0.278122	Maize1
0.172958	0.00771	0.569716	0.234199	Maize1
0.10401	0.0	0.636848	0.253873	Maize1
0.098115	0.005364	0.558777	0.180713	Maize1
0.167378	0.0312	0.582332	0.201537	Maize1
0.162105	0.0	0.581819	0.203471	Maize1
0.152346	0.015757	0.615352	0.234546	Maize1
0.12319	0.007968	0.657912	0.247517	Maize1
0.113446	0.001114	0.534469	0.243522	Maize1
0.12386	0.006555	0.494034	0.167665	Maize1
0.155086	0.003005	0.555261	0.132371	Maize1
0.161966	0.031178	0.601381	0.124607	Maize1
0.214959	0.011448	0.533618	0.165064	Maize1
0.186669	0.013436	0.501966	0.16128	Maize1
0.143348	0.00491	0.639814	0.180583	Maize1
0.16933	0.007177	0.473134	0.204554	Maize1
0.198108	0.029753	0.593416	0.161657	Maize1
0.15231	0.006346	0.62415	0.247825	Maize1
0.178548	0.009249	0.61281	0.218347	Maize1
0.127308	0.003777	0.623696	0.190942	Maize1
0.023936	0.006852	0.634117	0.119878	Nonsyntenic
0.0	0.0	0.6814893	0.6182393	Nonsyntenic
0.075529	0.004143	0.644556	0.201586	Maize1
0.117398	0.032037	0.666898	0.160347	Maize1
0.221225	0.047057	0.613042	0.212954	Maize1
0.065286	0.001458	0.628744	0.181062	Maize1
0.118218	0.01134	0.634656	0.146428	Maize1
0.119994	0.0	0.613831	0.187049	Maize1
0.06744	0.006315	0.673795	0.189677	Maize1
0.122733	0.009889	0.65946	0.241049	Maize1
0.098295	0.002403	0.657411	0.237699	Maize1
0.10763	0.005832	0.67525	0.222415	Maize1
0.059392	0.001851	0.643435	0.197445	Maize1
0.064112	0.025218	0.68093	0.226021	Maize1
0.056784	0.008481	0.722737	0.198838	Maize1
0.056704	0.005062	0.765959	0.187759	Maize1
0.067526	0.009398	0.682522	0.165698	Maize1
0.114526	0.035478	0.549007	0.19544	Maize1
0.035605	0.002079	0.698011	0.18162	Maize1
0.05933	0.001932	0.750721	0.216997	Maize1
0.052207	0.0	0.553356	0.22149	Maize1
0.065448	0.002415	0.703165	0.186681	Maize1
0.096532	0.0	0.639587	0.177608	Maize1
0.023435	0.0	0.623983	0.25637	Maize1
0.045557	0.001689	0.634523	0.23039	Maize1
0.054045	0.008238	0.75044	0.211557	Maize1
0.059578	0.0162	0.687592	0.175158	Maize1
0.052714	0.008051	0.767385	0.212935	Maize1
0.042544	0.015136	0.730702	0.264812	Maize1
0.03178	0.0	0.703947	0.197667	Maize1
0.067532	0.003699	0.612143	0.148892	Maize1
0.069122	0.0	0.642726	0.190766	Maize1
0.053906	0.007351	0.680581	0.196069	Maize1
0.055068	0.003742	0.741438	0.105702	Maize1
0.034906	0.007419	0.690948	0.255676	Maize1
0.077548	0.0	0.720003	0.123052	Maize1
0.057408	0.0	0.661984	0.147674	Maize1
0.045085	0.0	0.637308	0.119769	Maize1
0.035402	0.0	0.635641	0.175666	Maize1
0.122472	0.0	0.597485	0.141793	Maize1
0.016273	0.0	0.708241	0.196592	Maize1
0.032499	0.0	0.733859	0.165025	Maize1
0.024533	0.0	0.580168	0.150733	Maize1
0.033629	0.00241	0.661258	0.185022	Maize1
0.032422	0.005742	0.631743	0.155768	Maize1
0.063409	0.001468	0.744708	0.127709	Maize1
0.058344	0.0	0.656923	0.164136	Maize1
0.039432	0.0	0.751809	0.118327	Maize1
0.118875	0.0	0.727338	0.230795	Maize1
0.043144	0.0	0.719943	0.229675	Maize1
0.035663	0.0	0.755745	0.130191	Nonsyntenic
0.039099	0.0	0.688326	0.184326	Nonsyntenic
0.021155	0.006328	0.645568	0.22825	Nonsyntenic
0.047707	0.0	0.714158	0.232196	Nonsyntenic
0.057651	0.001678	0.654917	0.184405	Maize1
0.056417	0.0	0.607282	0.170969	Maize1
0.013047	0.001824	0.69726	0.186546	Maize1
0.006418	0.000411	0.773833	0.163759	Maize1
0.020058	0.006227	0.75315	0.143871	Maize1
0.013364	0.000961	0.765217	0.091128	Nonsyntenic
0.020977	0.0	0.571608	0.150882	Nonsyntenic
0.004164	0.0	0.781344	0.239276	Nonsyntenic
0.0	0.0	0.74084	0.152684	Nonsyntenic
0.012862	0.0	0.752477	0.189362	Nonsyntenic
0.018523	0.0	0.793052	0.186725	Nonsyntenic
0.028765	0.0	0.852548	0.158359	Nonsyntenic
0.027847	0.0	0.735222	0.228992	Nonsyntenic
0.018766	0.0	0.817559	0.111903	Nonsyntenic
0.002705	0.0	0.826792	0.197788	Nonsyntenic
0.012019	0.0	0.852927	0.126264	Nonsyntenic
0.003679	0.0	0.772186	0.079138	Nonsyntenic
0.014184	0.0	0.752691	0.123974	Nonsyntenic
0.034346	0.006503	0.76688	0.185095	Nonsyntenic
0.027861	0.005464	0.728647	0.155027	Nonsyntenic
0.020754	0.0	0.826367	0.161296	Nonsyntenic
0.030628	0.0	0.682574	0.074598	Nonsyntenic
0.074339	0.0	0.772353	0.147524	Maize1
0.050643	0.0	0.687391	0.084451	Maize1
0.015121	0.0	0.737809	0.146912	Maize1
0.005455	0.0	0.798108	0.246393	Nonsyntenic
0.054382	0.0	0.695135	0.123008	Nonsyntenic
0.048386	0.012703	0.623862	0.196414	Nonsyntenic
0.04044	0.016514	0.738934	0.203838	Maize1
0.056573	0.0	0.664717	0.131796	Maize1
0.00572	0.0	0.711665	0.159159	Maize1
0.040069	0.0	0.655556	0.166027	Maize1
0.074916	0.0	0.582901	0.150848	Nonsyntenic
0.060395	0.0	0.633709	0.194435	Maize1
0.016603	0.009962	0.669572	0.1276	Maize1
0.111436	0.0	0.592985	0.197347	Maize1
0.047699	0.0	0.638482	0.145323	Maize1
0.034594	0.0	0.693072	0.126214	Maize1
0.018348	0.0	0.760903	0.179338	Maize1
0.133427	0.0	0.669761	0.154092	Maize1
0.033962	0.004979	0.622791	0.13518	Maize1
0.024792	0.009815	0.51817	0.120135	Maize1
0.025996	0.0	0.705619	0.150669	Maize1
0.019847	0.003906	0.653028	0.158868	Maize1
0.032324	0.0	0.710824	0.20598	Maize1
0.050165	0.0	0.65858	0.178444	Maize1
0.090481	0.032755	0.655242	0.198656	Maize1
0.040591	0.0	0.699553	0.136436	Maize1
0.053845	0.0	0.699913	0.219499	Maize1
0.052455	0.0	0.702607	0.125345	Maize1
0.037734	0.017351	0.657291	0.186153	Maize1
0.023163	0.009847	0.622294	0.121664	Maize1
0.070328	0.003838	0.709065	0.147062	Maize1
0.046085	0.004763	0.61383	0.215556	Maize1
0.026202	0.0	0.733114	0.199864	Maize1
0.0162	0.0	0.55724	0.214555	Maize1
0.047273	0.002903	0.583555	0.120442	Maize1
0.061727	0.0	0.61626	0.128411	Maize1
0.040553	0.0	0.666996	0.162194	Maize1
0.029656	0.007209	0.589994	0.195739	Maize1
0.066067	0.0	0.662424	0.179801	Maize1
0.075768	0.0	0.720416	0.213579	Maize1
0.0576	0.0	0.80081	0.202163	Maize1
0.020407	0.0	0.706323	0.198233	Maize1
0.031623	0.006539	0.715303	0.15166	Maize1
0.021285	0.014454	0.654569	0.214251	Maize1
0.05176	0.00648	0.699025	0.193019	Maize1
0.077865	0.009189	0.615263	0.092611	Maize1
0.035704	0.022532	0.610792	0.093737	Maize1
0.092208	0.010175	0.704929	0.236095	Maize1
0.104583	0.034423	0.703909	0.191293	Maize1
0.029174	0.004035	0.656034	0.197274	Maize1
0.062278	0.001384	0.679063	0.194367	Maize1
0.07017	0.0	0.697448	0.234277	Maize1
0.040962	0.001884	0.698209	0.220836	Maize1
0.064635	0.0	0.679603	0.196646	Maize1
0.040916	0.0	0.704168	0.267798	Maize1
0.041477	0.0	0.665354	0.210595	Maize1
0.094109	0.065146	0.746835	0.206391	Maize1
0.076187	0.014905	0.690346	0.259924	Maize1
0.047458	0.00409	0.666078	0.224158	Maize1
0.093915	0.003123	0.69551	0.16736	Maize1
0.075169	0.00503	0.586158	0.220929	Maize1
0.063873	0.009219	0.663435	0.218393	Maize1
0.08167	0.0	0.642479	0.196343	Maize1
0.098717	0.006893	0.58776	0.181631	Maize1
0.114472	0.001389	0.660675	0.187961	Maize1
0.159986	0.0	0.620013	0.176233	Maize1
0.093131	0.005564	0.640274	0.162246	Maize1
0.08381	0.002667	0.643638	0.18991	Maize1
0.107733	0.006316	0.665383	0.191829	Maize1
0.120161	0.010602	0.638365	0.202819	Maize1
0.065261	0.003527	0.722321	0.193926	Maize1
0.106038	0.008564	0.678328	0.223645	Maize1
0.137176	0.013177	0.62926	0.193165	Maize1
0.112601	0.001778	0.710537	0.162523	Maize1
0.138057	0.003369	0.631509	0.151745	Maize1
0.125134	0.00135	0.630968	0.287077	Maize1
0.13069	0.0	0.58321	0.212391	Maize1
0.12226	0.006029	0.680934	0.17874	Maize1
0.090988	0.002256	0.650702	0.152192	Maize1
0.123789	0.02589	0.539345	0.217662	Maize1
0.107862	0.004349	0.695666	0.185009	Maize1
0.147462	0.0	0.582911	0.158371	Maize1
0.134295	0.007843	0.635172	0.182167	Maize1
0.09062	0.002082	0.66334	0.210511	Maize1
0.139418	0.000666	0.560189	0.219159	Maize1
0.135155	0.013104	0.561277	0.190088	Maize1
0.091749	0.044099	0.644859	0.178769	Maize1
0.098714	0.035995	0.670481	0.225521	Maize1
0.112188	0.01585	0.599299	0.282295	Maize1
0.163778	0.0	0.6333	0.299707	Maize1
0.162535	0.0115	0.618733	0.27354	Maize1
0.187227	0.00411	0.543771	0.136507	Maize1
0.067857	0.021311	0.704072	0.232248	Maize1
0.223219	0.008054	0.516336	0.263943	Maize1
0.135435	0.002762	0.641175	0.167091	Maize1
0.088268	0.006597	0.69942	0.203826	Maize1
0.130368	0.010911	0.564797	0.197816	Maize1
0.142333	0.0	0.509406	0.202881	Maize1
0.143601	0.016041	0.673625	0.23615	Maize1
0.135085	0.003022	0.499865	0.128146	Maize1
0.150498	0.024578	0.593926	0.208884	Maize1
0.149183	0.056544	0.673948	0.271466	Maize1
0.256269	0.025441	0.521189	0.216833	Maize1
0.163479	0.004252	0.593559	0.163947	Maize1
0.18129	0.009782	0.474633	0.33283	Maize1
0.238488	0.030785	0.589297	0.200866	Maize1
0.210319	0.0	0.491685	0.176809	Maize1
0.095809	0.003834	0.62412	0.171358	Maize1
0.0264401	0.0032814	0.7821734	0.1997578	Nonsyntenic
0.097389	0.0	0.56654	0.250429	Maize2
0.072974	0.0	0.71247	0.200978	Maize2
0.081508	0.0	0.65619	0.117225	Maize2
0.111449	0.001482	0.624986	0.254862	Maize2
0.107204	0.012111	0.648013	0.116783	Maize2
0.138592	0.039999	0.607081	0.215726	Maize2
0.141044	0.0	0.566924	0.223463	Maize2
0.064451	0.004201	0.730314	0.175508	Maize2
0.133756	0.007108	0.554879	0.228211	Maize2
0.113386	0.097972	0.691757	0.255015	Maize2
0.056767	0.017362	0.703411	0.208548	Maize2
0.085081	0.005538	0.64927	0.179572	Maize2
0.053016	0.0	0.673031	0.258824	Maize2
0.110724	0.015623	0.674026	0.148893	Maize2
0.125156	0.003445	0.673636	0.226092	Maize2
0.097046	0.018186	0.687042	0.165734	Maize2
0.120472	0.039698	0.655389	0.197126	Maize2
0.145463	0.0	0.590973	0.290606	Maize2
0.073164	0.0	0.732319	0.189307	Maize2
0.116867	0.008745	0.731524	0.220677	Maize2
0.060065	0.0	0.715138	0.253543	Nonsyntenic
0.0734	0.0	0.675932	0.210857	Maize2
0.052542	0.0	0.671869	0.202731	Maize2
0.066136	0.0	0.65751	0.231821	Maize2
0.054101	0.006501	0.735465	0.201331	Maize2
0.121444	0.022772	0.750106	0.174437	Maize2
0.072736	0.0	0.774203	0.23374	Maize2
0.058157	0.0	0.644219	0.177861	Maize2
0.04171	0.003586	0.716706	0.194767	Maize2
0.062706	0.002001	0.720782	0.232989	Maize2
0.139354	0.0	0.663421	0.217575	Maize2
0.013068	0.0	0.511746	0.1534	Nonsyntenic
0.0	0.0	0.415626	0.100726	Nonsyntenic
0.026615	0.0	0.72031	0.179764	Maize2
0.02954	0.0	0.626954	0.252952	Maize2
0.024911	0.001035	0.640044	0.185403	Maize2
0.007592	0.0	0.616938	0.152448	Maize2
0.033418	0.005365	0.704932	0.187709	Maize2
0.0576	0.011462	0.682277	0.205425	Maize2
0.030778	0.0	0.65381	0.208697	Nonsyntenic
0.030081	0.0	0.666019	0.162364	Maize2
0.054901	0.0	0.737065	0.191594	Maize2
0.021317	0.0	0.692164	0.221493	Maize2
0.014519	0.0	0.777663	0.124886	Maize2
0.052721	0.0	0.649429	0.124064	Maize2
0.069844	0.0	0.695452	0.204423	Maize2
0.018696	0.0	0.647082	0.212013	Maize2
0.028479	0.0	0.743536	0.206741	Maize2
0.007012	0.0	0.827481	0.160585	Maize2
0.044663	0.0	0.729968	0.129894	Maize2
0.014434	0.0	0.563521	0.083073	Nonsyntenic
0.002363	0.0	0.576249	0.135374	Nonsyntenic
0.031019	0.0	0.719775	0.239322	Nonsyntenic
0.001744	0.0	0.757035	0.097127	Nonsyntenic
0.018665	0.0	0.728002	0.089059	Nonsyntenic
0.078833	0.0	0.693686	0.104282	Nonsyntenic
0.057469	0.0	0.651594	0.151175	Nonsyntenic
0.041278	0.0	0.713991	0.154919	Nonsyntenic
0.020106	0.0	0.689405	0.19936	Nonsyntenic
0.031454	0.0	0.678093	0.131567	Maize2
0.022408	0.0	0.655867	0.133931	Maize2
0.014726	0.0	0.749417	0.167207	Maize2
0.019157	0.0	0.775925	0.212059	Maize2
0.076869	0.0	0.699753	0.210119	Maize2
0.102729	0.018954	0.724023	0.277646	Maize2
0.024342	0.002532	0.661306	0.207756	Maize2
0.030456	0.0	0.792719	0.180695	Maize2
0.050385	0.000693	0.748255	0.187049	Maize2
0.070061	0.0	0.724237	0.138327	Maize2
0.051518	0.0	0.723916	0.136137	Maize2
0.03696	0.001626	0.693831	0.209481	Maize2
0.039098	0.0	0.722036	0.167173	Maize2
0.090018	0.022826	0.684742	0.21791	Maize2
0.043797	0.0	0.733621	0.21247	Maize2
0.10664	0.0394	0.68186	0.139829	Maize2
0.058551	0.0	0.664408	0.175087	Maize2
0.035386	0.00337	0.64867	0.148156	Maize2
0.061853	0.0	0.73265	0.147867	Maize2
0.040342	0.022647	0.787549	0.171082	Maize2
0.097112	0.0	0.7106	0.198176	Maize2
0.071785	0.0	0.708528	0.185659	Maize2
0.043676	0.0	0.698723	0.156996	Maize2
0.065743	0.0	0.560678	0.146918	Maize2
0.020953	0.0	0.693173	0.219679	Maize2
0.057703	0.0	0.675749	0.205267	Maize2
0.041907	0.0	0.688447	0.140049	Nonsyntenic
0.0573	0.006198	0.707793	0.154522	Nonsyntenic
0.044794	0.0	0.778113	0.182106	Maize2
0.034907	0.001212	0.753606	0.214997	Maize2
0.064947	0.000567	0.666081	0.183582	Maize2
0.058283	0.0	0.680862	0.178809	Maize2
0.032961	0.014196	0.734803	0.196213	Maize2
0.031846	0.0	0.612788	0.176696	Maize2
0.091255	0.0	0.62787	0.17473	Maize2
0.023045	0.0	0.754945	0.151036	Maize2
0.057154	0.0	0.691242	0.210525	Nonsyntenic
0.102509	0.036065	0.570965	0.277506	Nonsyntenic
0.058881	0.0	0.705695	0.14908	Maize2
0.06126	0.0	0.654034	0.156914	Maize2
0.087205	0.041827	0.749596	0.212137	Nonsyntenic
0.055755	0.0	0.781201	0.177192	Maize2
0.038559	0.007298	0.756413	0.243094	Maize2
0.047223	0.004375	0.770112	0.263677	Maize2
0.07631	0.0	0.617081	0.277213	Maize2
0.086796	0.0	0.703617	0.185655	Maize2
0.047718	0.005898	0.716107	0.141475	Maize2
0.068536	0.017826	0.666112	0.211276	Maize2
0.04829	0.0	0.678935	0.227771	Maize2
0.029112	0.004488	0.743492	0.182761	Maize2
0.10193	0.0	0.713033	0.203686	Maize2
0.075512	0.012657	0.712946	0.212733	Nonsyntenic
0.026699	0.0	0.749346	0.249598	Maize2
0.059811	0.00386	0.667244	0.17281	Nonsyntenic
0.04854	0.0	0.642385	0.150901	Maize2
0.041992	0.0	0.70701	0.158531	Maize2
0.073728	0.021842	0.579871	0.149781	Maize2
0.09803	0.0	0.62307	0.166908	Maize2
0.085706	0.0	0.617359	0.219935	Maize2
0.054209	0.0	0.702906	0.296058	Nonsyntenic
0.078785	0.0	0.746388	0.155892	Maize2
0.15235	0.0	0.645381	0.180321	Maize2
0.090669	0.001176	0.631876	0.167497	Maize2
0.069577	0.000771	0.666393	0.183482	Maize2
0.033586	0.004109	0.716119	0.178021	Maize2
0.084341	0.002886	0.562566	0.160479	Maize2
0.115557	0.0	0.686747	0.216218	Maize2
0.057142	0.006817	0.631221	0.231305	Maize2
0.083613	0.027921	0.636138	0.260538	Maize2
0.109928	0.0	0.619949	0.186507	Maize2
0.037864	0.0	0.692506	0.206585	Nonsyntenic
0.076712	0.0	0.649062	0.133396	Maize2
0.050657	0.005438	0.698276	0.163796	Maize2
0.063737	0.0	0.579319	0.203447	Maize2
0.105235	0.011909	0.665035	0.119619	Maize2
0.059493	0.0	0.613223	0.178137	Maize2
0.106221	0.0	0.645601	0.261839	Maize2
0.1017	0.013103	0.570064	0.224276	Maize2
0.077333	0.008634	0.656965	0.167039	Maize2
0.109208	0.007517	0.706806	0.342684	Maize2
0.076746	0.0	0.652848	0.22681	Maize2
0.08651	0.0	0.570872	0.118174	Maize2
0.121665	0.0	0.625477	0.162492	Maize2
0.075074	0.0	0.570844	0.148891	Maize2
0.081697	0.0	0.652814	0.193812	Maize2
0.098689	0.002667	0.639207	0.254156	Maize2
0.060866	0.0	0.744766	0.228339	Maize2
0.104026	0.017657	0.561253	0.261061	Maize2
0.060029	0.006612	0.681122	0.139445	Maize2
0.07565	0.003949	0.662965	0.195778	Maize2
0.118956	0.016664	0.623858	0.135865	Maize2
0.140545	0.01165	0.580853	0.200377	Maize2
0.062149	0.0	0.625295	0.228607	Maize2
0.082788	0.0	0.641089	0.178801	Maize2
0.118758	0.0	0.643253	0.203637	Maize2
0.192507	0.047671	0.591115	0.098153	Maize2
0.143665	0.002958	0.613035	0.189569	Maize2
0.097553	0.027226	0.749036	0.251623	Maize2
0.067218	0.011406	0.656487	0.223098	Maize2
0.075299	0.0	0.657851	0.232467	Maize2
0.180847	0.002946	0.680143	0.203802	Maize2
0.110724	0.024467	0.641631	0.225509	Maize2
0.137471	0.0	0.606926	0.213386	Maize2
0.132404	0.0	0.603788	0.221143	Maize2
0.05767	0.0	0.708583	0.203262	Maize2
0.171165	0.003183	0.621811	0.184498	Maize2
0.126314	0.007314	0.606617	0.264148	Maize2
0.172819	0.003008	0.541745	0.203616	Maize2
0.120149	0.000612	0.648998	0.253625	Maize2
0.156508	0.020958	0.663621	0.180903	Maize2
0.129264	0.003027	0.612069	0.151609	Maize2
0.138428	0.009289	0.477314	0.209617	Maize2
0.109565	0.001038	0.613164	0.142922	Maize2
0.180221	0.005479	0.50607	0.217758	Maize2
0.132615	0.034284	0.6399	0.198563	Maize2
0.121622	0.001146	0.537509	0.155202	Maize2
0.177186	0.0	0.435847	0.245707	Maize2
0.209774	0.016	0.432875	0.20188	Maize2
0.216902	0.0	0.533127	0.158979	Maize2
0.267749	0.003468	0.518099	0.195615	Maize2
0.177558	0.000759	0.53445	0.183992	Maize2
0.115944	0.006357	0.569351	0.124742	Maize2
0.0545023	0.011693	0.5904499	0.0674266	Nonsyntenic
0.093237	0.008553	0.559194	0.256351	Nonsyntenic
0.111506	0.006065	0.590918	0.193751	Maize1
0.079985	0.013038	0.652215	0.181278	Maize1
0.067715	0.0	0.617614	0.17153	Maize1
0.04387	0.0	0.586337	0.197641	Maize1
0.071461	0.0	0.602146	0.225693	Maize1
0.11239	0.016032	0.585745	0.170532	Maize1
0.078366	0.016197	0.609283	0.217083	Maize1
0.061552	0.002688	0.592228	0.203518	Maize1
0.121749	0.005404	0.534282	0.22233	Maize1
0.103041	0.002273	0.558037	0.161575	Maize1
0.091795	0.001917	0.711808	0.156193	Maize1
0.112928	0.014226	0.662543	0.231955	Maize1
0.078915	0.0	0.666489	0.192712	Maize1
0.116239	0.014298	0.612451	0.262163	Maize1
0.115389	0.0	0.68094	0.264538	Maize1
0.118785	0.008686	0.609449	0.132269	Maize1
0.095418	0.028448	0.613156	0.155984	Maize1
0.154951	0.005112	0.636413	0.178158	Maize1
0.146569	0.030198	0.745809	0.120987	Maize1
0.119055	0.013171	0.60091	0.232555	Maize1
0.056099	0.003122	0.654394	0.214729	Maize1
0.066838	0.004511	0.66117	0.214808	Maize1
0.065753	0.011237	0.620662	0.164682	Maize1
0.088155	0.0	0.775834	0.253144	Maize1
0.088134	0.0	0.712812	0.219518	Maize1
0.060399	0.003619	0.65396	0.145707	Maize1
0.066891	0.006701	0.71363	0.233324	Maize1
0.103264	0.0	0.772523	0.216098	Maize1
0.051993	0.0	0.698319	0.227394	Nonsyntenic
0.053699	0.0	0.728348	0.201168	Nonsyntenic
0.046382	0.002549	0.60691	0.183108	Maize1
0.059512	0.003367	0.688985	0.16746	Maize1
0.046915	0.011844	0.631987	0.212315	Maize1
0.040086	0.006262	0.655656	0.179696	Maize1
0.055385	0.004278	0.564211	0.177999	Maize1
0.104711	0.0	0.669921	0.14524	Maize1
0.062833	0.0	0.678331	0.21142	Maize1
0.048677	0.002428	0.631629	0.121676	Maize1
0.030067	0.0	0.581093	0.078281	Maize1
0.02448	0.0	0.657663	0.137775	Maize1
0.015532	0.0	0.686997	0.119651	Maize1
0.040991	0.015586	0.703338	0.209509	Maize1
0.070421	0.013031	0.716266	0.160337	Maize1
0.035142	0.001488	0.68097	0.142751	Maize1
0.085974	0.001789	0.668399	0.210035	Maize1
0.044596	0.001116	0.593807	0.153736	Maize1
0.081897	0.0	0.610864	0.188619	Maize1
0.033251	0.0	0.698933	0.136201	Maize1
0.093173	0.0	0.681877	0.178588	Maize1
0.053839	0.0	0.675205	0.109185	Maize1
0.051938	0.0	0.729464	0.162339	Nonsyntenic
0.007199	0.0	0.713808	0.137175	Nonsyntenic
0.048078	0.006627	0.806315	0.148819	Nonsyntenic
0.006085	0.0	0.823348	0.152945	Nonsyntenic
0.029014	0.0	0.839659	0.100826	Maize1
0.006355	0.0	0.785138	0.17011	Maize1
0.03629	0.0	0.775192	0.120406	Maize1
0.131975	0.0	0.60452	0.109967	Maize1
0.003273	0.0	0.775961	0.154018	Maize1
0.016009	0.001143	0.697926	0.197618	Maize1
0.034393	0.0	0.685926	0.140975	Maize1
0.008729	0.005024	0.701341	0.209152	Maize1
0.040946	0.0	0.734116	0.135983	Maize1
0.020282	0.0	0.658155	0.125755	Maize1
0.03152	0.0	0.630473	0.243296	Maize1
0.010403	0.001311	0.655298	0.152062	Maize1
0.020329	0.015609	0.646063	0.149122	Maize1
0.028527	0.013041	0.638819	0.218478	Maize1
0.017754	0.0	0.669215	0.216333	Maize1
0.02608	0.004629	0.642318	0.249969	Nonsyntenic
0.061147	0.0	0.70164	0.224633	Maize1
0.064226	0.0	0.663333	0.175227	Maize1
0.057398	0.0	0.681236	0.146084	Maize1
0.010229	0.0	0.637626	0.146798	Maize1
0.000531	0.0	0.058737	0.028427	Maize1
0.048167	0.011054	0.750699	0.185348	Maize1
0.065621	0.0	0.550009	0.151384	Maize1
0.018192	0.0	0.707317	0.27768	Maize1
0.032676	0.002385	0.663143	0.176097	Maize1
0.032627	0.004773	0.729334	0.125675	Maize1
0.039175	0.0093	0.757383	0.119926	Maize1
0.019736	0.001394	0.727988	0.195819	Maize1
0.008961	0.0	0.639867	0.246789	Maize1
0.050064	0.0	0.741083	0.116969	Maize1
0.020962	0.0	0.668079	0.184236	Maize1
0.04556	0.0	0.691563	0.061935	Maize1
0.029168	0.0	0.666789	0.160252	Maize1
0.026039	0.0	0.697642	0.209331	Maize1
0.042828	0.0	0.618934	0.11898	Maize1
0.050374	0.001419	0.641484	0.188011	Maize1
0.055901	0.002904	0.669886	0.125453	Maize1
0.05556	0.014376	0.621703	0.097743	Maize1
0.056251	0.022521	0.664936	0.226396	Maize1
0.057489	0.003641	0.745768	0.134848	Maize1
0.077263	0.0	0.75006	0.26157	Maize1
0.082752	0.0	0.764352	0.19118	Maize1
0.080113	0.0	0.651629	0.236046	Maize1
0.045438	0.00288	0.697057	0.209159	Maize1
0.045749	0.0	0.769331	0.168243	Maize1
0.064358	0.001659	0.663043	0.165531	Maize1
0.020576	0.001107	0.706405	0.204589	Maize1
0.070975	0.013833	0.647948	0.108406	Maize1
0.09708	0.008417	0.617131	0.258585	Maize1
0.073751	0.012373	0.7112	0.236646	Maize1
0.071383	0.0	0.50391	0.18843	Maize1
0.066566	0.016236	0.647563	0.200062	Maize1
0.049577	0.009956	0.664918	0.193389	Maize1
0.107907	0.016361	0.649484	0.162281	Maize1
0.050092	0.0	0.700212	0.211579	Maize1
0.052057	0.002343	0.689514	0.068156	Maize1
0.060743	0.003204	0.686184	0.228061	Maize1
0.038217	0.0	0.761561	0.250586	Maize1
0.090864	0.0	0.634636	0.216908	Maize1
0.03267	0.000705	0.721526	0.205735	Maize1
0.080133	0.013207	0.633007	0.248104	Maize2
0.110186	0.0	0.689382	0.251037	Maize2
0.147393	0.004517	0.574425	0.259206	Maize2
0.051023	0.015896	0.732999	0.15174	Maize2
0.078142	0.013648	0.658157	0.199325	Maize2
0.086805	0.00294	0.596175	0.234542	Maize2
0.079781	0.00312	0.632944	0.188243	Maize2
0.090437	0.030843	0.665612	0.199987	Maize2
0.058591	0.004236	0.720136	0.154418	Maize2
0.067229	0.0	0.680689	0.250672	Maize2
0.069726	0.0	0.718118	0.203752	Maize2
0.110562	0.001746	0.598306	0.259934	Maize2
0.088824	0.0	0.562315	0.193395	Maize2
0.085583	0.019456	0.74608	0.282724	Maize2
0.126011	0.050861	0.70751	0.164957	Maize2
0.147201	0.0	0.615213	0.173544	Maize2
0.085041	0.0	0.696373	0.198112	Maize2
0.101794	0.0	0.718462	0.189502	Maize2
0.097284	0.0	0.688962	0.252751	Maize2
0.078144	0.002727	0.654848	0.173479	Maize2
0.051949	0.000465	0.651167	0.155825	Maize2
0.157765	0.0	0.592037	0.216394	Maize2
0.09214	0.015213	0.632036	0.29932	Maize2
0.05686	0.00543	0.74395	0.268923	Maize2
0.146422	0.0	0.602854	0.197717	Maize2
0.133918	0.005048	0.62943	0.162772	Maize2
0.133569	0.008535	0.653533	0.194576	Maize2
0.11652	0.002796	0.601435	0.176533	Maize2
0.1195	0.0	0.638643	0.214207	Maize2
0.191937	0.007167	0.584639	0.120717	Maize2
0.129258	0.012095	0.524487	0.197984	Maize2
0.118712	0.0	0.694994	0.123943	Maize2
0.113877	0.00314	0.611139	0.227739	Maize2
0.164162	0.008062	0.643515	0.237496	Maize2
0.120741	0.000942	0.618252	0.206927	Maize2
0.224403	0.008636	0.585019	0.206607	Maize2
0.081021	0.013828	0.691661	0.245255	Maize2
0.12316	0.018876	0.60605	0.272149	Maize2
0.122696	0.015064	0.543034	0.170769	Maize2
0.197396	0.012438	0.457348	0.149518	Maize2
0.188623	0.006925	0.539578	0.162821	Maize2
0.217175	0.0	0.486837	0.180317	Maize2
0.226544	0.01064	0.468069	0.122119	Maize2
0.206498	0.002572	0.547904	0.246207	Maize2
0.1348265	0.0	0.6635138	0.1975806	Maize2
0.089983	0.01612	0.65754	0.154388	Maize1
0.164473	0.019528	0.667909	0.253273	Maize1
0.126114	0.040757	0.603513	0.176419	Maize1
0.155494	0.106573	0.689812	0.171168	Maize1
0.147612	0.018652	0.70098	0.19089	Maize1
0.107805	0.013505	0.642997	0.22771	Maize1
0.089923	0.035988	0.719645	0.195456	Maize1
0.092088	0.05784	0.780803	0.09921	Maize1
0.071348	0.0	0.742235	0.207286	Maize1
0.103859	0.008985	0.701413	0.139435	Maize1
0.107138	0.005459	0.615421	0.171352	Maize1
0.04103	0.007829	0.639521	0.222583	Maize1
0.065604	0.003326	0.726246	0.202534	Nonsyntenic
0.099733	0.0	0.68686	0.274508	Maize1
0.015554	0.002866	0.682147	0.169227	Maize1
0.068362	0.006152	0.663041	0.190025	Nonsyntenic
0.068493	0.00862	0.709352	0.120465	Maize1
0.048397	0.004509	0.682409	0.13159	Maize1
0.087118	0.0	0.565387	0.156854	Maize1
0.039351	0.002816	0.629087	0.090645	Maize1
0.093558	0.0	0.656898	0.14858	Nonsyntenic
0.075628	0.0	0.71783	0.152965	Maize1
0.048275	0.001433	0.679309	0.265186	Nonsyntenic
0.080602	0.0	0.66221	0.14487	Maize1
0.029037	0.0	0.664709	0.201089	Maize1
0.037109	0.001263	0.552015	0.194974	Maize1
0.065914	0.000954	0.75129	0.167489	Maize1
0.053082	0.019107	0.754283	0.213569	Maize1
0.017876	0.0	0.70867	0.145541	Maize1
0.011174	0.0	0.743509	0.211937	Maize1
0.030473	0.005768	0.684003	0.26488	Maize1
0.024011	0.0	0.691239	0.162668	Maize1
0.02626	0.0	0.693629	0.159506	Maize1
0.012952	0.0	0.83651	0.13223	Maize1
0.042981	0.0	0.736071	0.15173	Maize1
0.047881	0.0	0.631768	0.17917	Maize1
0.027025	0.0	0.759543	0.195414	Maize1
0.031122	0.020436	0.717535	0.176315	Maize1
0.072059	0.0	0.678825	0.200999	Maize1
0.043263	0.0	0.673093	0.161978	Maize1
0.036474	0.0	0.673857	0.10837	Nonsyntenic
0.023594	0.0	0.813078	0.159535	Maize1
0.010147	0.0	0.732255	0.152187	Maize1
0.013822	0.0	0.833074	0.14593	Maize1
0.008879	0.0	0.763743	0.153492	Maize1
0.002915	0.0	0.758335	0.186603	Maize1
0.021257	0.0	0.70758	0.159881	Maize1
0.00141	0.0	0.777664	0.128959	Maize1
0.026677	0.0	0.769024	0.209311	Nonsyntenic
0.015135	0.0	0.670313	0.14305	Nonsyntenic
0.021751	0.0	0.639788	0.09312	Nonsyntenic
0.036032	0.0	0.680438	0.18802	Nonsyntenic
0.023978	0.0	0.659428	0.121264	Nonsyntenic
0.016615	0.0	0.617603	0.199371	Maize1
0.044986	0.0	0.654578	0.142015	Maize1
0.017902	0.0	0.741066	0.126933	Maize1
0.050843	0.020524	0.723254	0.263606	Maize1
0.005693	0.0	0.770093	0.207485	Maize1
0.062072	0.0	0.708972	0.255522	Maize1
0.04528	0.000898	0.643103	0.21602	Maize1
0.018159	0.00109	0.687241	0.167729	Maize1
0.033156	0.0	0.739595	0.120509	Maize1
0.029578	0.001787	0.660661	0.205777	Maize1
0.029978	0.0	0.710905	0.194624	Maize1
0.109687	0.0	0.612564	0.191764	Maize1
0.072406	0.0	0.705696	0.271184	Maize1
0.019013	0.002142	0.687512	0.116513	Maize1
0.01625	0.0	0.744317	0.180154	Maize1
0.048966	0.006494	0.605408	0.25611	Maize1
0.041283	0.0	0.735481	0.165554	Maize1
0.062337	0.0	0.714286	0.113991	Maize1
0.033619	0.001638	0.708331	0.156015	Maize1
0.037976	0.002474	0.708375	0.213927	Maize1
0.027427	0.01142	0.479443	0.127711	Maize1
0.054193	0.0	0.708311	0.186363	Maize1
0.046244	0.0	0.691758	0.207271	Maize1
0.044665	0.0	0.629024	0.262408	Maize1
0.036756	0.001346	0.749298	0.172477	Maize1
0.043628	0.005511	0.684834	0.288757	Maize1
0.060856	0.01179	0.71613	0.243099	Maize1
0.096343	0.007952	0.705994	0.159229	Maize1
0.088632	0.014338	0.731532	0.20724	Maize1
0.051283	0.018508	0.608264	0.241414	Maize1
0.084747	0.040627	0.770131	0.275691	Maize1
0.084667	0.0	0.698771	0.17939	Maize1
0.05763	0.012618	0.570416	0.226028	Maize1
0.038852	0.018056	0.808366	0.24447	Maize1
0.033048	0.003118	0.626186	0.23783	Maize1
0.070166	0.003711	0.694094	0.183452	Maize1
0.06835	0.001031	0.708582	0.19439	Maize1
0.090411	0.00486	0.706846	0.179012	Maize1
0.064997	0.004418	0.623175	0.17095	Nonsyntenic
0.008047	0.0	0.669561	0.164257	Maize2
0.041409	0.000624	0.603013	0.153511	Maize2
0.030076	0.002442	0.659208	0.240727	Maize2
0.07825	0.0	0.675409	0.184648	Maize2
0.084046	0.02064	0.633903	0.165872	Maize2
0.083464	0.019584	0.721949	0.193884	Nonsyntenic
0.050817	0.0	0.637251	0.216142	Nonsyntenic
0.094732	0.00272	0.57041	0.153399	Nonsyntenic
0.089242	0.00593	0.592719	0.167139	Maize2
0.123288	0.0	0.551671	0.188973	Maize2
0.07852	0.0	0.657792	0.197053	Nonsyntenic
0.040498	0.0	0.678821	0.176461	Maize2
0.075254	0.0	0.679074	0.136065	Nonsyntenic
0.181938	0.0	0.575366	0.166476	Nonsyntenic
0.100087	0.008567	0.605826	0.218234	Maize2
0.046548	0.0	0.624279	0.235598	Maize2
0.092157	0.026121	0.632118	0.128711	Maize2
0.038173	0.0	0.686022	0.238973	Maize2
0.073212	0.000714	0.665806	0.247733	Maize2
0.082382	0.030835	0.723365	0.329349	Maize2
0.084303	0.0	0.63343	0.197693	Maize2
0.070031	0.001534	0.60045	0.136845	Maize2
0.06907	0.001337	0.654943	0.246929	Maize2
0.047301	0.005149	0.629558	0.173652	Maize2
0.061308	0.036315	0.714037	0.158167	Maize2
0.038901	0.0	0.621475	0.257792	Maize2
0.088268	0.0	0.703961	0.238377	Maize2
0.097475	0.0	0.669883	0.183526	Maize2
0.086406	0.023078	0.605977	0.254875	Maize2
0.073701	0.018865	0.678546	0.206934	Maize2
0.089416	0.017887	0.651947	0.178682	Maize2
0.050854	0.025706	0.646398	0.295897	Maize2
0.092709	0.034596	0.697692	0.163692	Maize2
0.098821	0.0	0.654103	0.140436	Maize2
0.126891	0.0069	0.67311	0.172392	Maize2
0.111669	0.0	0.700621	0.185207	Maize2
0.089949	0.000804	0.60661	0.199986	Maize2
0.142489	0.0	0.633845	0.233905	Maize2
0.112451	0.004842	0.629655	0.195645	Maize2
0.166073	0.023143	0.555725	0.252784	Maize2
0.040982	0.009564	0.748582	0.18564	Maize2
0.136287	0.027001	0.591518	0.204124	Maize2
0.12673	0.0	0.563642	0.154263	Maize2
0.138379	0.0	0.606078	0.22021	Maize2
0.11394	0.002609	0.633954	0.185994	Maize2
0.09718	0.0	0.715464	0.163656	Maize2
0.142731	0.0	0.621313	0.229228	Maize2
0.1449	0.005083	0.581202	0.141536	Maize2
0.099576	0.017312	0.55559	0.286816	Maize2
0.100097	0.001996	0.62559	0.201449	Maize2
0.193357	0.001699	0.560356	0.1784	Maize2
0.172233	0.0	0.58143	0.226108	Maize2
0.156506	0.017147	0.638085	0.158086	Maize2
0.15951	0.004928	0.560081	0.196488	Maize2
0.132893	0.003487	0.560375	0.201419	Maize2
0.172407	0.024363	0.565622	0.170275	Maize2
0.223187	0.006108	0.602472	0.187574	Maize2
0.208024	0.001476	0.535487	0.168426	Maize2
0.0909505	0.0	0.6530336	0.208977	Maize2
